0 0.4890625 0.503125 0.33828125 0.31875
6 0.290625 0.24453125 0.221875 0.253125
6 0.04765625 0.30859375 0.0953125 0.20234375
6 0.03671875 0.540625 0.06875 0.178125
6 0.17421875 0.8046875 0.29765625 0.2140625
6 0.290625 0.921875 0.23515625 0.15625
6 0.56640625 0.90546875 0.259375 0.178125
6 0.5703125 0.9609375 0.175 0.078125
6 0.8390625 0.65390625 0.32109375 0.21640625
6 0.80625 0.83828125 0.32109375 0.21484375
6 0.96640625 0.834375 0.0671875 0.246875
6 0.8828125 0.97578125 0.234375 0.0484375
6 0.7703125 0.415625 0.22109375 0.2546875
6 0.9140625 0.234375 0.171875 0.21640625
6 0.953125 0.4765625 0.09375 0.190625
6 0.75546875 0.05078125 0.2828125 0.10078125
6 0.9328125 0.059375 0.13359375 0.11796875
6 0.4890625 0.1 0.265625 0.19921875
6 0.09296875 0.10859375 0.18125 0.15859375
6 0.240625 0.05546875 0.2171875 0.11015625