6 0.19276041666666666 0.31035879629629626 0.2323090277777778 0.26380787037037035
6 0.3559375 0.19901041666666666 0.25210069444444444 0.18299189814814815
6 0.7725347222222222 0.15558449074074074 0.3157465277777778 0.21201388888888886
6 0.9143402777777778 0.2971064814814815 0.14909722222222221 0.1979166666666666
6 0.7032812500000001 0.4686168981481481 0.2508333333333333 0.20708912037037042
6 0.9064409722222223 0.6326793981481481 0.1336458333333333 0.16593750000000007
6 0.7163888888888889 0.7524363425925926 0.23895833333333324 0.18542824074074069
6 0.8775347222222223 0.9147800925925924 0.16270833333333315 0.08326388888888872
6 0.6186111111111111 0.9180729166666666 0.1604861111111111 0.10341435185185191
0 0.44032986111111116 0.5274594907407407 0.2738194444444444 0.3384490740740741
6 0.056974826388888886 0.7749363425925926 0.11394965277777777 0.17115162037037024
6 0.07979166666666666 0.5569386574074074 0.15958333333333333 0.1927488425925926
6 0.22177083333333333 0.9027951388888888 0.20270833333333335 0.1765335648148149
6 0.43024305555555553 0.8421006944444445 0.21970486111111107 0.19066550925925937
6 0.037343749999999995 0.9400115740740741 0.07468749999999999 0.11997685185185177
6 0.40114583333333337 0.03761140046296296 0.29142361111111104 0.07522280092592593