0 0.5071180555555556 0.5080208333333334 0.418605324074074 0.4569444444444445
6 0.1615162037037037 0.6211979166666667 0.27809606481481486 0.22217013888888887
6 0.28828125 0.8957118055555556 0.20376157407407405 0.19468749999999985
6 0.4970486111111111 0.8911284722222221 0.22685185185185192 0.18635416666666665
6 0.938136574074074 0.61265625 0.12372685185185191 0.232951388888889
6 0.8292534722222221 0.4373611111111112 0.2166956018518519 0.22802083333333342
6 0.8777922453703704 0.22218749999999998 0.24441550925925917 0.23114583333333333
6 0.6085358796296296 0.10184461805555556 0.20358796296296297 0.20368923611111112
6 0.2315104166666667 0.37706597222222216 0.21837384259259257 0.3154513888888889
6 0.07685185185185185 0.2790798611111111 0.14065393518518518 0.2386805555555555
6 0.1467013888888889 0.10005208333333333 0.22777777777777777 0.20010416666666667
6 0.043200231481481485 0.7649652777777778 0.03689236111111112 0.19585069444444442
6 0.02905092592592593 0.5097048611111111 0.029456018518518513 0.2477777777777778
6 0.91484375 0.009687499999999998 0.1703125 0.019374999999999996
6 0.9796947337962962 0.8578993055555555 0.04061053240740762 0.20078125