0 0.5180497685185185 0.5276620370370371 0.32543402777777786 0.3790393518518519
6 0.9343460648148149 0.6652430555555556 0.13130787037037023 0.24347222222222237
6 0.8607696759259259 0.7121064814814815 0.2080844907407407 0.2125115740740739
6 0.8793764467592592 0.4927546296296296 0.24124710648148168 0.17859953703703707
6 0.793900462962963 0.2802719907407408 0.2234664351851853 0.18293402777777779
6 0.5710185185185186 0.2780613425925926 0.2107870370370371 0.19240162037037037
6 0.4067013888888889 0.10754050925925926 0.2735590277777778 0.1870891203703704
6 0.1507696759259259 0.08648148148148148 0.19528935185185184 0.16745370370370372
6 0.11567129629629629 0.32221064814814815 0.20486689814814812 0.2107870370370371
6 0.13978009259259258 0.7027604166666667 0.211087962962963 0.2500520833333333
6 0.37244212962962964 0.8962962962962961 0.2555208333333333 0.13241319444444458
6 0.3394965277777778 0.8003472222222221 0.22611689814814806 0.14880208333333336
6 0.34668402777777774 0.9390726273148149 0.2730787037037037 0.1218547453703703
6 0.9771759259259258 0.9819270833333335 0.045648148148148236 0.03614583333333314
6 0.9177546296296295 0.08341435185185186 0.16124421296296276 0.0792361111111111
6 0.7544270833333333 0.07416666666666669 0.17912037037037026 0.07860532407407408