6 0.6981018518518518 0.6866956018518519 0.20436921296296298 0.2244212962962962
6 0.8165740740740741 0.3779398148148148 0.2548611111111111 0.19472222222222219
5 0.11773148148148146 0.44332175925925926 0.09163194444444445 0.09864004629629619
5 0.6471122685185186 0.952841435185185 0.05788773148148145 0.06878472222222243
0 0.48278935185185184 0.49013888888888885 0.33690972222222226 0.34221064814814817
5 0.18693287037037037 0.04153935185185185 0.06832175925925928 0.07377314814814814
6 0.8935069444444445 0.05699652777777777 0.2129398148148148 0.0663599537037037
6 0.9887557870370369 0.1005150462962963 0.022303240740740905 0.13947916666666665
6 0.9557118055555556 0.6317187499999999 0.029965277777777643 0.2161342592592593
6 0.8221643518518519 0.9291261574074074 0.25659722222222214 0.14174768518518518
6 0.47965277777777776 0.9294791666666666 0.26219907407407417 0.14104166666666665
6 0.19230324074074073 0.8968229166666667 0.19375 0.20635416666666656
6 0.2592939814814815 0.8278703703703704 0.20524305555555555 0.22600694444444436
6 0.06268518518518519 0.7539699074074073 0.12537037037037038 0.2548148148148147
6 0.044201388888888894 0.940625 0.08840277777777779 0.11875
6 0.1914351851851852 0.5730729166666666 0.2171875 0.21700231481481486
6 0.12171296296296297 0.1648263888888889 0.21732638888888892 0.2193460648148148
6 0.02267361111111111 0.11397569444444444 0.04534722222222222 0.17638888888888887
6 0.3447395833333333 0.05951967592592593 0.23000578703703703 0.10429976851851852
6 0.0625 0.010445601851851852 0.125 0.020891203703703703