0 0.46328125 0.54609375 0.39296875 0.35703125
6 0.18828125 0.365625 0.21015625 0.1859375
6 0.11328125 0.16640625 0.21328125 0.165625
6 0.55 0.1375 0.20234375 0.1890625
6 0.753125 0.1203125 0.2046875 0.2390625
6 0.64765625 0.3171875 0.2234375 0.19921875
6 0.93046875 0.2875 0.1390625 0.228125
6 0.984375 0.46328125 0.03125 0.0984375
6 0.78984375 0.5828125 0.25625 0.16796875
6 0.909375 0.73359375 0.18125 0.16640625
6 0.98359375 0.8765625 0.0328125 0.1546875
6 0.84375 0.93125 0.20625 0.13671875
6 0.696875 0.77890625 0.18515625 0.20234375
6 0.33828125 0.828125 0.25234375 0.2265625
6 0.4546875 0.828125 0.2328125 0.18359375
6 0.09296875 0.92109375 0.175 0.15703125
6 0.23515625 0.9484375 0.21015625 0.10234375
6 0.05234375 0.69765625 0.096875 0.23359375
6 0.0375 0.43828125 0.0671875 0.21484375
6 0.815625 0.375 0.234375 0.22265625