5 0.9155150462962963 0.27991319444444446 0.13488425925925931 0.1178587962962963
5 0.7378877314814816 0.08134259259259259 0.10938078703703695 0.1217824074074074
5 0.05164351851851852 0.026574074074074073 0.08421296296296296 0.052407407407407416
0 0.47413194444444445 0.5305787037037037 0.3633217592592592 0.31413773148148144
6 0.6620717592592593 0.7928472222222223 0.29344907407407417 0.2668344907407409
6 0.7691435185185185 0.4915798611111112 0.29557870370370376 0.30277199074074074
6 0.638454861111111 0.2537037037037037 0.2611747685185186 0.23546296296296293
6 0.4727372685185185 0.1447048611111111 0.2953703703703704 0.2466145833333333
6 0.21146412037037038 0.1690509259259259 0.23660300925925926 0.26826967592592593
6 0.051591435185185185 0.21565972222222224 0.10318287037037037 0.2750694444444445
6 0.04794560185185186 0.6948900462962964 0.09589120370370371 0.24915509259259264
6 0.23875000000000002 0.7255208333333333 0.2612789351851852 0.2635416666666666
6 0.4092534722222222 0.9166087962962962 0.27686921296296296 0.16678240740740763
6 0.8798090277777778 0.6975578703703704 0.18010416666666665 0.3282060185185184