6 0.28984375 0.67265625 0.1828125 0.21015625
6 0.19453125 0.37421875 0.2328125 0.1796875
5 0.85703125 0.45625 0.08203125 0.0921875
5 0.3234375 0.9296875 0.0515625 0.0640625
0 0.50625 0.49140625 0.303125 0.31875
5 0.815625 0.06484375 0.059375 0.0796875
6 0.13203125 0.046875 0.2171875 0.09375
6 0.0265625 0.1046875 0.053125 0.13203125
6 0.028125 0.61328125 0.05546875 0.20625
6 0.14921875 0.91875 0.25390625 0.16171875
6 0.4859375 0.92421875 0.2421875 0.1515625
6 0.76328125 0.89765625 0.171875 0.2046875
6 0.7 0.8203125 0.18359375 0.2109375
6 0.91953125 0.7578125 0.1609375 0.2375
6 0.93125 0.94140625 0.1375 0.1171875
6 0.77890625 0.578125 0.19609375 0.20234375
6 0.86875 0.18984375 0.19609375 0.2046875
6 0.975 0.14453125 0.05 0.1671875
6 0.66484375 0.065625 0.21328125 0.13125
6 0.93671875 0.0265625 0.1234375 0.053125