0 0.47462384259259255 0.4532349537037037 0.33038194444444446 0.32064814814814824
5 0.2769965277777778 0.36853587962962964 0.08142361111111107 0.09060763888888879
5 0.9026909722222222 0.6629571759259258 0.09901620370370381 0.1389930555555555
6 0.048755787037037035 0.8140393518518518 0.09751157407407407 0.18442129629629633
6 0.021223958333333327 0.7249537037037037 0.042447916666666655 0.11649884259259266
6 0.13402777777777777 0.6701273148148148 0.16802662037037042 0.11455439814814809
6 0.20023148148148148 0.5958738425925926 0.18313078703703703 0.15035879629629623
6 0.219068287037037 0.47815972222222225 0.1642939814814815 0.15872106481481474
6 0.12643229166666667 0.34210069444444446 0.25286458333333334 0.13607638888888882
6 0.2165509259259259 0.22847222222222224 0.1990162037037037 0.20721643518518515
6 0.07479745370370369 0.14052083333333334 0.14959490740740738 0.15958333333333333
6 0.1486689814814815 0.037280092592592594 0.17141203703703703 0.07456018518518519
6 0.03275462962962963 0.0359375 0.06550925925925925 0.071875
6 0.5167824074074074 0.05748842592592592 0.18518518518518512 0.11497685185185184
6 0.6603587962962962 0.03479890046296296 0.16287615740740743 0.06959780092592592
6 0.8141782407407409 0.04178530092592593 0.1239293981481481 0.08357060185185186
6 0.9387152777777779 0.002934027777777776 0.12256944444444429 0.005868055555555552
6 0.947482638888889 0.09798177083333333 0.10289351851851833 0.19596354166666666
6 0.9014467592592592 0.24899305555555556 0.16793981481481451 0.20793981481481483
6 0.694039351851852 0.5905034722222222 0.20431134259259273 0.1841435185185185
6 0.8933738425925926 0.4735474537037037 0.15052083333333321 0.20392361111111104
6 0.43862847222222223 0.8551215277777778 0.22838541666666662 0.2149652777777778
6 0.6346064814814815 0.909554398148148 0.23611111111111108 0.11964120370370353
6 0.19560185185185183 0.9105266203703704 0.18197337962962962 0.155746527777778
6 0.07280092592592592 0.9447974537037037 0.14560185185185184 0.10538194444444429
6 0.40902777777777777 0.9290335648148147 0.23645833333333338 0.10331597222222229
6 0.5069155092592592 0.2274247685185185 0.19441550925925935 0.17662615740740736
6 0.70625 0.19451967592592592 0.20923032407407405 0.2085243055555556