6 0.7728298611111111 0.39140625 0.2477430555555557 0.2432291666666666
6 0.717013888888889 0.253587962962963 0.262037037037037 0.25
6 0.22161458333333334 0.23289930555555555 0.24667245370370372 0.23538773148148148
6 0.22123842592592596 0.4544560185185185 0.27777777777777785 0.2537037037037038
6 0.07010995370370371 0.3131076388888889 0.12540509259259258 0.22621527777777778
6 0.3241608796296297 0.7477141203703704 0.24649884259259255 0.2307002314814813
6 0.3344039351851852 0.9326171875 0.22554976851851852 0.134765625
6 0.1185474537037037 0.9015625 0.17760416666666665 0.196875
6 0.9300057870370371 0.8019675925925925 0.13998842592592595 0.24201388888888892
6 0.9794126157407408 0.5196469907407407 0.04117476851851833 0.32384259259259257
6 0.7939236111111111 0.9658998842592592 0.2463541666666668 0.06820023148148166
6 0.91953125 0.13093171296296297 0.1609375 0.19971064814814815
6 0.7056134259259259 0.07216435185185185 0.30494791666666676 0.10257523148148148
6 0.34285300925925927 0.030642361111111117 0.1489872685185185 0.04140625
6 0.11157407407407408 0.08449074074074074 0.21846064814814814 0.16880787037037037
6 0.07630208333333333 0.6698784722222222 0.11021412037037037 0.19522569444444446
0 0.5114583333333333 0.5174768518518519 0.35879629629629617 0.355787037037037