0 0.5310185185185186 0.5227777777777778 0.4140914351851851 0.3982465277777777
6 0.21710069444444446 0.7022569444444444 0.20526620370370363 0.2142534722222223
6 0.06079282407407408 0.7569270833333334 0.0767650462962963 0.3036979166666667
6 0.2466435185185185 0.90296875 0.23703703703703702 0.19406250000000008
6 0.45014467592592594 0.8241493055555555 0.23686342592592596 0.2039583333333333
6 0.894777199074074 0.8465277777777779 0.2104456018518519 0.22751736111111107
6 0.9228443287037038 0.7007118055555555 0.15431134259259238 0.2319618055555555
6 0.8308159722222221 0.5306423611111111 0.20847800925925952 0.23779513888888887
5 0.7560474537037036 0.9698784722222221 0.0775462962962962 0.060243055555555716
5 0.8861400462962962 0.9936892361111112 0.09007523148148167 0.012621527777777785
6 0.28049768518518514 0.37124999999999997 0.26293402777777775 0.27609374999999997
6 0.1506076388888889 0.1915451388888889 0.281568287037037 0.23168402777777777
6 0.1388310185185185 0.04204861111111111 0.23391203703703703 0.08215277777777778
6 0.3984375 0.10194444444444443 0.2375 0.17902777777777779
6 0.6253472222222223 0.205625 0.293431712962963 0.2571701388888889
6 0.8753472222222222 0.2167361111111111 0.2014756944444443 0.2382638888888889
6 0.9453414351851851 0.07717013888888888 0.10931712962962976 0.07204861111111112
6 0.614207175925926 0.9638020833333332 0.20034722222222215 0.07239583333333358
6 0.962673611111111 0.9885416666666668 0.07465277777777786 0.02291666666666643