5 0.9536458333333332 0.7619965277777778 0.09270833333333357 0.11850694444444443
5 0.7977083333333332 0.9460677083333333 0.11208333333333335 0.10786458333333329
5 0.10473958333333333 0.9736328125 0.08317708333333336 0.052734375
0 0.5270312500000001 0.48678819444444443 0.36973958333333334 0.3155729166666667
6 0.7159375 0.23121527777777778 0.29947916666666663 0.26798611111111115
6 0.8263020833333332 0.5410243055555556 0.3018749999999997 0.3039236111111112
6 0.6959895833333334 0.7744965277777778 0.2661979166666667 0.23682291666666658
6 0.5295833333333333 0.8761111111111111 0.30041666666666667 0.2469444444444445
6 0.2641145833333333 0.8374479166666667 0.241875 0.2698263888888889
6 0.0996875 0.7815277777777778 0.11286458333333331 0.2771006944444444
6 0.07760416666666667 0.2981597222222222 0.1321875 0.25100694444444444
6 0.28765625 0.27786458333333336 0.26645833333333335 0.26413194444444443
6 0.459375 0.09211805555555555 0.28046875 0.17005208333333333
6 0.9223567708333335 0.33913194444444444 0.15528645833333315 0.33102430555555556