0 0.48630208333333336 0.4956712962962963 0.42746527777777776 0.38046875
6 0.8286168981481481 0.39625 0.17737847222222242 0.21457175925925923
6 0.72984375 0.37432291666666667 0.15927083333333342 0.20506365740740745
6 0.6769155092592593 0.17703703703703705 0.24847222222222207 0.2150983796296296
6 0.7699537037037038 0.07866174768518519 0.24770833333333328 0.15732349537037038
6 0.30236689814814816 0.10634982638888887 0.23676504629629633 0.21269965277777775
6 0.21640625 0.31483796296296296 0.2812037037037037 0.20987268518518523
6 0.11813078703703703 0.6429456018518518 0.21083333333333334 0.20544560185185184
6 0.2640972222222222 0.633269675925926 0.2025636574074074 0.22725694444444447
6 0.4522337962962963 0.7803298611111111 0.2450231481481481 0.1932002314814815
6 0.46329861111111115 0.8943229166666666 0.20591435185185175 0.18978587962962976
6 0.8063020833333333 0.6831655092592592 0.004195601851851904 0.019560185185185118
6 0.7152141203703704 0.7580671296296296 0.22994791666666678 0.1774652777777778
6 0.9219516782407406 0.8151041666666666 0.15609664351851862 0.20041666666666663
6 0.9041984953703703 0.6121064814814815 0.19160300925925924 0.210798611111111
6 0.13804976851851852 0.932673611111111 0.23868634259259255 0.13456597222222227
6 0.038356481481481484 0.7958969907407407 0.05554976851851852 0.21679398148148152
6 0.049513888888888885 0.38873842592592595 0.09019675925925927 0.18267939814814813
6 0.08877893518518519 0.13842013888888888 0.17630787037037038 0.19503472222222223
6 0.07755208333333333 0.0140625 0.15510416666666665 0.028125
6 0.5079340277777777 0.05924913194444444 0.20960648148148148 0.11849826388888889
6 0.5571585648148148 0.006915509259259258 0.20806712962962964 0.013831018518518517
6 0.9330714699074074 0.17903935185185188 0.13385706018518526 0.2501967592592592
6 0.7155208333333334 0.9369907407407407 0.2532754629629629 0.11748842592592582
6 0.9060026041666667 0.9644560185185185 0.18799479166666658 0.059265046296296475
6 0.9861241319444446 0.3989641203703704 0.02775173611111086 0.18226851851851852
6 0.94296875 0.0240625 0.1140625 0.048125