0 0.50703125 0.49296875 0.3796875 0.415625
6 0.178125 0.4 0.25546875 0.19921875
6 0.2875 0.121875 0.18671875 0.20703125
6 0.4859375 0.1125 0.2078125 0.2046875
6 0.92734375 0.37421875 0.1453125 0.2140625
6 0.8140625 0.54609375 0.196875 0.20703125
6 0.8703125 0.746875 0.23046875 0.20859375
6 0.61796875 0.8765625 0.18515625 0.19140625
6 0.25234375 0.62734375 0.19609375 0.28984375
6 0.0890625 0.728125 0.1703125 0.2203125
6 0.18359375 0.9015625 0.209375 0.18984375
6 0.0375 0.27109375 0.075 0.18515625
6 0.0359375 0.5125 0.06640625 0.23515625
6 0.91484375 0.97109375 0.1703125 0.0578125
6 0.96328125 0.1328125 0.07265625 0.20625