0 0.5199826388888888 0.5483101851851852 0.4323611111111111 0.3796412037037037
6 0.8197916666666668 0.35708912037037044 0.23140624999999987 0.19852430555555553
6 0.8948611111111111 0.14410300925925928 0.2046180555555555 0.17567708333333334
6 0.44770833333333326 0.11851851851851851 0.2229166666666668 0.20080439814814816
6 0.23317708333333337 0.11436487268518518 0.22817708333333328 0.22872974537037036
6 0.3361458333333333 0.3091261574074074 0.24605902777777774 0.2119097222222223
6 0.05823784722222223 0.2768865740740741 0.11647569444444446 0.24232060185185186
6 0.17293402777777778 0.5899305555555555 0.27975694444444443 0.1793576388888889
6 0.07042534722222223 0.7493692129629629 0.14085069444444445 0.17548032407407418
6 0.10667100694444445 0.9419039351851852 0.2133420138888889 0.11489583333333328
6 0.26135416666666667 0.7970196759259259 0.20557291666666666 0.21473379629629613
6 0.63953125 0.8457638888888889 0.2778472222222222 0.24182291666666664
6 0.5153472222222222 0.8459027777777777 0.2554861111111112 0.19557870370370373
6 0.8820486111111112 0.9244097222222223 0.159236111111111 0.1386342592592591
6 0.7455729166666667 0.9550983796296297 0.22690972222222233 0.07978009259259267
6 0.9332465277777778 0.7037905092592592 0.08128472222222242 0.2473958333333334
6 0.9617708333333332 0.43101273148148145 0.04756944444444429 0.22684027777777782
6 0.15531250000000002 0.37138310185185186 0.2581076388888889 0.23699074074074078