0 0.4739583333333333 0.51328125 0.3328703703703704 0.44453125
6 0.30830439814814814 0.7671875 0.2690393518518518 0.23984375
6 0.048755787037037035 0.84140625 0.09751157407407407 0.2828125
6 0.009729456018518517 0.70546875 0.019458912037037035 0.1203125
6 0.09384403935185184 0.5328125 0.1876880787037037 0.16875
6 0.07870370370370369 0.296875 0.15740740740740738 0.234375
6 0.12639612268518519 0.0859375 0.25279224537037037 0.15390625
6 0.651244212962963 0.21953125 0.2526331018518519 0.23984375
6 0.859837962962963 0.071875 0.23344907407407406 0.14375
6 0.9194444444444445 0.42421875 0.13909143518518513 0.25390625
6 0.9202256944444445 0.31875 0.14091435185185192 0.134375
6 0.903269675925926 0.67109375 0.1515914351851851 0.21171875
6 0.7120659722222222 0.68671875 0.18347800925925933 0.22890625
6 0.6538773148148148 0.80234375 0.21568287037037043 0.1703125
6 0.5118634259259259 0.92421875 0.26967592592592593 0.1515625
6 0.7918402777777778 0.95859375 0.2327546296296296 0.0828125