0 0.5079918981481482 0.5069155092592592 0.3980960648148148 0.3787094907407408
6 0.19300925925925927 0.3123842592592593 0.19681712962962963 0.20457175925925936
6 0.03478153935185185 0.2502604166666667 0.0695630787037037 0.29817708333333337
6 0.21642939814814816 0.10395254629629629 0.22729745370370366 0.2063599537037037
6 0.41960648148148144 0.20390046296296296 0.22876157407407405 0.1930902777777778
6 0.8657175925925926 0.2048611111111111 0.21409722222222244 0.21719907407407407
6 0.9083912037037039 0.3504976851851852 0.17976851851851877 0.22319444444444442
6 0.804826388888889 0.5145833333333333 0.19932870370370354 0.22724537037037038
5 0.718275462962963 0.06938657407407407 0.07472222222222218 0.0685185185185185
5 0.8458854166666667 0.03439236111111112 0.08791666666666664 0.056898148148148156
6 0.2647800925925926 0.6434027777777778 0.25194444444444447 0.2643518518518519
6 0.1424074074074074 0.815162037037037 0.2719155092592593 0.2184085648148148
6 0.13583333333333333 0.9635821759259258 0.22944444444444442 0.07283564814814839
6 0.3900925925925926 0.9166710069444445 0.23015624999999992 0.166657986111111
6 0.6111053240740741 0.8256655092592592 0.2830439814814813 0.24427083333333358
6 0.8579803240740741 0.8274942129629629 0.1930902777777778 0.22876157407407405
6 0.9358217592592591 0.968125 0.11458333333333356 0.06374999999999993
6 0.5769675925925926 0.055057870370370375 0.19527777777777794 0.10222222222222221
6 0.9427083333333333 0.0421412037037037 0.11458333333333356 0.07115740740740742