0 0.5045138888888889 0.5246875 0.44684606481481487 0.42880208333333325
6 0.2052372685185185 0.61203125 0.21634837962962966 0.26536458333333324
6 0.0662037037037037 0.6190625 0.1324074074074074 0.28812499999999996
6 0.3539930555555556 0.8247916666666667 0.2268229166666667 0.25359374999999995
6 0.5975694444444445 0.8245833333333333 0.2206018518518519 0.275
6 0.8388888888888889 0.7795833333333333 0.24655671296296297 0.2393229166666666
6 0.7969039351851852 0.95078125 0.2616319444444445 0.0984375
6 0.11987847222222223 0.9415104166666666 0.21383101851851852 0.11697916666666686
6 0.3786458333333333 0.9659635416666668 0.26024305555555555 0.06807291666666657
6 0.18466435185185184 0.27937500000000004 0.2326388888888889 0.22125000000000003
6 0.41875 0.13364583333333332 0.19140625 0.2231770833333333
6 0.6516203703703705 0.14760416666666668 0.22800925925925916 0.22249999999999998
6 0.7515914351851852 0.32421875 0.2114583333333334 0.17541666666666664
6 0.8866608796296298 0.18755208333333334 0.22644675925925953 0.26447916666666665
5 0.8860243055555556 0.56421875 0.11831597222222215 0.1224479166666665
6 0.9607060185185186 0.5566666666666666 0.04924768518518512 0.19343749999999993
6 0.04722222222222222 0.036041666666666666 0.08993055555555556 0.07145833333333332