0 0.51484375 0.5046875 0.3890625 0.36875
6 0.203125 0.31640625 0.1921875 0.19921875
6 0.0421875 0.2578125 0.0765625 0.2921875
6 0.2265625 0.10703125 0.2234375 0.2109375
6 0.425 0.2078125 0.2234375 0.1875
6 0.8640625 0.20546875 0.209375 0.2109375
6 0.91015625 0.3484375 0.1796875 0.21875
6 0.80625 0.509375 0.19453125 0.221875
5 0.71796875 0.07421875 0.07265625 0.0671875
5 0.84375 0.03515625 0.084375 0.06328125
6 0.2765625 0.63984375 0.24609375 0.25703125
6 0.15703125 0.809375 0.265625 0.2125
6 0.153125 0.9609375 0.225 0.078125
6 0.40234375 0.91015625 0.225 0.165625
6 0.61875 0.81640625 0.2765625 0.2375
6 0.8609375 0.815625 0.1875 0.22265625
6 0.94140625 0.96171875 0.1171875 0.0765625
6 0.5796875 0.06015625 0.1921875 0.1046875
6 0.94140625 0.0421875 0.1171875 0.078125