0 0.5258043981481482 0.48890625 0.34925347222222225 0.3442187499999999
6 0.35657407407407404 0.24874999999999997 0.237019675925926 0.2672395833333333
6 0.28758101851851847 0.6023958333333332 0.29037037037037033 0.3012499999999999
6 0.07546296296296297 0.7290625000000001 0.15092592592592594 0.2522916666666667
6 0.16924189814814816 0.87109375 0.1970486111111111 0.2473958333333332
6 0.3901909722222222 0.8758854166666667 0.19519675925925917 0.20822916666666663
6 0.5801446759259259 0.8483854166666667 0.23057291666666657 0.24026041666666664
6 0.6006828703703704 0.7111458333333334 0.2450752314814814 0.19515625000000014
6 0.8317766203703704 0.61140625 0.22778935185185176 0.2861458333333333
6 0.7958217592592594 0.8269791666666666 0.1959027777777777 0.19812499999999994
6 0.8842766203703704 0.9030729166666667 0.21305555555555564 0.08916666666666657
6 0.4518923611111111 0.04967447916666667 0.22980902777777779 0.09934895833333333