0 0.5046875 0.496875 0.30546875 0.42890625
6 0.353125 0.2515625 0.2515625 0.23125
6 0.07578125 0.18125 0.14453125 0.27265625
6 0.0359375 0.31328125 0.07109375 0.115625
6 0.11640625 0.4796875 0.221875 0.1640625
6 0.09375 0.70625 0.1875 0.2265625
6 0.14609375 0.91015625 0.25546875 0.14921875
6 0.665625 0.78046875 0.23515625 0.23125
6 0.8640625 0.92734375 0.21796875 0.14453125
6 0.9359375 0.58359375 0.128125 0.246875
6 0.93203125 0.68515625 0.1359375 0.1296875
6 0.92734375 0.34453125 0.1453125 0.2046875
6 0.740625 0.32890625 0.16953125 0.2203125
6 0.68828125 0.21875 0.20234375 0.1640625
6 0.55546875 0.08671875 0.25546875 0.1734375
6 0.8296875 0.0546875 0.221875 0.10859375