6 0.25625 0.12223958333333333 0.31328125 0.23119791666666667
6 0.26059027777777777 0.5704166666666667 0.22861111111111115 0.27151041666666664
6 0.2359375 0.786875 0.2947222222222222 0.25177083333333317
6 0.0828125 0.8802734375 0.09802083333333336 0.239453125
6 0.2229166666666667 0.9747916666666667 0.23368055555555553 0.050416666666666644
6 0.8776388888888889 0.25604166666666667 0.24472222222222229 0.24468750000000003
6 0.8388194444444445 0.5411979166666667 0.24782986111111108 0.2307291666666668
6 0.9602430555555556 0.6936979166666667 0.07951388888888893 0.20531250000000015
6 0.8422395833333333 0.7758854166666668 0.2643229166666668 0.28635416666666663
6 0.7650347222222222 0.95484375 0.31819444444444434 0.09031249999999993
6 0.9669791666666667 0.9470833333333333 0.06604166666666664 0.10583333333333336
5 0.6810069444444444 0.18015625 0.1078819444444445 0.11390625000000001
5 0.7553993055555556 0.11890624999999999 0.08335069444444443 0.07020833333333334
5 0.7443402777777777 0.34328125 0.10043402777777785 0.10406250000000003
5 0.9616232638888889 0.43786458333333333 0.07675347222222229 0.13026041666666668
0 0.5416840277777777 0.49802083333333336 0.3590798611111111 0.42041666666666655