0 0.5347800925925925 0.47859375000000004 0.38923611111111106 0.343125
6 0.14406828703703703 0.38687499999999997 0.245775462962963 0.2325
6 0.07604166666666667 0.58140625 0.08090277777777777 0.21062499999999992
6 0.09597800925925927 0.7975520833333334 0.08802083333333333 0.20177083333333332
6 0.2494502314814815 0.8556249999999999 0.27080439814814816 0.22406250000000014
6 0.5014467592592593 0.8765104166666667 0.22416087962962958 0.20307291666666671
6 0.7777488425925926 0.8863541666666667 0.319212962962963 0.15343750000000006
6 0.6716724537037038 0.7261979166666667 0.25960648148148147 0.23031250000000014
6 0.8988787615740741 0.6381770833333333 0.2022424768518519 0.2098958333333334
6 0.9902199074074074 0.7732291666666666 0.019560185185185118 0.2672916666666666
6 0.7970196759259259 0.3621875 0.20818865740740727 0.2813020833333333
6 0.896310763888889 0.33947916666666667 0.20737847222222214 0.24859375000000003
6 0.5902488425925926 0.24171874999999998 0.2460069444444443 0.2146354166666667
6 0.35572916666666665 0.20239583333333333 0.2690393518518518 0.2736979166666667
6 0.14890046296296297 0.08919270833333334 0.22352430555555552 0.17838541666666669
6 0.7652199074074074 0.014661458333333332 0.20700231481481488 0.029322916666666664
6 0.8438078703703702 0.06104166666666666 0.24074074074074048 0.12208333333333332
6 0.9601707175925925 0.06678385416666667 0.07965856481481488 0.13356770833333334