5 0.096875 0.75390625 0.121875 0.10859375
5 0.278125 0.940625 0.09765625 0.11796875
5 0.9328125 0.975 0.0765625 0.05
0 0.5015625 0.503125 0.328125 0.28984375
6 0.3078125 0.25859375 0.26484375 0.246875
6 0.2234375 0.5484375 0.26484375 0.28046875
6 0.3609375 0.77109375 0.23515625 0.21796875
6 0.5234375 0.8703125 0.2671875 0.2265625
6 0.7703125 0.83984375 0.21015625 0.24921875
6 0.9390625 0.790625 0.121875 0.25859375
6 0.9296875 0.33671875 0.13984375 0.23515625
6 0.71328125 0.3109375 0.234375 0.24375
6 0.540625 0.1046875 0.25625 0.209375
6 0.9796875 0.13125 0.040625 0.19140625
6 0.09140625 0.3546875 0.1828125 0.309375