0 0.5048958333333333 0.5308217592592592 0.35968750000000005 0.35134837962962956
6 0.7051909722222222 0.2750752314814815 0.23708333333333337 0.2762037037037037
6 0.9545008680555555 0.35487268518518517 0.09099826388888914 0.2142418981481482
6 0.9705729166666668 0.5955034722222223 0.05885416666666643 0.19001157407407412
6 0.8399826388888888 0.8635474537037038 0.31430555555555556 0.24020833333333336
6 0.7213715277777777 0.9436921296296296 0.24857638888888883 0.11261574074074084
6 0.43512152777777774 0.9210054976851852 0.27262152777777776 0.15798900462962956
6 0.4332118055555556 0.9766898148148148 0.18348958333333343 0.04662037037037052
6 0.16381944444444446 0.6658738425925926 0.3026041666666667 0.2402951388888889
6 0.18526041666666665 0.8582986111111112 0.3369791666666667 0.24233217592592596
6 0.03515625 0.8447222222222223 0.03843749999999999 0.25506944444444457
6 0.12574652777777778 0.9828125 0.20857638888888888 0.034375
6 0.21069444444444443 0.42288194444444444 0.2355555555555556 0.2776736111111111
6 0.07600694444444445 0.22530671296296295 0.1464236111111111 0.23416087962962964
6 0.04100694444444445 0.4760243055555556 0.06538194444444445 0.20361111111111113
6 0.2204513888888889 0.05441550925925927 0.2963715277777778 0.10026620370370369
6 0.053454861111111106 0.053101851851851845 0.10612847222222221 0.1061574074074074
6 0.4973784722222222 0.12232060185185185 0.2783506944444444 0.20218749999999996
6 0.9063454861111111 0.1451099537037037 0.18730902777777772 0.17673611111111112
6 0.7565104166666667 0.09164351851851851 0.22864583333333338 0.10717592592592591