6 0.14693287037037037 0.7179398148148148 0.24846064814814817 0.27268518518518514
6 0.3069502314814815 0.8319155092592594 0.26841435185185186 0.18845486111111107
6 0.7431076388888889 0.8707754629629629 0.3355671296296297 0.21666666666666679
6 0.8977256944444445 0.7191261574074075 0.13533564814814839 0.20535300925925917
6 0.7045081018518518 0.5444155092592593 0.266724537037037 0.2125578703703704
6 0.9255902777777777 0.3678240740740741 0.1184085648148148 0.16964699074074074
6 0.7488020833333333 0.24618055555555557 0.25449074074074074 0.19027777777777777
6 0.9258101851851851 0.0734375 0.14837962962962975 0.08344907407407409
6 0.664224537037037 0.07471064814814814 0.17155092592592602 0.10613425925925926
0 0.432332175925926 0.48657407407407405 0.29362268518518525 0.3507523148148149
6 0.05583912037037038 0.23504050925925926 0.11167824074074076 0.17867476851851852
6 0.06872829861111111 0.46232638888888894 0.13745659722222223 0.19806134259259256
6 0.24168981481481483 0.09664351851851852 0.21657407407407403 0.1818576388888889
6 0.45577546296296295 0.15703125 0.2338136574074074 0.19652777777777777
6 0.0453125 0.061834490740740745 0.090625 0.12366898148148149
6 0.33500578703703704 0.982595486111111 0.3057175925925926 0.034809027777777855