6 0.25078125 0.1109375 0.28984375 0.21640625
6 0.23515625 0.5453125 0.20625 0.2453125
6 0.20234375 0.75390625 0.26953125 0.221875
6 0.0484375 0.85546875 0.096875 0.2265625
6 0.18359375 0.959375 0.21953125 0.08125
6 0.846875 0.20625 0.2390625 0.21875
6 0.7875 0.48046875 0.2265625 0.2046875
6 0.93125 0.61953125 0.13203125 0.19140625
6 0.78125 0.7046875 0.2390625 0.25703125
6 0.7 0.91953125 0.29609375 0.1390625
6 0.9328125 0.903125 0.13359375 0.1796875
5 0.65234375 0.1453125 0.09765625 0.10234375
5 0.7265625 0.08203125 0.0765625 0.06171875
5 0.70546875 0.296875 0.09140625 0.09296875
5 0.9375 0.375 0.12421875 0.11796875
0 0.50625 0.45859375 0.32421875 0.37890625