0 0.4730497685185185 0.49359374999999994 0.3336226851851851 0.4444097222222222
6 0.30618055555555557 0.7470138888888889 0.26766203703703695 0.24083333333333332
6 0.050124421296296295 0.8258333333333333 0.10024884259259259 0.28114583333333343
6 0.011668113425925924 0.693125 0.023336226851851848 0.11921874999999993
6 0.09556712962962963 0.5226215277777777 0.19113425925925925 0.1703819444444445
6 0.08291232638888889 0.2902430555555556 0.16582465277777778 0.2343576388888889
6 0.13185908564814813 0.07982638888888889 0.26371817129629627 0.1581076388888889
6 0.6513194444444445 0.2009027777777778 0.25125578703703705 0.24046874999999995
6 0.8596354166666667 0.06196180555555555 0.2307291666666668 0.1239236111111111
6 0.9135243055555555 0.39640624999999996 0.14265046296296297 0.25288194444444445
6 0.9157870370370371 0.29256944444444444 0.14278356481481466 0.13505208333333335
6 0.893894675925926 0.6395312499999999 0.15452546296296318 0.2110069444444445
6 0.7040219907407408 0.6593576388888889 0.18354166666666671 0.22881944444444446
6 0.6450636574074073 0.7730381944444444 0.21413773148148146 0.1717534722222222
6 0.5032233796296296 0.9049479166666667 0.268744212962963 0.1714062499999997
6 0.7780439814814815 0.9323958333333333 0.23088541666666665 0.10345486111111128