0 0.5221527777777777 0.523611111111111 0.34937500000000005 0.3361111111111111
6 0.7171006944444445 0.2685474537037037 0.23071180555555557 0.2653645833333334
6 0.9571527777777777 0.34160879629629626 0.08569444444444443 0.20723379629629637
6 0.97296875 0.5764756944444445 0.05406249999999986 0.18362268518518512
6 0.8474435763888888 0.8408854166666668 0.3051128472222224 0.2283275462962962
6 0.7322569444444444 0.9353804976851852 0.24241319444444454 0.12923900462962976
6 0.45538194444444446 0.915798611111111 0.26493055555555556 0.16840277777777785
6 0.4534375 0.9696469907407408 0.1781944444444445 0.06070601851851833
6 0.17473958333333334 0.662181712962963 0.32515625 0.22983217592592595
6 0.20939236111111112 0.8515914351851851 0.32984375000000005 0.23000578703703703
6 0.04989583333333334 0.8402199074074073 0.06723958333333332 0.25072337962962976
6 0.13815972222222223 0.97890625 0.23374999999999999 0.0421875
6 0.23581597222222223 0.4247974537037037 0.22916666666666669 0.266087962962963
6 0.08949652777777778 0.23359375 0.17364583333333333 0.2265625
6 0.055920138888888894 0.47902199074074076 0.09418402777777776 0.19864004629629636
6 0.24559027777777778 0.056712962962962965 0.2888368055555556 0.10593171296296296
6 0.06763888888888889 0.057928240740740745 0.13527777777777777 0.11585648148148149
6 0.5146701388888889 0.11663773148148149 0.27152777777777787 0.2052083333333333
6 0.9104036458333333 0.13683449074074075 0.17919270833333342 0.16837384259259255
6 0.7652430555555555 0.08142361111111111 0.22111111111111104 0.11435185185185186