0 0.5167476851851852 0.5087847222222223 0.42421296296296285 0.3983680555555555
6 0.9017766203703704 0.8183969907407407 0.19644675925925908 0.25160879629629634
6 0.649994212962963 0.8125520833333333 0.27277199074074066 0.21681712962962968
6 0.48772569444444447 0.9270601851851851 0.2556828703703703 0.14092592592592582
6 0.21935185185185185 0.6516435185185185 0.24257523148148144 0.19940972222222228
6 0.05815393518518518 0.512181712962963 0.0927662037037037 0.23110532407407405
6 0.32223379629629634 0.2734548611111111 0.23606481481481473 0.1642129629629629
6 0.04626736111111111 0.05839699074074074 0.09173032407407408 0.11679398148148148
6 0.36519675925925926 0.0373828125 0.24523726851851854 0.074765625
6 0.7356307870370371 0.0665162037037037 0.2650115740740741 0.1330324074074074
6 0.6718113425925927 0.23023148148148148 0.27366319444444437 0.19417245370370367
6 0.9168055555555554 0.18931134259259258 0.16638888888888914 0.23406249999999998
6 0.8289293981481481 0.5221006944444444 0.23021990740740747 0.23056134259259267
6 0.9858969907407407 0.5739988425925926 0.028206018518518762 0.21906250000000008