0 0.46609375000000003 0.5153645833333333 0.36989583333333337 0.35815972222222214
5 0.768125 0.9541666666666668 0.09046874999999996 0.08284143518518547
6 0.29562499999999997 0.7346064814814814 0.25187500000000007 0.2127314814814813
6 0.6110416666666667 0.8081597222222221 0.2817187499999999 0.22786458333333356
6 0.8516145833333333 0.7003761574074074 0.22635416666666686 0.2858217592592592
6 0.7597395833333334 0.49256365740740743 0.2170312499999998 0.25118634259259254
6 0.8519270833333333 0.2375289351851852 0.27921875000000007 0.24881365740740743
6 0.5522395833333333 0.2217303240740741 0.24875000000000008 0.21261574074074074
6 0.489375 0.060416666666666674 0.21500000000000002 0.09212962962962963
6 0.30031250000000004 0.14739583333333334 0.31786458333333334 0.17387152777777776
6 0.25395833333333334 0.33755787037037044 0.23572916666666668 0.21603009259259257
6 0.11328125 0.07216435185185185 0.2265625 0.1443287037037037
6 0.06867187500000001 0.27080439814814816 0.13734375000000001 0.23182870370370373
6 0.07950520833333333 0.5268518518518519 0.15901041666666665 0.2927662037037038
6 0.0159375 0.940625 0.031875 0.11875
6 0.19182291666666668 0.9098379629629629 0.31927083333333334 0.18032407407407405
6 0.5933854166666667 0.9648075810185185 0.24817708333333321 0.07038483796296298
6 0.9096354166666668 0.9510706018518519 0.06510416666666644 0.0978587962962962