0 0.49765625 0.4890625 0.40625 0.39375
6 0.50859375 0.209375 0.2953125 0.171875
6 0.74765625 0.2515625 0.2390625 0.25078125
6 0.92265625 0.396875 0.1546875 0.20625
6 0.9546875 0.59140625 0.08984375 0.165625
6 0.8359375 0.6734375 0.1875 0.20078125
6 0.78984375 0.9015625 0.2171875 0.19140625
6 0.37890625 0.77265625 0.2265625 0.19140625
6 0.2125 0.8609375 0.21796875 0.2203125
6 0.0640625 0.86328125 0.128125 0.2734375
6 0.0453125 0.63359375 0.08984375 0.165625
6 0.25390625 0.54140625 0.16171875 0.2375
6 0.11875 0.38359375 0.23046875 0.221875
6 0.14296875 0.14140625 0.25625 0.21875
6 0.38828125 0.0671875 0.25234375 0.13359375
6 0.96953125 0.8234375 0.0609375 0.17109375