0 0.5288194444444445 0.4638888888888889 0.37361111111111106 0.3555555555555555
6 0.24777199074074074 0.08501880787037037 0.22757523148148148 0.17003761574074075
6 0.5030671296296296 0.10653935185185186 0.20225694444444428 0.19473379629629628
6 0.7887442129629629 0.300144675925926 0.22280092592592596 0.22280092592592596
6 0.8776041666666666 0.5237268518518519 0.21423611111111107 0.18113425925925916
6 0.8889105902777779 0.8406828703703704 0.2221788194444443 0.23029513888888892
6 0.696412037037037 0.7009837962962964 0.22907986111111106 0.24487847222222214
6 0.42667824074074073 0.7266203703703704 0.24050925925925934 0.21643518518518512
6 0.18151041666666667 0.5917534722222222 0.2295428240740741 0.19418402777777785
6 0.07109375 0.31420717592592595 0.1265625 0.2153356481481481
6 0.2743055555555555 0.3090277777777778 0.2070601851851852 0.17696759259259257
6 0.1910300925925926 0.8699074074074072 0.1950231481481482 0.18900462962962977
6 0.3963541666666667 0.9217592592592592 0.21105324074074075 0.13732638888888857
6 0.6430555555555555 0.9079282407407409 0.24108796296296298 0.14780092592592595
6 0.8831018518518519 0.014482060185185183 0.20839120370370381 0.028964120370370366
6 0.6005787037037037 0.0064814814814814796 0.21365740740740743 0.012962962962962959