0 0.5291493055555556 0.5761863425925926 0.3788483796296296 0.4076967592592592
6 0.4217418981481481 0.13177083333333334 0.23795717592592602 0.21383101851851852
6 0.6186805555555555 0.07436342592592593 0.231892361111111 0.1114872685185185
6 0.6884780092592593 0.1603587962962963 0.25995949074074076 0.1904803240740741
6 0.7333854166666667 0.39198495370370373 0.24954282407407397 0.22517361111111106
6 0.9508333333333333 0.4552083333333333 0.09833333333333343 0.2613136574074074
6 0.9871686921296297 0.849855324074074 0.02566261574074069 0.24230324074074083
6 0.8654861111111112 0.8716145833333332 0.23483796296296297 0.2269675925925924
6 0.6178356481481482 0.9686197916666668 0.21253472222222225 0.06276041666666643
6 0.397025462962963 0.885445601851852 0.24538773148148146 0.18136574074074047
6 0.44363425925925926 0.803761574074074 0.27646990740740734 0.21915509259259275
6 0.18601851851851853 0.92421875 0.2714814814814815 0.1515625
6 0.13046875 0.7414930555555556 0.1844560185185185 0.19236111111111107
6 0.1194386574074074 0.529050925925926 0.19077546296296294 0.24638310185185192