0 0.48719328703703707 0.49897569444444445 0.32041666666666657 0.43123263888888896
6 0.2362789351851852 0.5588425925925926 0.2325520833333333 0.24778935185185186
5 0.20052083333333331 0.07180555555555554 0.07012731481481485 0.09347800925925927
6 0.16225694444444444 0.22857060185185185 0.22762152777777778 0.23134837962962962
6 0.05189814814814815 0.4058680555555556 0.1037962962962963 0.2695486111111112
6 0.06699363425925926 0.6841203703703703 0.13398726851851853 0.2612094907407407
6 0.15419560185185185 0.929861111111111 0.2442708333333333 0.14027777777777786
6 0.8925694444444445 0.8246701388888888 0.19417824074074092 0.2412557870370371
6 0.7691145833333334 0.5612268518518518 0.23046875 0.2126215277777778
6 0.9397453703703704 0.4882638888888889 0.1094444444444445 0.21641203703703712
6 0.9272453703703704 0.2772106481481481 0.14064814814814816 0.21351851851851852
6 0.727025462962963 0.2905729166666667 0.18704282407407397 0.2341724537037037
6 0.7637268518518517 0.1337962962962963 0.26366898148148155 0.18630787037037036
6 0.9379050925925926 0.08508101851851851 0.12418981481481488 0.15715277777777775
6 0.6882870370370371 0.057447916666666675 0.20858217592592593 0.10622106481481482
6 0.4646412037037037 0.06985532407407406 0.23478009259259255 0.13453703703703704
6 0.36940393518518516 0.22229166666666664 0.2678182870370371 0.2027430555555556
6 0.09765625 0.06712962962962962 0.1953125 0.13425925925925924
6 0.8278125 0.9730164930555556 0.2250983796296296 0.053967013888888714