0 0.4838136574074074 0.5125 0.32362268518518517 0.434375
6 0.2305439814814815 0.575 0.23494212962962963 0.24921875
5 0.19408564814814816 0.0828125 0.07092013888888893 0.09375
6 0.1550173611111111 0.24140625 0.23079282407407406 0.2328125
6 0.04788194444444445 0.421875 0.0957638888888889 0.271875
6 0.06295138888888889 0.703125 0.12590277777777778 0.2625
6 0.1485763888888889 0.93984375 0.2463136574074074 0.1203125
6 0.8922569444444445 0.8390625 0.19423611111111114 0.24375
6 0.7688483796296296 0.5734375 0.23284722222222207 0.21328125
6 0.9410763888888889 0.496875 0.10634259259259267 0.2171875
6 0.927806712962963 0.28515625 0.13910879629629633 0.2140625
6 0.7260243055555555 0.3 0.1894212962962964 0.23515625
6 0.7635416666666667 0.140625 0.26682870370370376 0.18671875
6 0.9385937500000001 0.084375 0.12281249999999985 0.16875
6 0.6874131944444445 0.05859375 0.21189236111111107 0.1171875
6 0.4606307870370371 0.0734375 0.23811342592592588 0.146875
6 0.36450810185185184 0.23359375 0.27096643518518526 0.20234375
6 0.09453125 0.0734375 0.1890625 0.146875
6 0.829212962962963 0.98125 0.22789930555555565 0.0375