0 0.50078125 0.50078125 0.35078125 0.375
6 0.23671875 0.40234375 0.209375 0.19296875
6 0.06875 0.35 0.10859375 0.23359375
6 0.15234375 0.55 0.26484375 0.2203125
6 0.0875 0.79765625 0.175 0.234375
6 0.26328125 0.8984375 0.28046875 0.19140625
6 0.4328125 0.77578125 0.2484375 0.19296875
6 0.7078125 0.78671875 0.2671875 0.23515625
6 0.6140625 0.92578125 0.2484375 0.1484375
6 0.87578125 0.90546875 0.2328125 0.1890625
6 0.7515625 0.5703125 0.221875 0.22421875
6 0.9234375 0.35390625 0.153125 0.1984375
6 0.74765625 0.34921875 0.21328125 0.20078125
6 0.8796875 0.14296875 0.16171875 0.1703125
6 0.76015625 0.04921875 0.1125 0.0984375
6 0.89609375 0.0671875 0.1671875 0.134375
6 0.54140625 0.06328125 0.2390625 0.1265625
6 0.578125 0.215625 0.25625 0.1984375
6 0.32109375 0.18515625 0.2328125 0.24921875