0 0.4958738425925926 0.5049479166666667 0.31308449074074074 0.2944502314814814
6 0.20875578703703704 0.5522511574074074 0.23891782407407405 0.3003819444444444
6 0.12459490740740739 0.36899305555555556 0.22553819444444442 0.18144675925925924
6 0.14358217592592593 0.2958449074074074 0.28427083333333336 0.20106481481481478
6 0.07897569444444444 0.11600115740740742 0.15795138888888888 0.23200231481481484
6 0.6347222222222222 0.2671875 0.24644097222222214 0.15597800925925923
6 0.5668287037037036 0.17087962962962963 0.22386574074074073 0.16657986111111106
6 0.6206076388888888 0.25994791666666667 0.17997685185185192 0.14718171296296295
6 0.925 0.11526620370370369 0.15 0.2053472222222222
6 0.7199537037037037 0.06769097222222223 0.22037615740740737 0.11731481481481483
6 0.49020254629629634 0.05569444444444445 0.19993634259259263 0.09982638888888888
6 0.6680497685185186 0.6535763888888889 0.0031944444444444997 0.009421296296296334
6 0.7720659722222223 0.5645023148148148 0.2273726851851851 0.2181886574074074
6 0.7369039351851852 0.7741145833333334 0.23954282407407418 0.17384259259259255
6 0.9242766203703703 0.7605324074074075 0.15144675925925952 0.19918981481481488
6 0.7396932870370371 0.9334895833333334 0.2291782407407407 0.13302083333333314
6 0.8571932870370371 0.9771571180555554 0.11604745370370395 0.04568576388888914
6 0.9611689814814814 0.9599074074074074 0.07766203703703703 0.08018518518518505
6 0.9842650462962963 0.8785995370370371 0.031469907407407405 0.10055555555555565