0 0.5109375 0.5 0.35078125 0.3828125
6 0.2609375 0.41484375 0.1703125 0.23359375
6 0.309375 0.20390625 0.21953125 0.17734375
6 0.3828125 0.03828125 0.24765625 0.07578125
6 0.79375 0.1046875 0.24375 0.165625
6 0.85234375 0.03046875 0.2953125 0.06015625
6 0.75703125 0.3453125 0.18671875 0.1953125
6 0.93046875 0.3359375 0.1390625 0.209375
6 0.90703125 0.6296875 0.1859375 0.2453125
6 0.86015625 0.86484375 0.221875 0.21640625
6 0.9515625 0.87578125 0.096875 0.1984375
6 0.5421875 0.8921875 0.1796875 0.215625
6 0.66953125 0.70078125 0.1984375 0.17578125
6 0.2453125 0.70625 0.24453125 0.21875
6 0.08046875 0.525 0.1609375 0.259375
6 0.05703125 0.2375 0.10859375 0.2203125
5 0.41171875 0.82890625 0.04765625 0.07890625