0 0.4757291666666667 0.50890625 0.3890451388888888 0.4286458333333334
6 0.2076736111111111 0.5811458333333334 0.19140625 0.25812500000000005
6 0.24859375 0.80640625 0.24111111111111114 0.20223958333333342
6 0.3165972222222222 0.9701041666666667 0.2658333333333333 0.059791666666666646
6 0.7564409722222223 0.9247786458333334 0.2655555555555555 0.15044270833333329
6 0.8068402777777777 0.9944270833333334 0.3025694444444447 0.011145833333333143
6 0.7294444444444445 0.6888020833333334 0.20682291666666686 0.21942708333333344
6 0.9047743055555557 0.7106770833333333 0.14185763888888872 0.22989583333333333
6 0.8935590277777777 0.3988541666666666 0.19352430555555564 0.27072916666666663
6 0.8602604166666665 0.16078125 0.24432291666666686 0.22192708333333333
6 0.95140625 0.15510416666666665 0.09718750000000007 0.18874999999999997
6 0.5233854166666667 0.12421875 0.20010416666666658 0.19093749999999998
6 0.6531076388888889 0.3083854166666667 0.21838541666666664 0.19916666666666671
6 0.20416666666666666 0.27218749999999997 0.2696527777777778 0.24854166666666666
6 0.05636284722222222 0.4534375 0.11272569444444444 0.28421874999999996
6 0.022569444444444444 0.7555729166666667 0.04513888888888889 0.23770833333333333
5 0.38571180555555556 0.15421875000000002 0.054461805555555645 0.08619791666666665