6 0.8113310185185185 0.38081018518518517 0.19967592592592603 0.38104166666666667
6 0.6091898148148148 0.24498842592592593 0.2345254629629629 0.23469907407407406
6 0.3669675925925926 0.24608796296296295 0.26357638888888885 0.2546585648148148
6 0.1513773148148148 0.34368634259259256 0.23600694444444445 0.22378472222222223
6 0.10889033564814814 0.5649479166666667 0.21778067129629627 0.23524884259259266
6 0.20978009259259262 0.7922569444444445 0.22906249999999995 0.23539930555555558
6 0.4050983796296296 0.8958796296296295 0.2500115740740741 0.2082407407407409
6 0.6080092592592592 0.8262847222222222 0.25335069444444436 0.24513310185185197
6 0.8545891203703704 0.8697858796296296 0.2532407407407408 0.23028935185185198
6 0.7608969907407408 0.6496238425925925 0.24771412037037024 0.2223958333333332
6 0.9468923611111112 0.6445659722222222 0.09882523148148152 0.2647164351851853
6 0.9619155092592593 0.3041261574074074 0.07331018518518526 0.3002719907407407
6 0.9684722222222222 0.36829282407407404 0.05905671296296298 0.16882523148148146
6 0.940162037037037 0.07643518518518519 0.11967592592592595 0.12675925925925927
6 0.7709085648148148 0.03642361111111111 0.18318287037037032 0.052708333333333336
6 0.503443287037037 0.06996527777777778 0.22592592592592595 0.12833333333333335
6 0.2213136574074074 0.07906828703703703 0.23549768518518518 0.15503472222222223
0 0.4813194444444445 0.52515625 0.3499710648148149 0.31765046296296295