0 0.4996759259259259 0.5091145833333333 0.3644097222222221 0.34250578703703705
6 0.7688368055555556 0.9068822337962963 0.22307870370370358 0.18623553240740734
6 0.5174537037037037 0.8654571759259259 0.1965162037037036 0.18815393518518525
6 0.23788194444444444 0.6602835648148148 0.21644097222222225 0.21486111111111122
6 0.15406828703703704 0.43390625 0.20880787037037035 0.17418402777777775
6 0.14393518518518517 0.11902199074074074 0.22904513888888886 0.2219849537037037
6 0.33828703703703705 0.26653935185185185 0.22223379629629622 0.23677662037037042
6 0.6068055555555556 0.2529050925925926 0.23431712962962958 0.208744212962963
6 0.8479861111111111 0.3976446759259259 0.22461805555555542 0.1867997685185186
6 0.9448177083333335 0.6772800925925926 0.11036458333333314 0.2094733796296296
6 0.7481886574074074 0.67421875 0.20171875000000003 0.17022569444444446
6 0.8438888888888888 0.12108217592592593 0.19018518518518518 0.18263888888888888
6 0.6407349537037037 0.06489583333333333 0.2072511574074074 0.12183449074074075
6 0.3962731481481482 0.06777199074074074 0.2362962962962963 0.13142361111111112
6 0.1369386574074074 0.9643315972222222 0.2065219907407408 0.07133680555555558
6 0.4183854166666666 0.978449074074074 0.2116087962962963 0.043101851851852044