0 0.5046875 0.4984375 0.3453125 0.328125
6 0.2515625 0.11640625 0.21171875 0.1796875
6 0.49296875 0.15546875 0.18671875 0.1796875
6 0.75859375 0.35078125 0.2046875 0.20625
6 0.8359375 0.56875 0.1984375 0.16640625
6 0.84140625 0.87265625 0.2171875 0.2125
6 0.65703125 0.73125 0.21015625 0.2265625
6 0.3984375 0.74609375 0.221875 0.19921875
6 0.16875 0.60859375 0.21328125 0.178125
6 0.07109375 0.340625 0.11875 0.20078125
6 0.26796875 0.34140625 0.1921875 0.1625
6 0.16796875 0.87578125 0.1796875 0.17421875
6 0.3640625 0.93515625 0.196875 0.12578125
6 0.6 0.93203125 0.2234375 0.13515625
6 0.859375 0.0453125 0.196875 0.090625
6 0.590625 0.03515625 0.20234375 0.0671875