0 0.5465972222222223 0.4915972222222222 0.5002951388888889 0.37578125
6 0.6165104166666667 0.22921874999999997 0.22789930555555565 0.20574652777777783
6 0.19585069444444442 0.7664756944444444 0.22109375 0.1806076388888888
6 0.1819965277777778 0.6701215277777777 0.20901041666666664 0.12880208333333343
6 0.5714756944444445 0.767795138888889 0.21192708333333332 0.1897743055555555
6 0.7800868055555557 0.7380729166666666 0.17906249999999985 0.22184027777777793
6 0.9385894097222222 0.6488541666666666 0.12282118055555565 0.219392361111111
6 0.9620225694444444 0.4603472222222222 0.07595486111111108 0.15732638888888886
6 0.9442187499999999 0.13737847222222221 0.11156250000000015 0.18607638888888892
6 0.715486111111111 0.07993055555555556 0.21222222222222217 0.13277777777777777
6 0.47574652777777776 0.04414930555555556 0.19678819444444445 0.07074652777777778
6 0.16949652777777777 0.037343749999999995 0.17725694444444443 0.0703125
6 0.11616319444444442 0.16734374999999999 0.22869791666666667 0.17140624999999998
6 0.31376736111111114 0.9375781249999999 0.2934722222222222 0.12484375000000014
6 0.5565451388888889 0.9319965277777778 0.23760416666666656 0.1360069444444445
6 0.788767361111111 0.9432899305555555 0.2153472222222222 0.113420138888889
6 0.9918229166666667 0.8991840277777777 0.016354166666666715 0.1335763888888888
6 0.10220486111111111 0.9429730902777778 0.16425347222222225 0.11405381944444457
6 0.044861111111111115 0.4375 0.07557291666666667 0.23828125
6 0.10548611111111113 0.49506944444444445 0.1404861111111111 0.20770833333333344
6 0.03138888888888889 0.042083333333333334 0.06277777777777778 0.08416666666666667