0 0.51640625 0.50859375 0.371875 0.33984375
5 0.78671875 0.70078125 0.08359375 0.10390625
5 0.90703125 0.95625 0.11640625 0.08671875
5 0.1984375 0.37578125 0.07109375 0.06171875
6 0.303125 0.1453125 0.23046875 0.16015625
6 0.31328125 0.27890625 0.209375 0.18203125
6 0.7359375 0.228125 0.23671875 0.19140625
6 0.76015625 0.41875 0.1703125 0.2390625
6 0.9234375 0.42265625 0.153125 0.2453125
6 0.94453125 0.17890625 0.1109375 0.22578125
6 0.9171875 0.69765625 0.165625 0.21796875
6 0.5859375 0.79375 0.2171875 0.21484375
6 0.5921875 0.94453125 0.2390625 0.1109375
6 0.06953125 0.87734375 0.1390625 0.2453125
6 0.64296875 0.05859375 0.19609375 0.11640625
6 0.1640625 0.03046875 0.225 0.05625
6 0.42578125 0.0234375 0.153125 0.046875