0 0.5185185185185185 0.5333333333333333 0.36492476851851857 0.4412210648148148
5 0.20249999999999999 0.07361111111111111 0.07210069444444445 0.08321180555555556
6 0.1982523148148148 0.3523263888888889 0.2226215277777778 0.2663252314814815
6 0.26633101851851854 0.5833680555555556 0.19992476851851854 0.26436921296296295
6 0.1134375 0.5949189814814815 0.17769675925925926 0.24140046296296305
6 0.12204861111111112 0.8361226851851852 0.1679282407407407 0.2182986111111113
6 0.5461863425925926 0.856556712962963 0.2625 0.2239814814814814
6 0.9179456018518518 0.6999942129629629 0.16410879629629632 0.2482060185185185
6 0.9963194444444443 0.5081944444444445 0.007361111111111285 0.17481481481481484
6 0.894798900462963 0.2977835648148148 0.21040219907407404 0.2526678240740742
6 0.6220486111111111 0.23093750000000002 0.28966435185185196 0.191886574074074
6 0.3831192129629629 0.10089699074074074 0.2568229166666667 0.17460069444444443
6 0.6750868055555556 0.08175347222222222 0.2587673611111111 0.10691550925925926
6 0.93515625 0.08677083333333334 0.1296875 0.08328703703703703
6 0.7874768518518518 0.9953530092592594 0.20687500000000014 0.00929398148148124
6 0.43251736111111116 0.9647135416666668 0.31284722222222217 0.07057291666666643
6 0.16890046296296296 0.9671875 0.24090277777777777 0.065625