6 0.8140625 0.36875 0.196875 0.378125
6 0.6109375 0.2359375 0.2328125 0.23125
6 0.36875 0.240625 0.26171875 0.25078125
6 0.15390625 0.34140625 0.234375 0.2203125
6 0.1125 0.56328125 0.2171875 0.23203125
6 0.215625 0.7890625 0.22734375 0.23203125
6 0.41171875 0.89375 0.2484375 0.2125
6 0.6140625 0.8171875 0.2515625 0.24140625
6 0.8609375 0.85703125 0.2515625 0.2265625
6 0.765625 0.63828125 0.24609375 0.21875
6 0.9515625 0.63046875 0.096875 0.26328125
6 0.9640625 0.28984375 0.07109375 0.29921875
6 0.97109375 0.35390625 0.0578125 0.16796875
6 0.940625 0.0625 0.11875 0.125
6 0.77109375 0.025 0.1828125 0.05
6 0.50390625 0.0625 0.225 0.125
6 0.221875 0.07578125 0.234375 0.1515625
0 0.48515625 0.51796875 0.34765625 0.3125