0 0.5182291666666667 0.5416319444444444 0.42358217592592595 0.38869791666666664
6 0.29432870370370373 0.25213541666666667 0.2651331018518519 0.22592013888888882
6 0.09178240740740741 0.29296875 0.16180555555555556 0.2921875
6 0.20755208333333336 0.5208159722222222 0.22323495370370372 0.22795138888888894
6 0.3344039351851852 0.8457118055555555 0.3203414351851851 0.27743055555555574
6 0.6039641203703704 0.8885894097222222 0.2416956018518519 0.22282118055555564
6 0.8541087962962962 0.95640625 0.22743055555555572 0.08718749999999993
6 0.904369212962963 0.8008506944444445 0.19126157407407404 0.24343749999999992
6 0.8736979166666666 0.5574305555555557 0.24780092592592595 0.21269097222222227
6 0.9749131944444445 0.45296875 0.05017361111111107 0.195451388888889
6 0.9584780092592592 0.23387152777777778 0.08304398148148166 0.22427083333333336
6 0.8035300925925926 0.20935763888888886 0.21556712962962976 0.21904513888888885
6 0.13449074074074074 0.04958333333333333 0.2564814814814815 0.09861111111111112
5 0.649537037037037 0.08571180555555555 0.1818287037037038 0.12098958333333334
5 0.7642071759259259 0.7822743055555555 0.13142361111111106 0.11329861111111121
5 0.20034722222222223 0.9763758680555554 0.15364583333333331 0.04724826388888914