0 0.503125 0.50390625 0.37421875 0.3515625
6 0.3109375 0.23828125 0.23515625 0.203125
6 0.09140625 0.28671875 0.1828125 0.2703125
6 0.21015625 0.496875 0.19609375 0.20703125
6 0.3078125 0.80078125 0.284375 0.25078125
6 0.56015625 0.83125 0.21328125 0.203125
6 0.79140625 0.92421875 0.20546875 0.1515625
6 0.88359375 0.734375 0.22734375 0.2203125
6 0.83828125 0.50390625 0.21953125 0.19140625
6 0.9625 0.39921875 0.075 0.18203125
6 0.95546875 0.19375 0.08828125 0.20859375
6 0.796875 0.17578125 0.1890625 0.19921875
6 0.175 0.0484375 0.23671875 0.09453125
5 0.659375 0.059375 0.1640625 0.11875
5 0.71953125 0.72265625 0.11640625 0.10234375
5 0.171875 0.95703125 0.13984375 0.0859375
6 0.025 0.665625 0.05 0.23203125