0 0.49776041666666665 0.51484375 0.41808449074074083 0.38282986111111106
6 0.31042824074074077 0.22911458333333332 0.2619502314814815 0.22222800925925928
6 0.09 0.27230902777777777 0.18 0.29149305555555555
6 0.18719328703703703 0.499380787037037 0.21999421296296293 0.22488425925925917
6 0.27133680555555556 0.8227488425925926 0.3164293981481482 0.272974537037037
6 0.5374074074074074 0.8627199074074074 0.2385127314814815 0.22153356481481482
6 0.7760648148148148 0.9419444444444445 0.22689814814814824 0.11611111111111114
6 0.8599710648148149 0.7681886574074074 0.20598379629629626 0.23850694444444437
6 0.8524479166666667 0.5253530092592593 0.2448032407407407 0.20924189814814814
6 0.9636168981481482 0.4190798611111111 0.037951388888888715 0.19297453703703696
6 0.9687673611111112 0.20009837962962962 0.05524305555555529 0.22156250000000002
6 0.8291608796296297 0.17874421296296297 0.21245370370370367 0.21608217592592593
6 0.17613425925925924 0.038871527777777776 0.2539814814814815 0.0745949074074074
5 0.6901909722222223 0.0674074074074074 0.1789467592592592 0.09810763888888889
5 0.712962962962963 0.7528761574074074 0.129826388888889 0.1114699074074073
5 0.1178240740740741 0.9665205439814816 0.15412037037037035 0.06695891203703681
6 0.007245370370370372 0.6694444444444445 0.014490740740740743 0.24592013888888892