0 0.5248726851851852 0.5493981481481481 0.38563078703703707 0.3709837962962963
5 0.8035821759259261 0.7633969907407407 0.08673032407407391 0.11129629629629623
5 0.9283680555555556 0.990949074074074 0.11976851851851862 0.018101851851852046
5 0.1970775462962963 0.39415509259259257 0.07359374999999999 0.0675868055555556
6 0.300613425925926 0.16456018518518517 0.23758680555555553 0.17799768518518516
6 0.3135648148148148 0.30114583333333333 0.2168287037037037 0.19940393518518515
6 0.744832175925926 0.27518518518518514 0.24509259259259258 0.2104456018518519
6 0.7719444444444445 0.47193287037037035 0.17784143518518505 0.25485532407407413
6 0.9297960069444444 0.48542245370370374 0.14040798611111108 0.2601273148148149
6 0.9489120370370371 0.2358912037037037 0.10217592592592588 0.23736111111111108
6 0.9247453703703703 0.764693287037037 0.15050925925925931 0.23288194444444432
6 0.6002951388888889 0.8457986111111111 0.225138888888889 0.23346064814814796
6 0.6078703703703704 0.9672902199074074 0.24590856481481466 0.06541956018518533
6 0.07795717592592592 0.88515625 0.13309027777777777 0.2296875
6 0.6453877314814814 0.09600694444444444 0.20093171296296292 0.12743055555555557
6 0.15510416666666665 0.03729166666666666 0.23130208333333332 0.0699074074074074
6 0.4222106481481481 0.04765625 0.1569212962962963 0.05457175925925926