0 0.5132118055555555 0.5076678240740741 0.41499999999999987 0.4087962962962964
6 0.4960590277777778 0.22757523148148148 0.29913194444444446 0.1828125
6 0.2579340277777778 0.2609085648148148 0.24463541666666666 0.2596354166666666
6 0.08616319444444445 0.39973958333333337 0.15927083333333333 0.2119791666666667
6 0.05845486111111111 0.5930844907407408 0.09352430555555555 0.16895254629629636
6 0.17902777777777779 0.679513888888889 0.19196180555555556 0.20772569444444428
6 0.23019097222222223 0.904810474537037 0.22144097222222223 0.19037905092592594
6 0.638263888888889 0.7956597222222223 0.23081597222222214 0.19979745370370364
6 0.8066319444444445 0.8879557291666667 0.22286458333333314 0.22408854166666678
6 0.9440104166666667 0.8794270833333334 0.11197916666666644 0.24114583333333323
6 0.9610026041666668 0.6689525462962964 0.07799479166666642 0.1689525462962962
6 0.758125 0.569039351851852 0.1669965277777777 0.2434895833333332
6 0.8860373263888889 0.41623263888888895 0.2279253472222223 0.23041087962962958
6 0.8601736111111112 0.17314814814814813 0.26111111111111107 0.22824074074074074
6 0.6132118055555555 0.08984375000000001 0.25531250000000016 0.14293981481481483
6 0.048767361111111115 0.8245659722222222 0.06473958333333332 0.1733506944444443