0 0.47475115740740736 0.5202604166666667 0.41938657407407404 0.3996874999999999
6 0.8507638888888888 0.8374131944444445 0.22218171296296277 0.2524305555555554
6 0.5892534722222222 0.8245659722222222 0.2695775462962963 0.21835069444444458
6 0.4217418981481481 0.9309548611111111 0.2527430555555556 0.13809027777777771
6 0.17297453703703702 0.6527083333333333 0.24016203703703703 0.2005208333333332
6 0.033774594907407404 0.5110416666666666 0.06754918981481481 0.22909722222222229
6 0.2965393518518519 0.2817708333333333 0.2336516203703704 0.1652430555555556
6 0.04138310185185185 0.06107638888888889 0.0827662037037037 0.11902777777777777
6 0.3542881944444444 0.04774305555555555 0.24142361111111113 0.08499999999999999
6 0.7167129629629629 0.08472222222222223 0.2611053240740741 0.14321180555555554
6 0.6445949074074073 0.2496354166666667 0.27046874999999987 0.19572916666666665
6 0.9019791666666667 0.2170486111111111 0.1904224537037038 0.23454861111111108
6 0.7828819444444445 0.5427430555555556 0.2270023148148148 0.2306770833333333
6 0.9532060185185184 0.59890625 0.06578703703703681 0.21772569444444442