0 0.44776041666666666 0.47446759259259264 0.4517881944444445 0.4346585648148148
6 0.4761516203703704 0.179369212962963 0.3208506944444444 0.19655092592592593
6 0.7258564814814814 0.2108159722222222 0.2678993055555555 0.27558449074074076
6 0.8973900462962963 0.35223958333333333 0.17063657407407398 0.22458912037037032
6 0.9189004629629629 0.5544039351851852 0.10090277777777779 0.17813657407407407
6 0.7917939814814815 0.6490046296296296 0.21015625 0.22118634259259268
6 0.729380787037037 0.874212962962963 0.23821759259259245 0.1821412037037035
6 0.30516782407407406 0.7778240740740741 0.2501793981481481 0.21313657407407405
6 0.12328125000000001 0.8768229166666668 0.24164351851851854 0.23995370370370353
6 0.021666666666666667 0.8703877314814814 0.043333333333333335 0.2592245370370371
6 0.006747685185185187 0.6487847222222223 0.013495370370370375 0.17586805555555554
6 0.18753472222222223 0.5417013888888889 0.1842997685185185 0.2580092592592592
6 0.09116319444444446 0.3823553240740741 0.1823263888888889 0.24153935185185188
6 0.11804542824074074 0.1250925925925926 0.23609085648148148 0.24039930555555555
6 0.35723379629629626 0.05640046296296296 0.2737673611111111 0.11280092592592592
6 0.919988425925926 0.7989062499999999 0.0700231481481481 0.18276620370370367