0 0.47032986111111114 0.5203298611111111 0.3165798611111111 0.29190972222222217
6 0.749357638888889 0.5765798611111111 0.2442013888888889 0.2965451388888889
6 0.8385590277777777 0.39947916666666666 0.22730902777777756 0.1798784722222222
6 0.8324479166666666 0.32583333333333336 0.3086111111111112 0.20041666666666663
6 0.9054861111111112 0.14289930555555558 0.18902777777777757 0.24927083333333333
6 0.3441319444444445 0.28057291666666667 0.24572916666666664 0.15531249999999996
6 0.4138888888888889 0.1890625 0.22508680555555555 0.16500000000000004
6 0.35769097222222224 0.2746180555555556 0.1813194444444445 0.14607638888888888
6 0.071875 0.11097222222222222 0.14375 0.22194444444444444
6 0.2689236111111111 0.07244791666666667 0.22152777777777777 0.1376041666666667
6 0.49352430555555554 0.06883680555555556 0.19963541666666665 0.11916666666666668
6 0.29756944444444444 0.6596006944444445 0.002760416666666643 0.009427083333333286
6 0.19918402777777777 0.5682638888888889 0.22972222222222222 0.21661458333333333
6 0.2259201388888889 0.77609375 0.2402430555555556 0.17236111111111113
6 0.060399305555555546 0.7555729166666667 0.12079861111111109 0.19708333333333333
6 0.21720486111111112 0.9328819444444445 0.22954861111111108 0.134236111111111
6 0.1004861111111111 0.9744053819444446 0.11564236111111112 0.051189236111110856
6 0.01943142361111111 0.9548871527777777 0.03886284722222222 0.09022569444444457