0 0.5 0.50078125 0.30703125 0.41875
6 0.25625 0.43984375 0.2234375 0.23984375
5 0.21328125 0.91484375 0.0671875 0.090625
6 0.17890625 0.76171875 0.21953125 0.22421875
6 0.0625 0.58984375 0.12421875 0.26328125
6 0.078125 0.3171875 0.15546875 0.253125
6 0.18203125 0.07265625 0.2359375 0.1453125
6 0.90546875 0.18671875 0.1890625 0.23515625
6 0.7765625 0.44140625 0.221875 0.20625
6 0.946875 0.5171875 0.10546875 0.21015625
6 0.93046875 0.721875 0.1390625 0.20703125
6 0.73125 0.70546875 0.1796875 0.2265625
6 0.76484375 0.85859375 0.25546875 0.1796875
6 0.9375 0.9171875 0.12421875 0.165625
6 0.69140625 0.94140625 0.20234375 0.1171875
6 0.47421875 0.92734375 0.22890625 0.14453125
6 0.38125 0.76953125 0.259375 0.1953125
6 0.1046875 0.92734375 0.209375 0.14453125
6 0.84140625 0.034375 0.21953125 0.06796875