0 0.496875 0.49921875 0.3453125 0.3421875
5 0.825 0.07578125 0.084375 0.07890625
6 0.3421875 0.27578125 0.23671875 0.20234375
6 0.659375 0.21484375 0.265625 0.21640625
6 0.8953125 0.33203125 0.209375 0.278125
6 0.78671875 0.5328125 0.2 0.24140625
6 0.8609375 0.7875 0.26171875 0.2375
6 0.5625 0.7921875 0.234375 0.20234375
6 0.49140625 0.9546875 0.2078125 0.090625
6 0.3078125 0.85703125 0.30546875 0.16171875
6 0.27421875 0.6671875 0.22109375 0.20625
6 0.1140625 0.92890625 0.22734375 0.14140625
6 0.07578125 0.72578125 0.14140625 0.22421875
6 0.09140625 0.471875 0.1828125 0.284375
6 0.0453125 0.059375 0.08984375 0.11796875
6 0.25078125 0.09140625 0.30546875 0.18203125
6 0.653125 0.04453125 0.240625 0.0890625
6 0.96953125 0.0671875 0.0609375 0.13125