0 0.5153067129629629 0.5069270833333334 0.520167824074074 0.3832812499999999
6 0.5833622685185185 0.777644675925926 0.23735532407407406 0.21043402777777764
6 0.15888310185185187 0.22174189814814813 0.22936921296296298 0.18454861111111107
6 0.14273726851851853 0.32036458333333334 0.21646412037037038 0.13126157407407407
6 0.54453125 0.22383680555555557 0.22034143518518512 0.19378472222222226
6 0.7588831018518519 0.2550173611111111 0.18721064814814808 0.22686921296296295
6 0.9232928240740741 0.3486226851851852 0.13480902777777787 0.22453125
6 0.941869212962963 0.5427719907407408 0.08093171296296298 0.16126736111111112
6 0.9155381944444443 0.8742303240740741 0.11009837962962976 0.18980902777777792
6 0.6824363425925926 0.9276562500000001 0.22016782407407404 0.12585069444444413
6 0.434375 0.9633449074074075 0.20219907407407406 0.06233796296296319
6 0.1203125 0.9679976851851851 0.18344907407407404 0.06206018518518519
6 0.09228153935185185 0.8382696759259259 0.1845630787037037 0.17424189814814817
6 0.28151041666666665 0.055254629629629626 0.3026041666666667 0.11050925925925925
6 0.5311921296296296 0.061788194444444444 0.24699074074074084 0.12357638888888889
6 0.7697916666666667 0.05134259259259259 0.2229166666666668 0.10268518518518518
6 0.984375 0.0908275462962963 0.027748842592592738 0.13783564814814814
6 0.0748046875 0.04843460648148148 0.149609375 0.09686921296296296
6 0.019191261574074074 0.5613136574074075 0.03838252314814815 0.24377893518518512
6 0.06746961805555556 0.5003819444444444 0.1349392361111111 0.21300925925925931
6 0.005555555555555552 0.9613831018518517 0.011111111111111105 0.07723379629629648