0 0.51015625 0.48671875 0.40078125 0.3828125
6 0.13125 0.184375 0.21171875 0.24296875
6 0.3890625 0.190625 0.259375 0.20859375
6 0.55 0.07421875 0.24453125 0.1484375
6 0.803125 0.35 0.23046875 0.19140625
6 0.95703125 0.48828125 0.0859375 0.22265625
6 0.6921875 0.71640625 0.225 0.15703125
6 0.95546875 0.9359375 0.08828125 0.12734375
6 0.64296875 0.9546875 0.2359375 0.090625
6 0.28515625 0.92578125 0.2546875 0.1484375
6 0.3515625 0.75546875 0.2609375 0.1859375
6 0.0953125 0.7953125 0.190625 0.22578125
6 0.20625 0.471875 0.2171875 0.221875
6 0.034375 0.421875 0.06875 0.2109375