6 0.7939293981481482 0.6861111111111111 0.22544560185185175 0.40033564814814826
6 0.5764988425925927 0.8111921296296296 0.25396412037037025 0.25071759259259246
6 0.3283391203703704 0.7936226851851852 0.284855324074074 0.2725694444444445
6 0.1202025462962963 0.6790335648148148 0.2404050925925926 0.23982060185185183
6 0.1005613425925926 0.4486805555555556 0.2011226851851852 0.24970486111111115
6 0.20399884259259257 0.2205960648148148 0.2485879629629629 0.25199652777777776
6 0.409375 0.12701967592592595 0.2663599537037037 0.22332175925925926
6 0.6151331018518519 0.2121354166666667 0.2733622685185185 0.2626273148148148
6 0.8659780092592593 0.18439236111111112 0.2653587962962963 0.24585648148148148
6 0.7604108796296296 0.40539351851851857 0.2665046296296296 0.23890624999999996
6 0.9386689814814815 0.4256076388888889 0.0943287037037038 0.27748842592592593
6 0.9312094907407408 0.7762962962962963 0.06989583333333335 0.31204861111111126
6 0.9422685185185186 0.7086921296296296 0.04777777777777779 0.17538194444444458
6 0.8938425925925927 0.9709895833333334 0.10620370370370366 0.05802083333333315
6 0.4532175925925926 0.9578645833333332 0.23745370370370367 0.08427083333333343
6 0.16420717592592593 0.9361863425925925 0.24693287037037037 0.12762731481481496
0 0.4640335648148149 0.5138425925925926 0.376886574074074 0.34042824074074074