5 0.1921875 0.15703125 0.09140625 0.0828125
5 0.03359375 0.13359375 0.06640625 0.06875
0 0.49765625 0.5453125 0.49375 0.51328125
6 0.115625 0.38515625 0.22890625 0.1984375
6 0.15234375 0.6109375 0.2171875 0.24140625
6 0.3265625 0.83984375 0.21171875 0.20078125
6 0.48046875 0.940625 0.2 0.11875
6 0.65703125 0.86796875 0.2078125 0.20078125
6 0.8953125 0.89453125 0.209375 0.1765625
6 0.8125 0.60234375 0.19609375 0.228125
6 0.8859375 0.37421875 0.221875 0.18125
6 0.87109375 0.159375 0.1734375 0.171875
6 0.45703125 0.16640625 0.26875 0.21015625
6 0.62578125 0.06953125 0.221875 0.1390625
6 0.1796875 0.04921875 0.221875 0.0984375