0 0.5328125 0.47890625 0.4890625 0.36171875
6 0.60859375 0.21640625 0.221875 0.19921875
6 0.178125 0.75859375 0.215625 0.17421875
6 0.165625 0.6640625 0.2046875 0.1234375
6 0.5515625 0.7515625 0.20625 0.18359375
6 0.76015625 0.71796875 0.1734375 0.21640625
6 0.93125 0.6265625 0.1375 0.21640625
6 0.95546875 0.43828125 0.0890625 0.15390625
6 0.94140625 0.11875 0.11640625 0.18203125
6 0.7109375 0.065625 0.2078125 0.13125
6 0.4734375 0.0359375 0.19296875 0.06953125
6 0.1703125 0.03515625 0.17578125 0.06953125
6 0.11171875 0.16640625 0.2234375 0.165625
6 0.2921875 0.934375 0.28828125 0.13125
6 0.534375 0.92578125 0.2328125 0.1484375
6 0.76484375 0.934375 0.21015625 0.13125
6 0.98125 0.87578125 0.03671875 0.1328125
6 0.08046875 0.94140625 0.1609375 0.1171875
6 0.03515625 0.4359375 0.0703125 0.23515625
6 0.09375 0.49140625 0.13515625 0.203125
6 0.03203125 0.0453125 0.06328125 0.08515625