0 0.4896122685185185 0.47089699074074076 0.3869849537037037 0.3722743055555554
5 0.21140625000000002 0.6853993055555556 0.08673611111111104 0.11226851851851852
5 0.09068287037037036 0.9526967592592591 0.12094907407407407 0.09217592592592609
5 0.8175000000000001 0.31634259259259256 0.07469328703703723 0.06791087962962968
6 0.7079166666666667 0.0859302662037037 0.23950810185185176 0.1718605324074074
6 0.6980034722222223 0.22171874999999996 0.217806712962963 0.20028356481481477
6 0.26011574074074073 0.19206018518518517 0.24678240740740742 0.2111574074074074
6 0.23735532407407406 0.3901909722222222 0.1783969907407407 0.2568113425925926
6 0.0748900462962963 0.4033043981481482 0.14563078703703702 0.2613599537037036
6 0.05191550925925925 0.15049189814814815 0.10329861111111112 0.23964120370370373
6 0.0840162037037037 0.6857523148148148 0.1594849537037037 0.23396412037037032
6 0.41992476851851845 0.7699363425925926 0.22587384259259266 0.23506365740740734
6 0.4148032407407408 0.9226041666666667 0.24770833333333328 0.12530092592592582
6 0.9410648148148149 0.8271296296296295 0.11787037037037038 0.2548379629629629
6 0.3565798611111111 0.037702546296296297 0.20143518518518527 0.07540509259259259