0 0.49921875 0.5046875 0.34296875 0.365625
5 0.40625 0.21484375 0.11875 0.08125
5 0.24765625 0.1546875 0.09765625 0.08125
5 0.8984375 0.03671875 0.08828125 0.06796875
5 0.72578125 0.42734375 0.1046875 0.1125
6 0.78125 0.62421875 0.21796875 0.21796875
6 0.14375 0.51875 0.2390625 0.221875
6 0.27578125 0.69140625 0.20234375 0.18359375
6 0.2296875 0.9171875 0.234375 0.15703125
6 0.8171875 0.92890625 0.17890625 0.13125
6 0.98046875 0.90234375 0.0390625 0.16796875
6 0.56171875 0.1828125 0.2046875 0.24296875
6 0.3515625 0.0734375 0.22890625 0.146875
6 0.70390625 0.0578125 0.22734375 0.115625