0 0.4769965277777778 0.5188136574074075 0.43483217592592605 0.42787037037037035
5 0.9578530092592592 0.4501215277777778 0.04572916666666664 0.09964120370370359
5 0.15642361111111108 0.9631655092592591 0.11576967592592591 0.07366898148148167
6 0.46553819444444444 0.896746238425926 0.23473958333333336 0.20650752314814796
6 0.16866319444444444 0.47446759259259264 0.22631944444444446 0.21263888888888882
6 0.06628761574074074 0.3842071759259259 0.13257523148148148 0.21685185185185185
6 0.1065306712962963 0.19007523148148148 0.2130613425925926 0.20539930555555555
6 0.38242476851851853 0.09427083333333333 0.21171296296296296 0.1716435185185185
6 0.21326388888888886 0.03683449074074074 0.18519097222222225 0.06633101851851851
6 0.0310546875 0.03139467592592592 0.062109375 0.0627662037037037
6 0.607806712962963 0.0633912037037037 0.2429398148148149 0.09690393518518521
6 0.6352488425925926 0.24338541666666663 0.18605902777777777 0.21846643518518521
6 0.8218807870370369 0.19023148148148147 0.25070023148148124 0.21648148148148144
6 0.9449421296296296 0.6085763888888889 0.06190972222222228 0.2311689814814814
6 0.7726793981481481 0.686412037037037 0.23865740740740726 0.2098842592592593
6 0.7875752314814815 0.9115046296296295 0.22844328703703703 0.1769907407407409
6 0.6903472222222222 0.9184027777777779 0.2656481481481482 0.16319444444444428
6 0.2780497685185185 0.8094675925925927 0.23314814814814816 0.20894097222222213
6 0.0882957175925926 0.8337789351851853 0.1765914351851852 0.22168981481481467
6 0.09539351851851852 0.6763368055555555 0.19078703703703703 0.19712384259259252
6 0.98859375 0.11379629629629631 0.022812499999999857 0.16916666666666663