0 0.5120023148148147 0.5161805555555555 0.39127893518518525 0.4303993055555555
6 0.23211226851851854 0.6481770833333333 0.2691782407407407 0.25164930555555554
6 0.34596643518518516 0.8499826388888889 0.2719675925925927 0.22913194444444435
6 0.713125 0.70625 0.18850115740740742 0.23401041666666664
6 0.894798900462963 0.7075520833333333 0.21040219907407404 0.2714062499999999
6 0.8729210069444445 0.28718750000000004 0.254157986111111 0.27854166666666663
6 0.7366898148148148 0.08348958333333333 0.2671296296296296 0.11336805555555556
6 0.96796875 0.06645833333333333 0.0640625 0.04972222222222222
6 0.4027604166666666 0.15140625 0.2484895833333333 0.27805555555555556
6 0.22001157407407407 0.3056770833333333 0.249681712962963 0.253125
6 0.5541782407407407 0.9243359375000001 0.24704282407407413 0.15132812499999987
6 0.4613541666666666 0.9841145833333332 0.2850462962962963 0.03177083333333357
6 0.1371412037037037 0.9251953125 0.24908564814814818 0.149609375
6 0.9671527777777778 0.9400173611111111 0.0656944444444445 0.11996527777777785
6 0.07002893518518519 0.14208333333333334 0.14001157407407408 0.2810416666666667