0 0.4895601851851851 0.48895833333333333 0.47547453703703707 0.37098958333333326
6 0.8078993055555556 0.5868229166666666 0.2627025462962962 0.2649131944444445
6 0.8014525462962963 0.34585069444444444 0.2433796296296297 0.2149652777777778
5 0.46559027777777773 0.21664930555555556 0.118888888888889 0.11281249999999998
5 0.09717592592592592 0.05717881944444444 0.13732060185185185 0.11435763888888888
6 0.2921990740740741 0.7538715277777778 0.2738194444444444 0.2552777777777777
6 0.8403703703703703 0.8571874999999999 0.287175925925926 0.217690972222222
6 0.16763888888888887 0.92546875 0.20428819444444443 0.14699652777777777
6 0.15185185185185185 0.5533159722222223 0.20754050925925926 0.22817708333333328
6 0.044016203703703696 0.50484375 0.04085648148148148 0.21609374999999992
6 0.30008101851851854 0.27883680555555557 0.22532407407407407 0.2258506944444445
6 0.4267418981481481 0.08780815972222222 0.2306886574074074 0.17561631944444445
6 0.60875 0.03095486111111111 0.20656250000000007 0.06190972222222222
6 0.8370775462962964 0.06904513888888889 0.2241550925925928 0.13809027777777777
6 0.9670196759259259 0.14539930555555552 0.06596064814814824 0.2328125
6 0.9754803240740741 0.5901388888888889 0.04903935185185162 0.23479166666666665