0 0.5019965277777778 0.5543923611111111 0.3551736111111111 0.3811458333333334
6 0.37 0.30368055555555556 0.24920138888888888 0.21559027777777776
6 0.1403125 0.22822916666666665 0.22348958333333332 0.25328125
6 0.7197222222222223 0.2536111111111111 0.2413541666666667 0.21385416666666668
6 0.9390451388888887 0.47890625 0.10668402777777786 0.23272569444444446
6 0.9568229166666665 0.6989409722222222 0.060243055555555716 0.18093749999999992
6 0.9320486111111113 0.8983159722222223 0.10138888888888857 0.20336805555555557
6 0.7402604166666666 0.7363368055555555 0.20581597222222214 0.19588541666666667
6 0.5493750000000001 0.8493402777777778 0.21598958333333335 0.23203125
6 0.21347222222222223 0.6996180555555556 0.24416666666666673 0.23499999999999996
6 0.02973958333333333 0.6664236111111111 0.05947916666666666 0.21722222222222226
6 0.06797309027777779 0.46253472222222225 0.13594618055555557 0.2227256944444445
6 0.3807291666666667 0.10225694444444444 0.3010416666666666 0.19409722222222223
6 0.5958159722222222 0.025746527777777778 0.15289930555555564 0.028385416666666663
6 0.8673437500000001 0.08258680555555556 0.24265624999999993 0.1318923611111111
6 0.9572222222222223 0.22371527777777778 0.08118055555555585 0.20951388888888892