0 0.4751678240740741 0.4662847222222222 0.4425810185185185 0.460619212962963
6 0.09006944444444445 0.7733912037037036 0.1801388888888889 0.22986111111111107
6 0.379837962962963 0.8673321759259259 0.22909143518518515 0.2303819444444443
6 0.5749131944444444 0.8900868055555555 0.1575231481481481 0.15751157407407418
6 0.7523321759259259 0.8507175925925925 0.20530671296296282 0.2172743055555557
6 0.7843865740740741 0.6374710648148149 0.19343749999999993 0.2641435185185184
6 0.13659143518518518 0.5752546296296297 0.2190451388888889 0.207170138888889
6 0.14903935185185185 0.392025462962963 0.21585648148148148 0.23115740740740742
6 0.5265567129629629 0.20587962962962963 0.3771238425925926 0.17286458333333332
6 0.40435185185185185 0.14527199074074076 0.32736111111111105 0.20423032407407407
6 0.11873842592592591 0.05223524305555556 0.196875 0.10447048611111112
6 0.4014351851851852 0.04898726851851852 0.26666087962962964 0.09797453703703704
6 0.786863425925926 0.05409143518518519 0.2239293981481481 0.10818287037037037
6 0.8371238425925928 0.19995370370370372 0.23484953703703723 0.1878298611111111
6 0.9337905092592592 0.727662037037037 0.09093750000000007 0.17384259259259274