0 0.44718749999999996 0.4643229166666667 0.40352430555555563 0.4303993055555555
6 0.7235763888888889 0.5962847222222222 0.27628472222222217 0.25164930555555554
6 0.6038888888888889 0.7980902777777779 0.27840277777777783 0.22913194444444435
6 0.24147569444444444 0.6543576388888889 0.1951909722222222 0.23401041666666664
6 0.08434895833333333 0.6551041666666666 0.16869791666666667 0.2702604166666667
6 0.1124826388888889 0.23473958333333336 0.2249652777777778 0.2773958333333333
6 0.2346701388888889 0.04377604166666667 0.2689409722222222 0.08755208333333334
6 0.01875 0.01875 0.0375 0.0375
6 0.5668923611111112 0.11948350694444446 0.25602430555555566 0.2389670138888889
6 0.7450347222222222 0.2538194444444445 0.2568576388888889 0.253125
6 0.3923263888888889 0.8917013888888888 0.25244791666666666 0.1889930555555555
6 0.4825520833333333 0.9492881944444445 0.28758680555555555 0.06736111111111107
6 0.8184374999999999 0.8828993055555555 0.27185763888888914 0.16958333333333328
6 0.008090277777777776 0.9144444444444446 0.016180555555555552 0.17111111111111085
6 0.9128125 0.11498263888888889 0.17437499999999986 0.22996527777777778