0 0.47468171296296297 0.525318287037037 0.3898842592592592 0.44991319444444444
6 0.327662037037037 0.8046006944444445 0.2504976851851852 0.2232349537037038
6 0.1321021412037037 0.6497106481481482 0.2642042824074074 0.24453125
6 0.6767766203703703 0.904224537037037 0.21112268518518515 0.19155092592592596
6 0.7221527777777778 0.7287326388888888 0.25436342592592587 0.22274305555555554
6 0.7616898148148148 0.4956018518518519 0.20611689814814813 0.23784722222222215
6 0.6799826388888889 0.27152777777777776 0.2342534722222222 0.22514467592592596
6 0.9126909722222223 0.15465856481481483 0.17396990740740748 0.17320601851851852
6 0.7341261574074074 0.10457175925925925 0.17862268518518523 0.11284722222222224
6 0.5394155092592593 0.12387152777777777 0.25550347222222225 0.18469328703703702
6 0.28306712962962965 0.137037037037037 0.2763541666666667 0.18156828703703703
6 0.2077025462962963 0.3502604166666667 0.23777199074074068 0.24797453703703703
6 0.03961082175925926 0.3307002314814815 0.07922164351851851 0.22155671296296298
6 0.08214699074074075 0.96484375 0.1642939814814815 0.0703125
6 0.28216435185185185 0.9699074074074074 0.22584490740740737 0.06018518518518512
6 0.8857638888888889 0.8948567708333334 0.15316550925925937 0.2102864583333332
6 0.9328877314814814 0.6423900462962963 0.08464120370370373 0.19149305555555554
6 0.0609375 0.03888888888888889 0.121875 0.07777777777777778