0 0.5112152777777779 0.4912847222222222 0.4220659722222223 0.4044965277777777
6 0.41149305555555554 0.793125 0.2919270833333334 0.20560763888888883
6 0.32267361111111115 0.9507421875000001 0.27494791666666674 0.09851562499999993
6 0.08539930555555555 0.9109375 0.1707986111111111 0.178125
6 0.08940972222222222 0.5653819444444445 0.17881944444444445 0.20888888888888885
6 0.13895833333333332 0.2539930555555555 0.2593229166666667 0.24939236111111107
6 0.34411458333333333 0.16710069444444445 0.22814236111111103 0.2869618055555555
6 0.6860243055555555 0.22237847222222223 0.2501736111111111 0.25934027777777774
6 0.9102777777777777 0.190625 0.17704861111111114 0.27177083333333335
6 0.8887152777777778 0.5981597222222221 0.201840277777778 0.22781249999999992
6 0.7543923611111112 0.8390451388888888 0.24079861111111106 0.18885416666666685
6 0.749826388888889 0.9642708333333333 0.24097222222222214 0.07145833333333336