0 0.5140625 0.49609375 0.353125 0.40390625
5 0.4078125 0.1296875 0.11796875 0.1390625
5 0.0578125 0.559375 0.084375 0.10859375
6 0.16171875 0.321875 0.29609375 0.23984375
6 0.83671875 0.165625 0.26328125 0.27265625
6 0.78671875 0.3984375 0.2578125 0.2609375
6 0.83125 0.803125 0.23671875 0.23359375
6 0.73984375 0.9609375 0.21015625 0.078125
6 0.5359375 0.81015625 0.2515625 0.221875
6 0.15390625 0.86875 0.265625 0.23125
6 0.11875 0.09140625 0.21328125 0.18203125
6 0.21015625 0.05859375 0.209375 0.11640625
5 0.3203125 0.1 0.053125 0.065625
5 0.21953125 0.18828125 0.05546875 0.0484375
6 0.68515625 0.028125 0.1796875 0.05625