0 0.50859375 0.484375 0.34765625 0.3671875
6 0.23984375 0.40390625 0.21328125 0.20703125
6 0.10625 0.246875 0.2078125 0.24140625
6 0.34765625 0.10234375 0.20625 0.178125
6 0.17890625 0.08359375 0.196875 0.16640625
6 0.76953125 0.1734375 0.26953125 0.2359375
6 0.85546875 0.38203125 0.21796875 0.278125
6 0.94375 0.4421875 0.1125 0.23125
6 0.7921875 0.64375 0.26171875 0.20078125
6 0.96171875 0.83125 0.0765625 0.1953125
6 0.9578125 0.9671875 0.084375 0.0625
6 0.67265625 0.89765625 0.2734375 0.2046875
6 0.44609375 0.92109375 0.1890625 0.1578125
6 0.39296875 0.78515625 0.278125 0.21640625
6 0.0453125 0.49921875 0.08984375 0.2375
6 0.15 0.50703125 0.21015625 0.25546875
6 0.6203125 0.0234375 0.17734375 0.046875
6 0.93203125 0.0609375 0.1359375 0.12109375