0 0.4531770833333333 0.43926504629629626 0.38822916666666674 0.40741898148148153
5 0.3344270833333333 0.7497858796296296 0.13151041666666669 0.09339120370370377
5 0.16218749999999998 0.8238020833333334 0.10963541666666665 0.09209490740740733
5 0.84375 0.9071412037037039 0.09854166666666657 0.07743055555555571
5 0.6876562500000001 0.5055208333333333 0.11885416666666657 0.12532407407407398
6 0.7600520833333334 0.2950173611111111 0.24656249999999993 0.24339120370370368
6 0.10498697916666666 0.44622685185185185 0.20997395833333332 0.24656249999999993
6 0.22963541666666668 0.2556365740740741 0.22697916666666665 0.20643518518518517
6 0.19296875 0.05641782407407407 0.2546875 0.11283564814814814
6 0.8157291666666666 0.02369357638888889 0.19739583333333358 0.04738715277777778
6 0.9821354166666666 0.039907407407407405 0.03572916666666685 0.07981481481481481
6 0.49697916666666664 0.7743923611111111 0.23427083333333343 0.2691203703703703
6 0.2666145833333333 0.9032118055555556 0.25250000000000006 0.1690393518518519
6 0.6381770833333332 0.8975347222222222 0.24875000000000008 0.13613425925925923