0 0.5219965277777778 0.47888888888888886 0.4687326388888888 0.39194444444444443
6 0.2069849537037037 0.628263888888889 0.21005787037037038 0.20050347222222217
6 0.36963541666666666 0.8648090277777778 0.27217013888888886 0.2611805555555556
6 0.8059375 0.7424652777777778 0.25905671296296295 0.22421875
6 0.9655309606481481 0.8188715277777778 0.0689380787037038 0.225138888888889
6 0.8425925925925928 0.9121874999999999 0.22703703703703723 0.14470486111111142
6 0.8601157407407408 0.5214409722222222 0.2625983796296296 0.2313194444444445
6 0.9038831018518518 0.4098090277777778 0.19223379629629633 0.2328125
6 0.9077430555555555 0.20645833333333333 0.184513888888889 0.2511111111111111
6 0.6802546296296297 0.23208333333333334 0.22448495370370375 0.19380208333333337
6 0.5377083333333333 0.05152777777777777 0.22541666666666665 0.10305555555555554
6 0.6559837962962962 0.015520833333333334 0.16821759259259253 0.03104166666666667
6 0.8774537037037037 0.03291232638888889 0.2260011574074074 0.06582465277777778
6 0.30752314814814813 0.07195312499999999 0.2072337962962963 0.14390624999999999
6 0.10045717592592593 0.1 0.20091435185185186 0.2
6 0.09294560185185184 0.4727777777777778 0.1418634259259259 0.20835069444444443
6 0.27223958333333337 0.40934027777777776 0.19418981481481482 0.16972222222222227
6 0.35273726851851855 0.2628298611111111 0.27307291666666667 0.22374999999999998
5 0.06940393518518517 0.6563541666666668 0.06691550925925926 0.11539930555555564
5 0.5969328703703705 0.8589756944444444 0.20190393518518518 0.15506944444444457