0 0.5280555555555556 0.5082175925925926 0.4285763888888889 0.492824074074074
6 0.22345486111111112 0.25494791666666666 0.25986111111111115 0.2773726851851852
6 0.4851041666666667 0.15613425925925928 0.28718749999999993 0.24247685185185186
6 0.8028472222222222 0.15775462962962963 0.20692708333333343 0.21374421296296298
6 0.7951215277777777 0.47751736111111115 0.19725694444444458 0.23524305555555552
6 0.9095833333333333 0.9460648148148149 0.18083333333333335 0.10787037037037024
6 0.43149305555555556 0.9663556134259259 0.17362847222222227 0.0672887731481481
6 0.37774305555555554 0.8047453703703704 0.20803819444444444 0.19348958333333321
6 0.2543229166666666 0.7307002314814814 0.2317708333333334 0.20763888888888893
6 0.11892361111111112 0.887818287037037 0.19010416666666669 0.22436342592592595
6 0.06229166666666667 0.3793402777777778 0.11149305555555558 0.2047453703703704