0 0.50625 0.50859375 0.4125 0.41953125
6 0.87578125 0.234375 0.1796875 0.2109375
6 0.58828125 0.11640625 0.2140625 0.2328125
6 0.40078125 0.08359375 0.1484375 0.1671875
6 0.23046875 0.11171875 0.19296875 0.22265625
6 0.2046875 0.325 0.17890625 0.24375
6 0.8296875 0.4234375 0.2046875 0.1875
6 0.82265625 0.59921875 0.20078125 0.2109375
6 0.46484375 0.7578125 0.35859375 0.1453125
6 0.584375 0.82265625 0.309375 0.178125
6 0.86328125 0.94296875 0.1859375 0.1140625
6 0.590625 0.9375 0.253125 0.125
6 0.22109375 0.921875 0.2109375 0.15625
6 0.165625 0.7453125 0.22109375 0.16796875
6 0.0515625 0.23125 0.09765625 0.1625