0 0.47421296296296295 0.5246006944444443 0.4626909722222223 0.3726736111111112
6 0.7876562500000001 0.6516203703703705 0.25359374999999995 0.26588541666666676
6 0.7883854166666666 0.412962962962963 0.23570601851851852 0.21503472222222228
5 0.45914930555555555 0.2531423611111111 0.11489004629629633 0.11282407407407406
5 0.09771412037037037 0.05967013888888889 0.13292824074074075 0.11609953703703704
6 0.27079861111111114 0.7675694444444445 0.26576967592592593 0.2555960648148149
6 0.8120717592592592 0.9066753472222222 0.2795023148148147 0.1866493055555555
6 0.14227430555555556 0.9262268518518517 0.19971064814814815 0.14754629629629648
6 0.1366087962962963 0.5562384259259259 0.20020833333333332 0.2280150462962963
6 0.03034722222222222 0.4976851851851851 0.03756944444444445 0.21490162037037025
6 0.2920196759259259 0.29907986111111107 0.21732638888888892 0.2265625
6 0.4254108796296297 0.11488425925925924 0.22267361111111122 0.19641782407407407
6 0.6082118055555557 0.07131944444444445 0.2039236111111112 0.09013888888888891
6 0.8321180555555555 0.12505208333333334 0.21736111111111106 0.17508101851851848
6 0.9642824074074074 0.23119791666666667 0.07143518518518518 0.23115162037037038
6 0.9669212962962963 0.6739641203703703 0.06615740740740747 0.23390046296296313