6 0.2672395833333333 0.26006944444444446 0.2265625 0.25592013888888887
0 0.5230208333333334 0.5313368055555555 0.35727430555555556 0.4131423611111112
5 0.16069444444444445 0.1367013888888889 0.08098958333333335 0.09725694444444444
6 0.8838368055555555 0.18927083333333333 0.23232638888888885 0.26659722222222226
6 0.6730555555555556 0.25859375 0.23859375000000008 0.23538194444444444
6 0.8192361111111112 0.47972222222222227 0.27465277777777786 0.2424479166666666
6 0.8916145833333333 0.6736805555555556 0.21677083333333336 0.25687500000000013
6 0.5879513888888889 0.9090277777777779 0.2576041666666667 0.1819444444444443
6 0.3589236111111111 0.8991840277777777 0.19378472222222226 0.2016319444444445
6 0.19210069444444447 0.9119965277777778 0.18211805555555555 0.17600694444444437
6 0.20395833333333332 0.5733506944444444 0.24975694444444443 0.2460243055555555
6 0.029600694444444443 0.5593576388888889 0.03802083333333332 0.16559027777777774
6 0.10112847222222224 0.05522569444444444 0.20225694444444448 0.11045138888888888
6 0.9578645833333332 0.9441493055555554 0.08427083333333343 0.11170138888888914
6 0.9231423611111111 0.9894965277777779 0.148159722222222 0.021006944444444287