0 0.50390625 0.49453125 0.3546875 0.34140625
6 0.265625 0.22421875 0.2140625 0.20234375
6 0.68515625 0.18359375 0.23515625 0.26796875
6 0.76640625 0.39765625 0.25 0.2546875
6 0.90703125 0.253125 0.1859375 0.23671875
6 0.94609375 0.528125 0.10703125 0.2265625
6 0.93671875 0.83359375 0.1265625 0.2109375
6 0.51015625 0.83125 0.19453125 0.1984375
6 0.88515625 0.9546875 0.2171875 0.090625
6 0.27890625 0.73828125 0.23515625 0.18359375
6 0.3375 0.9421875 0.259375 0.115625
6 0.1140625 0.95703125 0.19453125 0.0859375
6 0.0359375 0.83203125 0.071875 0.19296875
6 0.06640625 0.59453125 0.12734375 0.2453125
6 0.22890625 0.47734375 0.1828125 0.246875
6 0.07578125 0.315625 0.1515625 0.25625
6 0.06953125 0.06328125 0.1390625 0.1265625
6 0.4609375 0.09140625 0.2265625 0.18203125
6 0.65859375 0.01796875 0.15 0.0359375
6 0.96484375 0.0234375 0.0703125 0.046875