0 0.503125 0.49609375 0.34765625 0.33828125
6 0.16875 0.32421875 0.22890625 0.15703125
6 0.5109375 0.1328125 0.18125 0.18515625
5 0.20625 0.15703125 0.05546875 0.08359375
6 0.678125 0.0703125 0.2 0.140625
6 0.921875 0.27578125 0.15625 0.3015625
6 0.865625 0.54609375 0.21796875 0.228125
6 0.978125 0.66875 0.04375 0.165625
6 0.86328125 0.75390625 0.215625 0.1875
6 0.88515625 0.9265625 0.2296875 0.146875
6 0.52421875 0.7890625 0.2609375 0.20078125
6 0.2921875 0.665625 0.18515625 0.27421875
6 0.0359375 0.6078125 0.071875 0.17890625
6 0.0484375 0.06328125 0.096875 0.1265625
6 0.084375 0.9671875 0.16796875 0.065625