6 0.734375 0.24921875 0.2171875 0.24140625
0 0.48828125 0.50390625 0.34296875 0.390625
5 0.83671875 0.1328125 0.078125 0.0921875
6 0.12265625 0.1546875 0.23125 0.25234375
6 0.334375 0.2296875 0.2296875 0.22109375
6 0.1953125 0.44140625 0.26484375 0.2265625
6 0.121875 0.628125 0.22109375 0.2421875
6 0.434375 0.8921875 0.2484375 0.2046875
6 0.66015625 0.8890625 0.1859375 0.221875
6 0.8234375 0.90546875 0.1765625 0.18828125
6 0.803125 0.559375 0.240625 0.23046875
6 0.9796875 0.553125 0.040625 0.159375
6 0.89609375 0.05390625 0.19921875 0.10703125
6 0.05546875 0.9140625 0.1109375 0.153125
6 0.10625 0.96484375 0.14609375 0.0703125