0 0.5 0.51796875 0.36015625 0.41171875
6 0.37109375 0.23671875 0.234375 0.20078125
6 0.17265625 0.37265625 0.24765625 0.2203125
6 0.71640625 0.1609375 0.196875 0.1796875
6 0.7515625 0.33828125 0.23828125 0.19921875
6 0.778125 0.56796875 0.190625 0.21796875
6 0.6875 0.7796875 0.21796875 0.203125
6 0.91171875 0.91171875 0.16640625 0.1546875
6 0.73359375 0.95 0.1703125 0.1
6 0.54375 0.915625 0.240625 0.1625
6 0.29375 0.88125 0.26171875 0.15703125
6 0.23046875 0.66875 0.22109375 0.22578125
6 0.05 0.675 0.1 0.209375
6 0.11328125 0.0453125 0.215625 0.0875
6 0.3375 0.04765625 0.215625 0.0953125
6 0.61875 0.0265625 0.1875 0.053125
6 0.925 0.1828125 0.15 0.20625
6 0.9578125 0.43828125 0.084375 0.1828125
6 0.06875 0.9640625 0.12421875 0.07109375