0 0.51171875 0.49453125 0.31484375 0.37265625
6 0.58671875 0.21796875 0.24453125 0.1890625
6 0.5921875 0.11875 0.284375 0.16171875
6 0.47578125 0.07265625 0.21796875 0.140625
6 0.9578125 0.16796875 0.084375 0.23359375
6 0.89453125 0.03828125 0.20078125 0.07578125
6 0.9203125 0.4453125 0.15859375 0.221875
6 0.7515625 0.64765625 0.23828125 0.24140625
6 0.9125 0.80078125 0.15859375 0.23515625
6 0.725 0.9265625 0.25 0.146875
5 0.5671875 0.915625 0.10078125 0.096875
6 0.11640625 0.52734375 0.225 0.25703125
6 0.06796875 0.13828125 0.1203125 0.18203125
6 0.09296875 0.07578125 0.1578125 0.1515625
6 0.1921875 0.0734375 0.11875 0.146875
6 0.059375 0.83515625 0.11875 0.2671875