0 0.5240393518518519 0.5250868055555555 0.35389467592592594 0.38399305555555563
6 0.3816377314814815 0.28656249999999994 0.24834490740740742 0.21857638888888892
6 0.1506712962962963 0.22720486111111113 0.2229166666666667 0.2556770833333334
6 0.7244791666666667 0.21421874999999999 0.24048611111111118 0.2166666666666667
6 0.9491304976851852 0.4221180555555556 0.10173900462962955 0.23309027777777783
6 0.9751678240740741 0.637517361111111 0.049664351851851765 0.181111111111111
6 0.9584374999999999 0.8383854166666665 0.08312500000000007 0.20472222222222242
6 0.769068287037037 0.6894270833333334 0.20482060185185205 0.1979166666666668
6 0.586556712962963 0.8133159722222223 0.21526041666666665 0.23427083333333343
6 0.24647569444444445 0.6884027777777778 0.24345486111111114 0.23786458333333335
6 0.055798611111111104 0.6687152777777777 0.0782175925925926 0.2172569444444445
6 0.08491319444444444 0.46324652777777775 0.14862268518518518 0.2235069444444445
6 0.38104166666666667 0.09328993055555555 0.29880208333333336 0.1865798611111111
6 0.5895949074074074 0.006553819444444444 0.15184606481481477 0.013107638888888887
6 0.8606076388888889 0.05152777777777777 0.24152777777777779 0.10305555555555554
6 0.9578472222222223 0.16765625 0.0843055555555555 0.20857638888888888