0 0.465625 0.4928125 0.46374999999999994 0.45027777777777783
6 0.07963541666666667 0.7897395833333334 0.15927083333333333 0.22607638888888887
6 0.35421874999999997 0.888454861111111 0.23864583333333336 0.20968750000000008
6 0.5503645833333334 0.9184201388888888 0.16374999999999992 0.13937500000000008
6 0.7304166666666667 0.8855555555555554 0.21447916666666664 0.19822916666666685
6 0.77078125 0.6779340277777778 0.20536458333333343 0.2604340277777778
6 0.11901041666666667 0.5902256944444444 0.22875 0.20166666666666658
6 0.13911458333333335 0.4056770833333333 0.22651041666666666 0.22657986111111122
6 0.5267708333333333 0.23090277777777776 0.3875520833333333 0.16151041666666668
6 0.4047395833333334 0.1657465277777778 0.33828125 0.19473958333333333
6 0.12130208333333332 0.05517361111111111 0.20427083333333335 0.11034722222222222
6 0.4069791666666667 0.0562890625 0.2743229166666666 0.112578125
6 0.7956770833333333 0.06889756944444445 0.23208333333333328 0.1377951388888889
6 0.84078125 0.23640625 0.24453125 0.18095486111111114
6 0.9102083333333333 0.7746875 0.08479166666666664 0.1719444444444445