0 0.4846527777777778 0.543894675925926 0.3723553240740742 0.43039351851851854
6 0.6218923611111111 0.2693287037037037 0.24032407407407402 0.21293402777777776
6 0.8163020833333334 0.41555555555555557 0.254184027777778 0.23315393518518518
6 0.27882523148148153 0.17564236111111112 0.20219907407407406 0.18989583333333332
6 0.23841435185185186 0.3511631944444445 0.24418402777777776 0.21157407407407405
6 0.2050462962962963 0.5794733796296296 0.19708333333333333 0.2278530092592593
6 0.2893981481481481 0.7958912037037036 0.22398726851851852 0.21442708333333335
6 0.07338107638888888 0.9162962962962963 0.14676215277777777 0.16331597222222208
6 0.23825810185185184 0.9546990740740741 0.173275462962963 0.09060185185185184
6 0.4291203703703704 0.9258969907407408 0.24543981481481492 0.14820601851851833
6 0.6801388888888888 0.9162847222222222 0.26637152777777795 0.16743055555555558
6 0.7497164351851853 0.7086516203703703 0.22778356481481482 0.23724537037037036
6 0.93 0.7242592592592593 0.10620370370370366 0.21456018518518521
6 0.8853761574074074 0.09129050925925927 0.21821759259259252 0.09868055555555555
6 0.6610879629629629 0.08200810185185185 0.21844907407407418 0.10649305555555558
6 0.38046296296296295 0.04633101851851852 0.1890740740740741 0.06284722222222223
6 0.07381944444444445 0.1867013888888889 0.1476388888888889 0.2140277777777778
6 0.037048611111111115 0.44046874999999996 0.07409722222222223 0.18718749999999992
6 0.9026851851851851 0.986791087962963 0.1263252314814814 0.02641782407407405