0 0.47523726851851855 0.5002256944444444 0.3792361111111111 0.35936921296296287
6 0.7312037037037037 0.22342592592592592 0.22885995370370366 0.21267361111111108
6 0.2965162037037037 0.17478009259259258 0.25353009259259257 0.2809780092592592
6 0.2055671296296296 0.3954050925925926 0.26798032407407407 0.2679166666666667
6 0.08261574074074074 0.24343750000000003 0.16523148148148148 0.24937500000000004
6 0.03770833333333333 0.5256481481481481 0.07541666666666666 0.23567129629629627
6 0.043026620370370375 0.8437673611111112 0.08605324074074075 0.21878472222222242
6 0.45864004629629634 0.8493518518518519 0.20843171296296284 0.20846643518518526
6 0.0902488425925926 0.9609375 0.1804976851851852 0.078125
6 0.7021122685185185 0.7568229166666667 0.250960648148148 0.1942592592592593
6 0.6351793981481482 0.9523553240740741 0.2718055555555555 0.09528935185185183
6 0.8675752314814815 0.9685836226851852 0.20454282407407404 0.06283275462962976
6 0.9445543981481481 0.857332175925926 0.06686342592592602 0.2009027777777778
6 0.922962962962963 0.6100289351851852 0.1262731481481481 0.25566550925925924
6 0.7624884259259259 0.48650462962962965 0.19741319444444444 0.2582812499999999
6 0.9198090277777776 0.32079282407407406 0.14927662037037023 0.26771990740740736
6 0.9335127314814816 0.06932291666666666 0.13297453703703682 0.11285879629629629
6 0.5334375 0.09231481481481482 0.23937500000000006 0.17222222222222222
6 0.32943287037037033 0.01347800925925926 0.15675925925925932 0.019502314814814813
6 0.025 0.01443287037037037 0.05 0.02886574074074074