0 0.51125 0.4485648148148148 0.43885416666666666 0.41670138888888886
6 0.6981770833333334 0.6654340277777778 0.23249999999999993 0.21759259259259256
6 0.56484375 0.8526562500000001 0.23395833333333335 0.23946759259259237
6 0.30828125 0.861255787037037 0.23989583333333328 0.24678240740740734
6 0.26234375 0.5484895833333334 0.21015625 0.2561400462962963
6 0.2190625 0.48723379629629626 0.18661458333333333 0.21832754629629642
6 0.08510416666666668 0.4181365740740741 0.12843749999999998 0.23321759259259256
6 0.03526041666666667 0.19964699074074074 0.060625000000000005 0.2553935185185185
6 0.09630208333333333 0.0734375 0.19260416666666666 0.146875
6 0.31197916666666664 0.09282552083333333 0.2513020833333333 0.18565104166666666
6 0.22578125 0.2705150462962963 0.23515625 0.22240162037037034
6 0.05927083333333334 0.6891550925925927 0.03687499999999999 0.16774305555555563
6 0.12416666666666668 0.9217592592592592 0.13494791666666667 0.15570023148148165
6 0.14614583333333334 0.9457060185185184 0.17229166666666665 0.10858796296296305
6 0.8947265625 0.7282175925925924 0.210546875 0.24435763888888892
6 0.8020833333333333 0.91875 0.23229166666666642 0.09768518518518512
6 0.9529166666666666 0.9029398148148149 0.09416666666666665 0.10563657407407412
6 0.9909244791666666 0.6480844907407407 0.018151041666666857 0.21002893518518526
6 0.9895833333333333 0.42201967592592593 0.02083333333333357 0.16649305555555555
6 0.85640625 0.45183449074074067 0.2516666666666666 0.23649305555555564
6 0.9301562499999999 0.10276041666666666 0.13968750000000013 0.20552083333333332