0 0.515625 0.515625 0.36796875 0.39609375
6 0.24609375 0.37734375 0.25390625 0.2296875
6 0.3515625 0.18828125 0.25625 0.20859375
6 0.7046875 0.34140625 0.17734375 0.21640625
6 0.89140625 0.35 0.2171875 0.24921875
6 0.86875 0.75234375 0.24765625 0.25546875
6 0.7390625 0.946875 0.2515625 0.10625
6 0.9640625 0.9734375 0.07109375 0.053125
6 0.41796875 0.86171875 0.23515625 0.25703125
6 0.2390625 0.70546875 0.23515625 0.23203125
6 0.55234375 0.10546875 0.234375 0.1796875
6 0.4625 0.03828125 0.2734375 0.07578125
6 0.14453125 0.0875 0.25234375 0.17421875
6 0.9578125 0.09296875 0.084375 0.1859375
6 0.084375 0.85859375 0.1625 0.26328125