0 0.53671875 0.4953125 0.44453125 0.3421875
6 0.23203125 0.38671875 0.2421875 0.24765625
6 0.22421875 0.6203125 0.2265625 0.19921875
5 0.54453125 0.7609375 0.11015625 0.1046875
5 0.8953125 0.93828125 0.1296875 0.115625
6 0.74453125 0.24609375 0.25390625 0.2375
6 0.21640625 0.12109375 0.26875 0.20078125
6 0.878125 0.07578125 0.190625 0.1515625
6 0.8703125 0.446875 0.190625 0.2140625
6 0.97890625 0.4984375 0.04140625 0.209375
6 0.709375 0.7078125 0.2078125 0.2109375
6 0.57421875 0.8984375 0.2140625 0.18359375
6 0.39375 0.9546875 0.196875 0.090625
6 0.175 0.91328125 0.2078125 0.1734375
6 0.0390625 0.8109375 0.078125 0.22265625
6 0.046875 0.375 0.08359375 0.22578125