0 0.46632523148148153 0.5317418981481481 0.36545717592592586 0.37354166666666655
6 0.1581076388888889 0.49387731481481484 0.22766782407407407 0.22913773148148148
6 0.6355150462962963 0.7989178240740741 0.2113310185185185 0.17678819444444455
6 0.7457638888888889 0.592204861111111 0.243611111111111 0.2222974537037036
6 0.5853587962962963 0.30908564814814815 0.2154571759259259 0.1544560185185185
6 0.6157407407407407 0.19328703703703703 0.19006944444444435 0.21211805555555557
6 0.8432349537037037 0.1777604166666667 0.2270543981481481 0.19251157407407407
6 0.9279050925925926 0.34976851851851853 0.1212268518518517 0.2064814814814815
6 0.9276736111111112 0.8828703703703702 0.057800925925926096 0.18715277777777786
6 0.7738194444444444 0.9370543981481483 0.2724074074074075 0.12589120370370352
6 0.5114120370370371 0.9282118055555555 0.23899884259259263 0.14357638888888893
6 0.18510416666666668 0.8717939814814815 0.2549074074074074 0.20272569444444458
6 0.2880150462962963 0.9349927662037036 0.1913773148148148 0.1300144675925928
6 0.14322916666666669 0.9881828703703703 0.14794560185185185 0.023634259259259237
6 0.10138310185185184 0.2891550925925926 0.20276620370370368 0.19706018518518514
6 0.11476273148148149 0.15883101851851852 0.22952546296296297 0.20524305555555555
6 0.38438078703703704 0.11528935185185185 0.2484259259259259 0.19844907407407408
6 0.7056886574074074 0.06455439814814815 0.2284664351851852 0.05869212962962962