0 0.5370659722222222 0.5152604166666667 0.41276620370370376 0.4055902777777778
5 0.061099537037037036 0.4258680555555555 0.08302662037037037 0.09626736111111107
5 0.8426851851851852 0.9605729166666667 0.11030092592592596 0.07885416666666671
6 0.551082175925926 0.889982638888889 0.223761574074074 0.220034722222222
6 0.8306365740740741 0.4882291666666667 0.21489583333333329 0.201423611111111
6 0.9318272569444446 0.40803819444444445 0.13634548611111086 0.20647569444444436
6 0.8916608796296297 0.22036458333333334 0.2083217592592593 0.19503472222222226
6 0.6265740740740741 0.10444444444444445 0.2023263888888888 0.18475694444444443
6 0.7872627314814814 0.058072916666666675 0.17760995370370375 0.08432291666666666
6 0.9650491898148148 0.062065972222222224 0.06990162037037032 0.0820138888888889
6 0.4113888888888889 0.0629861111111111 0.2321527777777778 0.11284722222222221
6 0.3864930555555556 0.24503472222222222 0.17697916666666663 0.20760416666666667
6 0.20935763888888886 0.18491319444444443 0.23771412037037037 0.20505208333333336
6 0.07282407407407408 0.5767361111111111 0.09736111111111112 0.22222222222222215
6 0.2566435185185185 0.6604166666666667 0.22727430555555558 0.199357638888889
6 0.2427835648148148 0.8747048611111111 0.21710069444444446 0.16869791666666673
6 0.3350694444444445 0.9042013888888889 0.2523148148148149 0.19159722222222228
6 0.7267303240740741 0.8019618055555554 0.2217245370370371 0.19767361111111087
6 0.9112456597222222 0.8352430555555556 0.17750868055555563 0.21057291666666664
6 0.9045153356481481 0.6842013888888889 0.19096932870370367 0.18689236111111107
6 0.03166666666666666 0.09902777777777778 0.06191550925925926 0.17071180555555557