0 0.50703125 0.49921875 0.334375 0.3421875
6 0.20625 0.51796875 0.209375 0.21015625
6 0.68671875 0.25078125 0.19609375 0.16015625
6 0.78203125 0.45625 0.225 0.20234375
6 0.61015625 0.72109375 0.20078125 0.1375
6 0.6328125 0.83515625 0.1734375 0.1953125
6 0.85234375 0.8625 0.21015625 0.17421875
6 0.94609375 0.703125 0.10703125 0.19453125
6 0.97734375 0.1875 0.0453125 0.178125
6 0.83125 0.090625 0.25546875 0.18125
6 0.575 0.090625 0.221875 0.18125
6 0.2546875 0.15390625 0.23671875 0.18203125
6 0.36015625 0.07890625 0.17890625 0.15703125
6 0.221875 0.02421875 0.14140625 0.0484375
6 0.11953125 0.71328125 0.23125 0.18125
6 0.14453125 0.83984375 0.2140625 0.1859375
6 0.40546875 0.903125 0.23125 0.18984375
6 0.7125 0.97109375 0.21875 0.0578125