0 0.5343287037037037 0.44351851851851853 0.3905266203703704 0.41727430555555556
6 0.2440162037037037 0.38032407407407404 0.23798611111111115 0.23709490740740743
6 0.1063599537037037 0.2211226851851852 0.20239004629629634 0.2710358796296296
6 0.3419155092592593 0.07651186342592593 0.22754050925925923 0.15302372685185187
6 0.16075810185185185 0.06969762731481481 0.21444444444444444 0.13939525462962962
6 0.7953587962962962 0.1146339699074074 0.3005034722222222 0.2292679398148148
6 0.8866927083333334 0.3076099537037037 0.22661458333333329 0.3125578703703704
6 0.9635908564814816 0.36516203703703703 0.07281828703703681 0.25190972222222213
6 0.8454629629629629 0.5906539351851852 0.2899652777777778 0.23394097222222215
6 0.9943229166666667 0.7769965277777777 0.011354166666666643 0.21151620370370364
6 0.9967881944444444 0.9084780092592591 0.006423611111111072 0.04322916666666643
6 0.7290219907407408 0.8557291666666667 0.30269097222222213 0.20920138888888892
6 0.4920370370370371 0.8983796296296298 0.20869212962962963 0.1524305555555557
6 0.42745949074074074 0.772193287037037 0.3080034722222223 0.2516203703703702
6 0.0570138888888889 0.4945601851851852 0.07554398148148148 0.25619212962962956
6 0.15359375 0.4968171296296296 0.2383159722222222 0.28848379629629617
6 0.94375 0.015567129629629629 0.1125 0.031134259259259257