0 0.50546875 0.54921875 0.34140625 0.365625
6 0.3703125 0.30625 0.240625 0.20625
6 0.14296875 0.2375 0.2140625 0.24375
6 0.71328125 0.24921875 0.2328125 0.2046875
6 0.94140625 0.465625 0.11640625 0.22578125
6 0.9640625 0.68125 0.07109375 0.17421875
6 0.94453125 0.87890625 0.1109375 0.1984375
6 0.74375 0.721875 0.1984375 0.1875
6 0.55859375 0.83671875 0.2078125 0.22265625
6 0.225 0.69765625 0.23515625 0.22578125
6 0.0359375 0.6703125 0.07109375 0.2125
6 0.07109375 0.46796875 0.14140625 0.21484375
6 0.3765625 0.10078125 0.290625 0.2015625
6 0.58671875 0.021875 0.14921875 0.04296875
6 0.85390625 0.0703125 0.2359375 0.140625
6 0.9546875 0.2171875 0.08984375 0.203125