0 0.4994097222222222 0.5641319444444444 0.3436284722222222 0.41303819444444445
6 0.7671296296296296 0.43104166666666666 0.22781249999999992 0.27923611111111113
6 0.9222728587962962 0.6032638888888888 0.1554542824074076 0.21602430555555543
6 0.8468634259259259 0.8608680555555555 0.2681192129629629 0.23717013888888872
6 0.6687037037037038 0.9490147569444446 0.27115162037037044 0.10197048611111086
6 0.2927314814814815 0.8180902777777778 0.25222800925925937 0.20088541666666657
6 0.07690393518518518 0.7859548611111111 0.14378472222222222 0.21878472222222226
6 0.3475289351851852 0.30689236111111107 0.27581597222222226 0.22171874999999996
6 0.14137731481481483 0.21013888888888888 0.2329224537037037 0.2309201388888889
6 0.5572164351851852 0.03737847222222222 0.20348958333333336 0.053732638888888885
6 0.7789525462962963 0.12901041666666666 0.22267361111111122 0.21819444444444444
6 0.946875 0.11401041666666667 0.10625 0.18829861111111112
5 0.6294965277777778 0.09366319444444444 0.08744791666666671 0.10036458333333335
6 0.9844560185185184 0.30232638888888885 0.03108796296296319 0.2014930555555555
6 0.9385257523148148 0.9645529513888889 0.12294849537037038 0.07089409722222229
6 0.9806018518518519 0.7850173611111111 0.03879629629629626 0.19003472222222212