0 0.50234375 0.5265625 0.39453125 0.37890625
6 0.33828125 0.31015625 0.209375 0.1984375
6 0.47734375 0.13828125 0.209375 0.21875
6 0.721875 0.14296875 0.2140625 0.22578125
6 0.74609375 0.44375 0.18515625 0.2359375
6 0.78359375 0.5046875 0.165625 0.20078125
6 0.9265625 0.578125 0.146875 0.21875
6 0.9609375 0.78984375 0.078125 0.24375
6 0.89375 0.9203125 0.2125 0.159375
6 0.66953125 0.896875 0.228125 0.20625
6 0.76328125 0.7109375 0.21171875 0.20234375
6 0.96796875 0.32109375 0.06328125 0.16015625
6 0.9109375 0.090625 0.13359375 0.1546875
6 0.9015625 0.0609375 0.196875 0.11953125
6 0.1421875 0.23984375 0.21328125 0.22265625
6 0.2578125 0.053125 0.2171875 0.10625
6 0.0765625 0.059375 0.153125 0.11796875
6 0.03125 0.3125 0.0625 0.196875
6 0.025 0.528125 0.05 0.15625
6 0.17421875 0.50625 0.2265625 0.21484375
6 0.071875 0.84453125 0.14375 0.2046875