0 0.5160069444444445 0.43927083333333333 0.3239409722222222 0.4057812500000001
6 0.26307870370370373 0.5882291666666667 0.21520254629629623 0.27359374999999986
6 0.09703703703703703 0.4375 0.1889988425925926 0.21484375
6 0.18819444444444444 0.18677083333333333 0.25318287037037035 0.23552083333333335
6 0.35682870370370373 0.07046875 0.25428240740740743 0.1409375
6 0.7110648148148149 0.18083333333333335 0.23809027777777772 0.2009375
6 0.9239973958333334 0.19156250000000002 0.15200520833333328 0.21411458333333333
6 0.6599768518518518 0.6704166666666667 0.26089120370370367 0.22197916666666676
6 0.8543749999999999 0.745 0.21955439814814817 0.2285937500000001
6 0.46268518518518514 0.9438541666666665 0.19256365740740744 0.06359374999999971
6 0.2526967592592593 0.875 0.21087384259259262 0.21630208333333342
6 0.07471064814814815 0.905625 0.1372627314814815 0.18796874999999993
5 0.39276620370370374 0.8961458333333333 0.08271990740740734 0.0984375
6 0.039774305555555556 0.7266145833333333 0.07015625 0.19442708333333342
6 0.08018518518518518 0.06717447916666666 0.15958912037037037 0.13434895833333332
6 0.04108217592592593 0.27005208333333336 0.07945601851851852 0.18489583333333331