0 0.4605844907407407 0.49012152777777784 0.4272743055555555 0.3709722222222222
6 0.7691145833333334 0.528443287037037 0.22191550925925937 0.19999421296296305
6 0.7977430555555556 0.32207175925925924 0.23050347222222242 0.18678240740740737
6 0.3116782407407407 0.3014641203703704 0.2416840277777778 0.21732060185185187
6 0.09594907407407408 0.34994791666666664 0.19189814814814815 0.21857638888888892
6 0.011446759259259259 0.26315393518518515 0.022893518518518518 0.13931712962962967
6 0.10034288194444445 0.11565972222222223 0.2006857638888889 0.21789351851851851
6 0.3268344907407407 0.11159143518518519 0.2575405092592592 0.22134259259259256
6 0.5111053240740742 0.03494212962962963 0.17696180555555543 0.06988425925925926
6 0.7208564814814815 0.1172627314814815 0.2057291666666666 0.17722800925925924
6 0.9089467592592593 0.13226851851851854 0.17766203703703703 0.20435185185185184
6 0.9532060185185184 0.3341956018518519 0.06331018518518547 0.1722685185185185
6 0.9371701388888889 0.538912037037037 0.07112268518518512 0.1723263888888889
6 0.770162037037037 0.8665682870370371 0.15873263888888883 0.2143634259259258
6 0.6474131944444445 0.8690393518518519 0.23208912037037024 0.23989583333333328
6 0.4536863425925926 0.922795138888889 0.2376099537037037 0.14857060185185206
6 0.36225694444444445 0.7657291666666667 0.22237847222222218 0.20780671296296288
6 0.2269328703703704 0.6246064814814816 0.1940104166666666 0.17714120370370381
6 0.1141724537037037 0.8011458333333333 0.2260416666666667 0.17737847222222208
6 0.16930555555555554 0.9381770833333334 0.19462962962962962 0.12170138888888857
6 0.02840422453703704 0.9659895833333334 0.05680844907407408 0.06723379629629633
6 0.0048495370370370385 0.8341782407407408 0.009699074074074077 0.2035185185185185
6 0.055781250000000004 0.6135358796296296 0.11156250000000001 0.1955844907407407
6 0.00873263888888889 0.47796874999999994 0.01746527777777778 0.12218750000000007