0 0.49609375 0.51328125 0.43125 0.36875
6 0.1828125 0.3765625 0.1921875 0.1890625
6 0.3265625 0.1453125 0.2484375 0.246875
6 0.75546875 0.25390625 0.23828125 0.2109375
6 0.93984375 0.178125 0.1203125 0.2140625
6 0.78203125 0.0796875 0.21015625 0.15859375
6 0.8203125 0.465625 0.240625 0.21796875
6 0.88828125 0.57421875 0.2078125 0.2203125
6 0.9015625 0.76953125 0.196875 0.2390625
6 0.6625 0.7484375 0.20625 0.18203125
6 0.5375 0.93984375 0.21328125 0.11953125
6 0.65234375 0.971875 0.1609375 0.05625
6 0.86640625 0.95390625 0.2140625 0.0921875
6 0.31171875 0.92109375 0.1921875 0.1578125
6 0.1015625 0.896875 0.203125 0.20625
6 0.07265625 0.5296875 0.1453125 0.196875
6 0.25859375 0.58671875 0.17890625 0.16015625
6 0.3453125 0.72578125 0.2515625 0.21015625
5 0.0390625 0.353125 0.078125 0.11015625
5 0.546875 0.14609375 0.18671875 0.1453125