0 0.5157465277777777 0.45536458333333335 0.41552083333333323 0.4020833333333334
6 0.6911284722222223 0.6675347222222222 0.2206423611111111 0.21019097222222224
6 0.5590277777777778 0.84796875 0.22157986111111114 0.23128472222222243
6 0.31116319444444446 0.8542881944444444 0.22657986111111103 0.23852430555555557
6 0.2734027777777778 0.5506770833333333 0.19812500000000002 0.2473958333333334
6 0.23237847222222224 0.49065972222222226 0.17625000000000002 0.21133680555555542
6 0.0892361111111111 0.42265625 0.15041666666666667 0.2265625
6 0.046163194444444444 0.21086805555555554 0.08359375 0.24932291666666667
6 0.10744791666666667 0.0796875 0.21489583333333334 0.159375
6 0.33118055555555553 0.09921875 0.2404861111111111 0.1984375
6 0.24413194444444444 0.27956597222222224 0.22315972222222227 0.2142013888888889
6 0.058680555555555555 0.68625 0.0634375 0.16421875000000002
6 0.12289930555555555 0.9158854166666666 0.14213541666666668 0.16303819444444442
6 0.13732638888888887 0.9410763888888889 0.1954513888888889 0.11706597222222222
6 0.8903385416666666 0.7297743055555556 0.21932291666666687 0.2353645833333335
6 0.7868576388888889 0.9192534722222222 0.2229861111111111 0.10503472222222214
6 0.9440798611111111 0.9057986111111112 0.11184027777777779 0.11298611111111115
6 0.9835329861111111 0.6521874999999999 0.032934027777777784 0.20342013888888885
6 0.9847960069444444 0.4331944444444444 0.030407986111111285 0.16149305555555565
6 0.8486805555555555 0.4609201388888889 0.23859375000000008 0.22814236111111122
6 0.930859375 0.11493055555555554 0.13828125 0.21328125