0 0.51328125 0.50234375 0.4046875 0.34375
6 0.2890625 0.196875 0.18359375 0.228125
6 0.20546875 0.12578125 0.196875 0.1703125
6 0.50625 0.18828125 0.18671875 0.20859375
6 0.60546875 0.17421875 0.19453125 0.20234375
6 0.74609375 0.30546875 0.23828125 0.23359375
6 0.95859375 0.43984375 0.0828125 0.1953125
6 0.9828125 0.6421875 0.034375 0.1375
6 0.9359375 0.8875 0.128125 0.21875
6 0.7078125 0.75078125 0.23828125 0.2140625
6 0.671875 0.92578125 0.2171875 0.1484375
6 0.5359375 0.9265625 0.221875 0.146875
6 0.3453125 0.97109375 0.1640625 0.0578125
6 0.19140625 0.8609375 0.25234375 0.2046875
6 0.11953125 0.66875 0.17890625 0.1625
6 0.25234375 0.5859375 0.2390625 0.28203125
6 0.22421875 0.5234375 0.2390625 0.36484375
6 0.046875 0.49453125 0.09375 0.2234375
6 0.028125 0.7984375 0.05546875 0.1875
6 0.0796875 0.03203125 0.15703125 0.05625
6 0.371875 0.03203125 0.25546875 0.06328125
6 0.728125 0.0703125 0.23359375 0.140625