0 0.50625 0.49796874999999996 0.35 0.3465914351851852
6 0.16953125 0.6763946759259258 0.23046875 0.1620081018518519
6 0.5140625 0.8634780092592592 0.18203125 0.18941550925925946
5 0.2078125 0.8437962962962964 0.05625 0.08520833333333329
6 0.68125 0.9219386574074073 0.20078125 0.13891203703703708
6 0.92265625 0.7160185185185185 0.1546875 0.3054166666666667
6 0.8703125 0.44257523148148153 0.21953125 0.23372106481481475
6 0.98046875 0.31906828703703705 0.0390625 0.16698495370370373
6 0.86796875 0.23245370370370372 0.2171875 0.19228009259259257
6 0.88671875 0.06692708333333333 0.2265625 0.13385416666666666
6 0.52734375 0.20234375 0.26171875 0.20622106481481478
6 0.29375 0.33002314814814815 0.1859375 0.2793171296296297
6 0.0359375 0.3932175925925926 0.071875 0.18231481481481476
6 0.04921875 0.9383333333333332 0.09765625 0.12332175925925952
6 0.08359375 0.03203125 0.1671875 0.0640625