0 0.4641840277777778 0.5213599537037037 0.38098379629629625 0.34409722222222217
6 0.4925289351851852 0.17050347222222223 0.22729166666666673 0.2265972222222222
6 0.30439814814814814 0.25936342592592593 0.22975694444444442 0.22895833333333337
6 0.19074652777777779 0.5233854166666667 0.19497685185185185 0.2208912037037038
6 0.11172309027777778 0.7427604166666667 0.22344618055555557 0.2541493055555556
6 0.028114872685185182 0.7356076388888889 0.056229745370370364 0.20612847222222222
6 0.025497685185185182 0.9269907407407407 0.050995370370370365 0.14601851851851855
6 0.29175347222222225 0.8646932870370371 0.23071180555555557 0.2172511574074072
6 0.5075347222222222 0.9052662037037038 0.2242013888888888 0.18206018518518546
6 0.780775462962963 0.8618518518518519 0.2639814814814816 0.21125000000000008
6 0.7840104166666666 0.6337905092592593 0.2683275462962964 0.28000578703703705
6 0.6522280092592593 0.6902141203703704 0.23674768518518513 0.22822916666666676
6 0.7869560185185185 0.35106481481481483 0.24866898148148148 0.2322222222222222
6 0.8927662037037039 0.10642361111111112 0.21446759259259238 0.21284722222222224
6 0.20410300925925923 0.041082175925925925 0.2417939814814815 0.08216435185185185
6 0.04061487268518518 0.0904296875 0.08122974537037037 0.180859375
6 0.9499594907407408 0.31002893518518515 0.07129050925925924 0.16999421296296297
6 0.9382696759259259 0.8216377314814813 0.04888310185185176 0.219809027777778