0 0.4809895833333333 0.45703125 0.38858796296296294 0.353125
6 0.4600925925925926 0.81953125 0.23111689814814812 0.2328125
6 0.6534027777777778 0.72890625 0.23431134259259245 0.23515625
6 0.7653645833333333 0.45703125 0.19814236111111114 0.22734375
6 0.8603587962962962 0.23046875 0.26087962962962974 0.26171875
6 0.9491898148148149 0.23828125 0.09379629629629634 0.2125
6 0.9514120370370371 0.0578125 0.096371527777778 0.11484375
6 0.6507118055555555 0.1078125 0.232951388888889 0.215625
6 0.4258564814814815 0.0765625 0.2295370370370371 0.153125
6 0.14216435185185186 0.10625 0.2680150462962963 0.2125
6 0.14546875 0.3375 0.2725810185185185 0.2875
6 0.2815104166666667 0.28125 0.24053819444444446 0.234375
6 0.14850694444444446 0.63046875 0.2531539351851852 0.23828125
6 0.07521412037037037 0.88828125 0.15042824074074074 0.2234375
6 0.7638310185185185 0.95703125 0.2494212962962962 0.0859375
6 0.9340856481481481 0.90625 0.0836574074074072 0.18671875
6 0.006921296296296298 0.675 0.013842592592592596 0.175