0 0.53203125 0.484375 0.3 0.32890625
6 0.76953125 0.55859375 0.17890625 0.2515625
6 0.2765625 0.309375 0.29921875 0.36484375
6 0.059375 0.22265625 0.11875 0.25703125
6 0.93359375 0.25 0.13203125 0.18984375
6 0.91328125 0.44765625 0.1734375 0.1953125
6 0.8390625 0.93046875 0.215625 0.1390625
6 0.33515625 0.6234375 0.25546875 0.20234375
6 0.27734375 0.33125 0.196875 0.2140625
6 0.18671875 0.88203125 0.209375 0.171875
6 0.29609375 0.9375 0.2453125 0.125
6 0.10234375 0.71328125 0.18359375 0.16171875
6 0.6953125 0.0265625 0.19375 0.053125
6 0.89453125 0.06640625 0.196875 0.1328125
6 0.05 0.04296875 0.1 0.08515625