0 0.5232060185185186 0.5422743055555556 0.348599537037037 0.3477141203703704
6 0.2290162037037037 0.28442708333333333 0.24289930555555558 0.220462962962963
6 0.6194733796296296 0.2435590277777778 0.24337384259259273 0.2524942129629629
6 0.8594618055555555 0.32022569444444443 0.21193287037037045 0.29043981481481473
6 0.24865162037037036 0.7141203703703705 0.3149016203703704 0.3386921296296297
6 0.6847511574074074 0.9374652777777778 0.2921585648148149 0.1250694444444445
6 0.9269618055555554 0.9210474537037037 0.14607638888888913 0.15790509259259267
6 0.9735879629629629 0.7769386574074073 0.05282407407407419 0.13651620370370363
6 0.2051909722222222 0.9315104166666668 0.31456018518518514 0.13697916666666643
6 0.37905092592592593 0.0849074074074074 0.2674768518518518 0.14074074074074075
6 0.08586805555555556 0.10578125000000001 0.17173611111111112 0.21156250000000001
6 0.9704166666666666 0.24890625000000002 0.05916666666666685 0.35820601851851847