0 0.48696180555555557 0.49331597222222223 0.31703125 0.3443229166666667
6 0.24701967592592594 0.5637152777777777 0.1904745370370371 0.26265625000000004
6 0.7433564814814815 0.3194444444444445 0.3165567129629629 0.38100694444444444
6 0.9504224537037036 0.23359375 0.09915509259259281 0.2647569444444445
6 0.07277777777777777 0.24286458333333333 0.13623263888888887 0.19743055555555555
6 0.0998900462962963 0.44645833333333335 0.17938657407407405 0.2046354166666667
6 0.187818287037037 0.9341579861111111 0.2226851851851852 0.13168402777777785
6 0.6927372685185185 0.639982638888889 0.2670717592592592 0.2128298611111111
6 0.7432465277777778 0.34208333333333335 0.20806712962962948 0.22401041666666668
6 0.8529513888888889 0.9089930555555557 0.21929398148148138 0.1813194444444445
6 0.7411979166666667 0.9487239583333335 0.25342592592592583 0.10255208333333314
6 0.919732349537037 0.7366319444444445 0.1605353009259261 0.1703819444444445
6 0.3083912037037037 0.026371527777777782 0.20115740740740745 0.04350694444444445
6 0.10571180555555555 0.06324652777777778 0.20515046296296294 0.12557291666666665
6 0.9572265625 0.05798611111111111 0.085546875 0.0753298611111111