0 0.4984375 0.4984375 0.3546875 0.328125
5 0.68828125 0.13125 0.0859375 0.0734375
5 0.9453125 0.35625 0.09375 0.075
6 0.3515625 0.23515625 0.215625 0.23125
6 0.5578125 0.1953125 0.2234375 0.20703125
6 0.8078125 0.15 0.1984375 0.20625
6 0.79296875 0.5046875 0.1921875 0.1984375
6 0.88984375 0.7625 0.209375 0.19453125
6 0.465625 0.790625 0.23515625 0.23203125
6 0.0828125 0.6765625 0.165625 0.21640625
6 0.20625 0.53359375 0.21953125 0.20859375
6 0.50703125 0.03984375 0.20859375 0.0796875
6 0.9109375 0.0390625 0.14375 0.078125
6 0.165625 0.97734375 0.190625 0.0453125