0 0.49856481481481485 0.4660185185185185 0.3781365740740741 0.40967592592592583
6 0.16559606481481481 0.08969328703703704 0.24994212962962964 0.17938657407407407
6 0.2407002314814815 0.27097800925925924 0.2300289351851852 0.24926504629629634
6 0.46195601851851853 0.16695601851851852 0.210775462962963 0.2092939814814815
6 0.7739756944444445 0.41161458333333334 0.19394097222222229 0.23103587962962954
6 0.6952777777777778 0.8834722222222222 0.2445717592592594 0.21344907407407412
6 0.11153935185185185 0.7041319444444445 0.16162615740740743 0.2253298611111111
6 0.897265625 0.08143229166666667 0.20546875 0.16286458333333334
6 0.9382118055555555 0.50875 0.123576388888889 0.2541898148148148
6 0.8635590277777778 0.6923090277777778 0.2541782407407407 0.2330439814814813
6 0.9261241319444444 0.8839814814814815 0.14775173611111114 0.2192303240740742
6 0.03005787037037037 0.2631597222222222 0.045439814814814815 0.25883101851851853