6 0.1171122685185185 0.02866753472222222 0.21418981481481483 0.05733506944444444
6 0.15498842592592593 0.19958912037037038 0.24417245370370372 0.25331597222222224
6 0.40531249999999996 0.08331163194444444 0.24640625000000008 0.16662326388888887
6 0.6739699074074074 0.08526186342592593 0.25516203703703705 0.17052372685185185
6 0.9091203703703703 0.0055613425925925926 0.18175925925925931 0.011122685185185185
6 0.8983680555555555 0.31202546296296296 0.18993634259259268 0.21542245370370372
6 0.9296238425925925 0.707019675925926 0.10374421296296318 0.20619212962962977
6 0.6739872685185185 0.6354918981481481 0.005746527777777821 0.009415509259259203
6 0.7486458333333333 0.7255439814814816 0.20008680555555572 0.18894097222222223
6 0.6388599537037036 0.9247511574074074 0.24008101851851862 0.14159143518518533
6 0.39608217592592593 0.893744212962963 0.230306712962963 0.2071296296296296
6 0.22953125000000002 0.7153298611111112 0.3160648148148148 0.2280729166666667
6 0.0023958333333333344 0.8905208333333334 0.004791666666666669 0.20645833333333313
6 0.17386574074074074 0.45876736111111116 0.23074652777777777 0.22197337962962962
6 0.017455150462962962 0.31234953703703705 0.034910300925925924 0.26592013888888894
0 0.48665509259259265 0.4994097222222222 0.44009259259259254 0.40707754629629633