0 0.47078703703703706 0.4997800925925926 0.30480324074074067 0.34098958333333335
6 0.2338425925925926 0.5677430555555556 0.18156828703703703 0.25923032407407404
6 0.7272916666666667 0.3308564814814815 0.30350694444444437 0.37688078703703703
6 0.9433043981481483 0.2482523148148148 0.11339120370370352 0.26275462962962964
6 0.06746527777777778 0.25038194444444445 0.1326678240740741 0.1952951388888889
6 0.09004050925925926 0.45100694444444445 0.17489583333333333 0.20201388888888888
6 0.16784143518518518 0.9328240740740741 0.21585069444444444 0.13435185185185183
6 0.6702604166666667 0.6455034722222222 0.2585416666666667 0.21152199074074077
6 0.7266724537037037 0.3527083333333333 0.20003472222222207 0.2215046296296296
6 0.822193287037037 0.9105266203703704 0.21144097222222236 0.17894675925925937
6 0.7116493055555556 0.9484548611111112 0.2477662037037037 0.10309027777777757
6 0.9053067129629628 0.7430729166666666 0.18635995370370395 0.16798611111111103
6 0.3048726851851852 0.034027777777777775 0.1956828703703704 0.05578703703703704
6 0.10517361111111112 0.06872685185185184 0.1994039351851852 0.13634837962962962
6 0.9515625 0.06960069444444444 0.096875 0.08568287037037037