0 0.48708333333333337 0.5109375 0.3763020833333332 0.33984375
5 0.29788194444444444 0.13046875 0.09076388888888891 0.0765625
5 0.03840277777777777 0.36171875 0.07680555555555554 0.07734375
6 0.6462847222222223 0.2375 0.229548611111111 0.23984375
6 0.433125 0.196875 0.23758680555555553 0.21484375
6 0.17322916666666666 0.15 0.21098958333333334 0.21328125
6 0.18069444444444444 0.5171875 0.20378472222222221 0.20546875
6 0.09397569444444445 0.7828125 0.1879513888888889 0.2
6 0.5147222222222222 0.8140625 0.2506597222222222 0.240625
6 0.9080034722222223 0.69453125 0.15807291666666642 0.22265625
6 0.7901736111111111 0.54765625 0.23293402777777777 0.21640625
6 0.4897743055555555 0.03828125 0.217326388888889 0.0765625
6 0.07265625 0.03671875 0.1453125 0.0734375
6 0.82484375 0.99140625 0.19725694444444458 0.0171875