0 0.50234375 0.5171875 0.36875 0.33828125
6 0.26484375 0.33203125 0.209375 0.2203125
6 0.2828125 0.1203125 0.240625 0.2109375
6 0.57578125 0.13125 0.25546875 0.2390625
6 0.83203125 0.2171875 0.25625 0.2265625
6 0.6703125 0.34453125 0.275 0.221875
6 0.91015625 0.44296875 0.1796875 0.19296875
6 0.9546875 0.6109375 0.08984375 0.228125
6 0.91875 0.8484375 0.1625 0.2125
6 0.790625 0.61953125 0.21171875 0.278125
6 0.625 0.8359375 0.23671875 0.19296875
6 0.684375 0.965625 0.19453125 0.06875
6 0.29609375 0.9078125 0.2640625 0.184375
6 0.35390625 0.715625 0.20234375 0.221875
6 0.16015625 0.63984375 0.23828125 0.20703125
6 0.0875 0.4328125 0.175 0.2203125
6 0.85546875 0.04296875 0.28046875 0.08359375
6 0.07734375 0.8625 0.14921875 0.1953125