0 0.5317303240740741 0.48765625 0.40700231481481486 0.40910879629629626
6 0.2959085648148148 0.23539930555555558 0.24017939814814815 0.2040451388888888
6 0.1541608796296296 0.4107349537037037 0.2462152777777778 0.2150231481481482
6 0.14366319444444445 0.690607638888889 0.22574074074074074 0.2117476851851851
6 0.37607060185185187 0.7865798611111111 0.25686921296296295 0.2096354166666666
6 0.10122106481481481 0.9121006944444445 0.1168865740740741 0.17579861111111086
6 0.5577662037037037 0.8993402777777778 0.19414930555555543 0.1748090277777777
6 0.48227430555555556 0.9507002314814816 0.24931134259259266 0.09399884259259253
6 0.7609375 0.9439467592592592 0.20682870370370382 0.1030555555555555
6 0.8038078703703704 0.48954861111111114 0.18799768518518506 0.20678240740740747
6 0.9200173611111111 0.3322916666666667 0.15996527777777772 0.2200231481481481
6 0.7094328703703704 0.1315162037037037 0.20806712962962948 0.20224537037037038
6 0.49296296296296294 0.0587890625 0.24764467592592593 0.117578125
6 0.2458854166666667 0.05554832175925926 0.21829282407407408 0.11109664351851851
6 0.6833391203703704 0.7436631944444445 0.22135995370370373 0.18750578703703696
6 0.8991782407407408 0.6794039351851853 0.20164351851851842 0.2165277777777778
6 0.9449696180555556 0.9197280092592592 0.11006076388888886 0.14801504629629642
6 0.9999782986111111 0.5184606481481481 0.00004340277777785673 0.14939236111111107
6 0.9553182870370371 0.11480324074074075 0.0893634259259258 0.21082175925925925
6 0.8160706018518518 0.005954861111111111 0.20714120370370354 0.011909722222222223