6 0.3433449074074074 0.22732638888888887 0.22225115740740736 0.2306076388888889
0 0.5306712962962963 0.4678472222222222 0.40277777777777785 0.45078125
6 0.712037037037037 0.2516319444444445 0.2062210648148149 0.2400347222222222
6 0.17771990740740742 0.09292534722222222 0.28110532407407407 0.18585069444444444
6 0.061689814814814815 0.33453125 0.10619212962962962 0.21375000000000002
6 0.05199652777777778 0.558767361111111 0.06782407407407406 0.16758680555555544
6 0.20980902777777777 0.5094965277777778 0.20587384259259256 0.23065972222222228
6 0.1619212962962963 0.7377777777777779 0.23104745370370366 0.2575173611111111
6 0.4083333333333334 0.7565625 0.23009259259259274 0.23173611111111114
6 0.6608506944444444 0.8134201388888889 0.2608796296296296 0.26274305555555555
6 0.8060185185185185 0.65515625 0.2078125 0.1987673611111111
6 0.8602430555555556 0.4923263888888889 0.23420138888888892 0.2584375
6 0.8995732060185185 0.8919791666666667 0.200853587962963 0.14706597222222229
6 0.94375 0.09590277777777778 0.1125 0.19180555555555556
6 0.9839626736111111 0.4034375 0.03207465277777786 0.1809201388888889
6 0.9959129050925926 0.64921875 0.00817418981481488 0.14123263888888893
6 0.6537037037037037 0.0023828125000000004 0.13315972222222214 0.004765625000000001