0 0.49795138888888885 0.4992708333333333 0.38480902777777787 0.41677662037037033
6 0.1119140625 0.5178530092592594 0.223828125 0.23069444444444437
6 0.2583333333333333 0.33781828703703703 0.2086631944444445 0.21397569444444448
6 0.3579513888888889 0.16994791666666667 0.2584895833333333 0.24558449074074074
6 0.6720833333333334 0.09866898148148148 0.22145833333333337 0.19733796296296297
6 0.8292881944444443 0.23127893518518522 0.22758680555555558 0.2531655092592592
6 0.8719097222222223 0.4496412037037037 0.2247916666666665 0.20784722222222224
6 0.8765625 0.661255787037037 0.1966666666666665 0.20763888888888893
6 0.8939062499999999 0.8860532407407409 0.139201388888889 0.21502314814814838
6 0.72125 0.922476851851852 0.24232638888888883 0.14549768518518533
6 0.36833333333333335 0.8149710648148147 0.2243402777777778 0.2679803240740739
6 0.15553819444444444 0.9110474537037037 0.2921527777777778 0.1771064814814814
6 0.06643663194444445 0.7915856481481482 0.1328732638888889 0.2699479166666666
6 0.13369791666666667 0.06786168981481482 0.22166666666666668 0.13572337962962963
6 0.4295659722222222 0.019207175925925926 0.2658680555555556 0.03841435185185185