0 0.532175925925926 0.4852546296296296 0.3880787037037036 0.3980787037037038
6 0.32644675925925926 0.7329398148148148 0.2291666666666666 0.1985185185185186
6 0.17488425925925927 0.5652662037037037 0.23504050925925926 0.20949652777777777
6 0.13741319444444444 0.29203125 0.21779513888888888 0.20780671296296296
6 0.35659722222222223 0.19663194444444446 0.245775462962963 0.20410879629629633
6 0.06869212962962963 0.08280671296296296 0.13425925925925924 0.16561342592592593
6 0.5220196759259259 0.08473813657407407 0.18515625 0.16947627314814814
6 0.4453125 0.040785590277777777 0.2390335648148149 0.08157118055555555
6 0.7134259259259259 0.04381655092592592 0.1971643518518519 0.08763310185185184
6 0.7953125 0.4793981481481481 0.17847222222222214 0.20048611111111114
6 0.923119212962963 0.6307349537037037 0.15376157407407404 0.21378472222222236
6 0.7347800925925927 0.8283796296296296 0.19864004629629636 0.19673032407407404
6 0.5326678240740741 0.9205266203703705 0.23839699074074083 0.15250578703703682
6 0.29456018518518523 0.9269791666666667 0.20995370370370364 0.14370370370370367
6 0.6565104166666667 0.2342650462962963 0.21140046296296297 0.18276620370370367
6 0.8874131944444444 0.2935011574074074 0.22517361111111106 0.21021990740740737
6 0.9212962962962962 0.06543402777777778 0.1574074074074076 0.13086805555555556
6 0.9914641203703702 0.4481770833333333 0.017071759259259522 0.14554398148148148
6 0.9900318287037038 0.1895601851851852 0.01993634259259238 0.12049768518518515
6 0.9661530671296298 0.8406018518518519 0.06769386574074047 0.20461226851851855
6 0.849392361111111 0.9689756944444443 0.2010706018518519 0.05147569444444429