0 0.4652488425925926 0.45949074074074076 0.3950231481481481 0.3790798611111111
6 0.7034432870370371 0.6335069444444444 0.22488425925925917 0.24493634259259273
6 0.6776041666666667 0.8473379629629629 0.2574074074074074 0.21851851851851833
6 0.37572337962962965 0.8572337962962964 0.2723958333333333 0.24456018518518513
6 0.12474681712962962 0.7957175925925926 0.24949363425925924 0.25483217592592594
6 0.2844039351851852 0.6513020833333334 0.2928819444444445 0.25075231481481486
6 0.0693287037037037 0.569212962962963 0.1386574074074074 0.21157407407407405
6 0.02685185185185185 0.3960648148148148 0.0537037037037037 0.24224537037037042
6 0.06872106481481481 0.148755787037037 0.13744212962962962 0.23061342592592596
6 0.16996527777777778 0.3754050925925926 0.22942708333333334 0.3044849537037037
6 0.35017361111111106 0.13767361111111112 0.25271990740740746 0.21817129629629628
6 0.29487847222222224 0.02556423611111111 0.20321180555555554 0.05112847222222222
6 0.693431712962963 0.07220775462962963 0.27954282407407405 0.14441550925925925
6 0.6260127314814815 0.24189814814814814 0.21788194444444448 0.24519675925925927
6 0.8239004629629629 0.305150462962963 0.25405092592592593 0.2330729166666666
6 0.889351851851852 0.5153356481481481 0.18660300925925916 0.24210069444444446
6 0.11451822916666668 0.9628761574074074 0.22903645833333336 0.07346643518518511
6 0.919068287037037 0.08888888888888888 0.1590856481481481 0.17777777777777776