0 0.4844907407407407 0.5012152777777777 0.3674537037037037 0.3939583333333333
6 0.23647569444444444 0.3663368055555556 0.22577546296296297 0.19416666666666665
6 0.418431712962963 0.17645833333333333 0.259074074074074 0.21203124999999998
6 0.6350983796296296 0.2370486111111111 0.2232291666666665 0.21355902777777783
6 0.7909953703703703 0.47901041666666666 0.2261921296296297 0.20822916666666663
6 0.8962210648148148 0.5351909722222222 0.18005787037037066 0.23114583333333344
6 0.9254166666666667 0.7874652777777778 0.10641782407407412 0.24737847222222237
6 0.6666493055555556 0.7521527777777777 0.25565393518518514 0.228263888888889
6 0.5286631944444444 0.8800000000000001 0.23377314814814804 0.2007638888888888
6 0.7239814814814814 0.9501215277777778 0.1790972222222221 0.04072916666666657
6 0.9122164351851852 0.9433159722222222 0.11806712962962962 0.03489583333333357
6 0.2894212962962963 0.8703472222222223 0.2349768518518518 0.2413888888888888
6 0.14652199074074074 0.7690277777777778 0.2072164351851852 0.2261111111111111
6 0.19761574074074073 0.5982291666666667 0.24336226851851853 0.23473958333333336
6 0.13054398148148147 0.1759895833333333 0.24234375 0.20036458333333335
6 0.06558449074074074 0.0736328125 0.13116898148148148 0.147265625
6 0.6488194444444444 0.025798611111111112 0.21384837962962955 0.051597222222222225
6 0.9319097222222222 0.011232638888888887 0.13618055555555558 0.022465277777777775