0 0.5402430555555555 0.47077546296296297 0.4930266203703704 0.4705150462962962
5 0.8793171296296297 0.6546875 0.10448495370370381 0.10523726851851851
5 0.9731553819444445 0.44406828703703705 0.05368923611111107 0.09499421296296298
5 0.9547931134259258 0.350462962962963 0.09041377314814839 0.10251736111111107
5 0.20233796296296297 0.5811342592592592 0.08764467592592595 0.08122106481481488
5 0.09677662037037037 0.5983506944444444 0.13546296296296295 0.08611111111111107
5 0.2702488425925926 0.969994212962963 0.17175925925925925 0.04924768518518512
5 0.6172569444444445 0.007291666666666666 0.250138888888889 0.014583333333333332
6 0.8961733217592591 0.8464699074074075 0.20765335648148167 0.22086226851851834
6 0.7012152777777778 0.8428819444444443 0.1789756944444445 0.23353587962962977
6 0.4924768518518519 0.8780092592592593 0.23046875 0.219068287037037
6 0.19230902777777778 0.8405960648148149 0.2769560185185185 0.24340277777777786
6 0.14686342592592594 0.43211805555555555 0.25743055555555555 0.18263888888888893
6 0.29166087962962967 0.29603587962962963 0.2146932870370371 0.20054976851851852
6 0.07909722222222222 0.22719907407407405 0.14502893518518517 0.2104456018518519
6 0.2697685185185185 0.062181712962962966 0.25203703703703706 0.12436342592592593
6 0.4877604166666667 0.12282986111111109 0.23231481481481478 0.2245949074074074
6 0.03646990740740741 0.05546875 0.07293981481481482 0.1109375
6 0.7415740740740742 0.1267361111111111 0.23916666666666658 0.19131944444444446
6 0.7924652777777779 0.3534143518518518 0.20529513888888892 0.22983217592592595
6 0.9290668402777778 0.18208912037037037 0.1418663194444445 0.26009837962962956
6 0.8837254050925927 0.5630497685185185 0.23254918981481473 0.24076967592592596