0 0.4726273148148149 0.52171875 0.3975752314814816 0.3665625
6 0.5624479166666667 0.26338541666666665 0.2229629629629631 0.19072916666666667
6 0.24673032407407405 0.34979166666666667 0.2049768518518519 0.2548958333333333
6 0.06795717592592593 0.39098958333333333 0.13591435185185186 0.2538541666666666
6 0.22039930555555554 0.6617708333333333 0.20610532407407406 0.20828124999999992
6 0.011365740740740742 0.7207291666666666 0.022731481481481484 0.20473958333333328
6 0.21949652777777778 0.9285546874999999 0.2621527777777778 0.14289062500000008
6 0.48648726851851853 0.9680989583333333 0.20472800925925938 0.06380208333333356
6 0.5579398148148148 0.8027083333333334 0.1961747685185186 0.19828125000000013
6 0.7426736111111112 0.6236458333333333 0.1986284722222223 0.23968749999999997
6 0.9374768518518518 0.11583333333333332 0.12504629629629632 0.11416666666666667
6 0.822175925925926 0.10265625 0.18689814814814804 0.10739583333333332
6 0.0515625 0.04015625 0.103125 0.0803125
6 0.12143518518518519 0.14838541666666666 0.24287037037037038 0.2654166666666667
6 0.9164293981481482 0.5371875 0.1246412037037036 0.23864583333333336
6 0.902667824074074 0.7958854166666667 0.12304398148148152 0.26421874999999984
6 0.8592071759259259 0.9400520833333333 0.18380787037037044 0.11989583333333335