0 0.48692708333333334 0.501707175925926 0.4645659722222222 0.42925347222222215
6 0.5269328703703704 0.8108217592592591 0.21828703703703703 0.20318287037037025
6 0.8415625 0.7273726851851852 0.25581597222222213 0.23188657407407404
6 0.8459895833333334 0.3409143518518518 0.22585648148148146 0.2479456018518519
6 0.8313715277777778 0.14947916666666666 0.26995949074074055 0.18246527777777777
6 0.851423611111111 0.0947265625 0.19699074074074047 0.189453125
6 0.6054282407407408 0.07089120370370369 0.18601851851851842 0.14178240740740738
6 0.7489583333333334 0.022432002314814813 0.14893518518518506 0.044864004629629625
6 0.2425 0.039633969907407404 0.21421875000000004 0.07926793981481481
6 0.3473726851851852 0.23373842592592595 0.20385995370370366 0.2166956018518519
6 0.394849537037037 0.21168981481481483 0.14710069444444454 0.1974247685185185
6 0.4881944444444445 0.16921296296296295 0.1731655092592593 0.23428819444444443
6 0.6814583333333333 0.9159143518518519 0.2659259259259258 0.12534722222222214
6 0.9115104166666667 0.9214409722222221 0.12290509259259252 0.09195601851851834
6 0.11218605324074074 0.9342013888888889 0.22437210648148148 0.13070023148148166
6 0.28805555555555556 0.813425925925926 0.20192708333333337 0.20413773148148132
6 0.3292071759259259 0.9258391203703702 0.20048611111111114 0.12916666666666643
6 0.07767361111111111 0.7249131944444445 0.15534722222222222 0.24157986111111107
6 0.025653935185185182 0.641724537037037 0.051307870370370365 0.21655092592592595
6 0.15996527777777778 0.5536168981481481 0.22539930555555557 0.15350115740740727
6 0.17640046296296297 0.4203414351851852 0.23971064814814813 0.2414351851851851
6 0.07063657407407407 0.2808738425925926 0.14127314814814815 0.19450231481481478
6 0.035109953703703706 0.12526041666666668 0.07021990740740741 0.24947916666666664
6 0.19620949074074073 0.09957320601851852 0.2528240740740741 0.19914641203703703