0 0.4732291666666667 0.51875 0.39630208333333333 0.34296875
6 0.24510416666666668 0.33125 0.22661458333333329 0.2234375
6 0.27817708333333335 0.11640625 0.2580208333333333 0.2140625
6 0.5743229166666667 0.12734375 0.2739583333333334 0.2421875
6 0.8270833333333334 0.21484375 0.2747395833333332 0.23046875
6 0.6552083333333334 0.34375 0.29312499999999986 0.225
6 0.8846354166666668 0.44140625 0.18411458333333358 0.1953125
6 0.9184895833333332 0.61328125 0.09671875000000014 0.23203125
6 0.8657812499999998 0.853125 0.16901041666666644 0.21484375
6 0.7585416666666667 0.621875 0.2328645833333333 0.28203125
6 0.5758854166666667 0.8421875 0.2520833333333334 0.1953125
6 0.6260416666666666 0.96875 0.20104166666666679 0.0625
6 0.23854166666666665 0.91015625 0.2791666666666667 0.1796875
6 0.30979166666666663 0.7203125 0.21968750000000004 0.225
6 0.12305989583333332 0.64375 0.24611979166666664 0.21015625
6 0.07760416666666667 0.43203125 0.15520833333333334 0.2234375
6 0.8583333333333334 0.0390625 0.2833333333333332 0.078125
6 0.05110677083333333 0.86875 0.10221354166666666 0.1984375