6 0.1375 0.03828125 0.20625 0.0734375
6 0.178125 0.21328125 0.22890625 0.24296875
6 0.4171875 0.09453125 0.234375 0.178125
6 0.6765625 0.09453125 0.2421875 0.1890625
6 0.9078125 0.0203125 0.18359375 0.03515625
6 0.90625 0.32890625 0.1875 0.20625
6 0.9484375 0.71015625 0.103125 0.1984375
6 0.6921875 0.63671875 0.00546875 0.009375
6 0.7671875 0.72421875 0.1875 0.18125
6 0.66640625 0.92421875 0.228125 0.1515625
6 0.43203125 0.88515625 0.215625 0.19921875
6 0.26484375 0.7109375 0.29921875 0.21796875
6 0.025 0.88046875 0.05 0.19921875
6 0.20390625 0.46328125 0.2171875 0.2125
6 0.03203125 0.32265625 0.06328125 0.2546875
0 0.50703125 0.5046875 0.4140625 0.38984375