6 0.3247511574074074 0.7811805555555555 0.22446180555555556 0.23225694444444453
0 0.5061111111111112 0.5290451388888889 0.4066087962962964 0.45498263888888885
6 0.7053761574074074 0.7474652777777778 0.20821759259259257 0.24282986111111118
6 0.16042824074074075 0.9151041666666668 0.28454282407407405 0.16979166666666642
6 0.04517939814814815 0.67734375 0.07272569444444445 0.21717013888888897
6 0.022256944444444444 0.44800347222222225 0.03377314814814815 0.17100694444444448
6 0.17288194444444444 0.49352430555555554 0.20806712962962964 0.23267361111111118
6 0.11402199074074075 0.26338541666666665 0.2241087962962963 0.2611458333333333
6 0.36430555555555555 0.23536458333333332 0.23306712962962967 0.23322916666666665
6 0.6218692129629629 0.1715798611111111 0.26398726851851856 0.26437499999999997
6 0.7804224537037037 0.3305208333333333 0.2107060185185187 0.19993055555555558
6 0.8453645833333333 0.4967534722222222 0.23660879629629647 0.2614236111111111
6 0.88046875 0.08751736111111111 0.2390625 0.1412152777777778
6 0.9489742476851852 0.9020355902777778 0.10205150462962961 0.19592881944444435
6 0.9816174768518519 0.5850173611111111 0.03676504629629633 0.1845659722222223
6 0.9871166087962961 0.33204861111111106 0.025766782407407617 0.1443923611111111