6 0.7 0.28324074074074074 0.28125 0.2778645833333334
6 0.10625 0.24924189814814818 0.21171875 0.27892939814814816
6 0.78359375 0.4950925925925926 0.24296875 0.24860532407407412
6 0.625 0.7536747685185186 0.21640625 0.22672453703703715
6 0.8578125 0.7761979166666666 0.24453125 0.23068287037037044
6 0.42890625 0.9380844907407407 0.2515625 0.12383101851851848
6 0.3625 0.8099594907407408 0.24140625 0.2962152777777778
6 0.14140625 0.7916898148148148 0.2171875 0.23221643518518534
6 0.14140625 0.6166898148148148 0.24296875 0.19548032407407412
6 0.075 0.95234375 0.15 0.0953125
6 0.734375 0.06238425925925926 0.30546875 0.09030092592592594
5 0.02734375 0.4117476851851851 0.0546875 0.11724537037037024