0 0.49453125 0.5190972222222222 0.33828125 0.37346643518518513
6 0.734375 0.6678240740740741 0.209375 0.18353587962962975
6 0.56640625 0.8350405092592593 0.240625 0.20031828703703702
6 0.35859375 0.76015625 0.20625 0.20217013888888893
6 0.20390625 0.5169270833333334 0.209375 0.19681712962962977
6 0.09296875 0.453443287037037 0.1796875 0.21759259259259256
6 0.05703125 0.20992476851851852 0.1140625 0.23547453703703702
6 0.3140625 0.2655381944444445 0.23671875 0.21579861111111107
6 0.44140625 0.14603587962962966 0.215625 0.2032986111111111
6 0.2546875 0.04849537037037037 0.16875 0.084375
6 0.06640625 0.03995949074074075 0.128125 0.07896412037037037
6 0.66796875 0.18020833333333336 0.2140625 0.22824074074074074
6 0.8078125 0.2900752314814815 0.190625 0.2140914351851852
6 0.76484375 0.4494212962962963 0.225 0.2223958333333334
6 0.83984375 0.857667824074074 0.225 0.18958333333333358
6 0.921875 0.944921875 0.15625 0.11015625
6 0.3515625 0.9685185185185186 0.20078125 0.06296296296296297
6 0.0734375 0.9697265625 0.146875 0.060546875