0 0.50546875 0.49921875 0.33828125 0.3609375
6 0.265625 0.359375 0.209375 0.17578125
6 0.43359375 0.1859375 0.240625 0.19140625
6 0.64140625 0.253125 0.20625 0.19453125
6 0.79609375 0.490625 0.209375 0.1890625
6 0.90703125 0.55 0.1796875 0.2109375
6 0.94296875 0.7921875 0.1140625 0.23125
6 0.6859375 0.74609375 0.23671875 0.20703125
6 0.55859375 0.8703125 0.215625 0.1953125
6 0.7453125 0.9609375 0.16875 0.078125
6 0.93359375 0.9625 0.128125 0.07421875
6 0.33203125 0.84453125 0.2140625 0.2203125
6 0.1921875 0.73984375 0.190625 0.20703125
6 0.23515625 0.57890625 0.225 0.2140625
6 0.16015625 0.1734375 0.225 0.18125
6 0.078125 0.07265625 0.15625 0.1375
6 0.6484375 0.03828125 0.20078125 0.06796875
6 0.9265625 0.03046875 0.146875 0.06015625