0 0.50234375 0.49609375 0.42734375 0.390625
6 0.54921875 0.2015625 0.20078125 0.18515625
6 0.84375 0.26953125 0.23515625 0.2109375
6 0.8375 0.6359375 0.20625 0.2265625
6 0.81796875 0.81796875 0.25 0.1640625
6 0.834375 0.88515625 0.1796875 0.203125
6 0.603125 0.91875 0.171875 0.16171875
6 0.7390625 0.96171875 0.1390625 0.0765625
6 0.26015625 0.9546875 0.2 0.090625
6 0.36328125 0.7546875 0.18671875 0.1984375
6 0.40703125 0.775 0.13359375 0.18203125
6 0.49375 0.81171875 0.15703125 0.21640625
6 0.69921875 0.07578125 0.2484375 0.1515625
6 0.9296875 0.0625 0.13984375 0.125
6 0.15234375 0.07890625 0.225 0.15703125
6 0.32265625 0.20703125 0.18515625 0.1859375
6 0.36640625 0.08359375 0.18515625 0.14921875
6 0.096875 0.29921875 0.19296875 0.22265625
6 0.04609375 0.38125 0.0921875 0.203125
6 0.19453125 0.45859375 0.209375 0.1375
6 0.20625 0.58359375 0.21953125 0.2203125
6 0.084375 0.721875 0.16796875 0.18125
6 0.0484375 0.8703125 0.096875 0.23515625
6 0.215625 0.89296875 0.2328125 0.18984375