0 0.5103993055555556 0.48125 0.3636805555555556 0.4046875
6 0.20800347222222224 0.096875 0.24414930555555553 0.19375
6 0.2686631944444445 0.28515625 0.22109375 0.24609375
6 0.4966840277777777 0.184375 0.20380208333333344 0.20625
6 0.788125 0.42890625 0.18631944444444457 0.228125
6 0.6746180555555557 0.89609375 0.2358680555555555 0.2078125
6 0.09251736111111111 0.71484375 0.18503472222222223 0.2234375
6 0.9175000000000001 0.09140625 0.164982638888889 0.18203125
6 0.93828125 0.52734375 0.10480902777777779 0.2515625
6 0.8561111111111112 0.709375 0.24572916666666664 0.2296875
6 0.9082118055555556 0.89609375 0.1475868055555555 0.2078125
6 0.04072482638888889 0.27734375 0.08144965277777778 0.25625