0 0.5358391203703704 0.5387094907407407 0.47918981481481476 0.4633391203703704
5 0.20657407407407408 0.3315972222222222 0.10119212962962969 0.10416087962962965
5 0.09273726851851852 0.5266377314814814 0.10210648148148146 0.09330439814814824
5 0.1348726851851852 0.6199479166666666 0.09163194444444445 0.10054976851851852
5 0.8614409722222222 0.46057291666666667 0.0850057870370371 0.08073495370370373
5 0.9485170717592591 0.4532986111111111 0.10296585648148167 0.08534722222222228
5 0.7923842592592593 0.07068287037037037 0.16758101851851848 0.06788194444444444
5 0.4658217592592592 0.9863700810185186 0.24234375000000002 0.027259837962962764
6 0.18457175925925923 0.1443113425925926 0.20992476851851852 0.21728009259259257
6 0.3774074074074074 0.16521412037037037 0.17477430555555556 0.22869791666666667
6 0.579369212962963 0.14297453703703705 0.22408564814814813 0.2328125
6 0.8673828125 0.2109664351851852 0.265234375 0.24059027777777775
6 0.8954861111111111 0.6105381944444445 0.20902777777777787 0.18106481481481485
6 0.777644675925926 0.7288252314814814 0.20876736111111108 0.19774884259259268
6 0.9556597222222223 0.8133738425925927 0.08868055555555543 0.20508101851851848
6 0.801278935185185 0.9475144675925925 0.24564814814814823 0.10497106481481495
6 0.5895717592592593 0.8802951388888889 0.22651620370370368 0.2212557870370368
6 0.9948726851851852 0.9651258680555556 0.010254629629629619 0.06974826388888893
6 0.34347222222222223 0.8542939814814815 0.23243055555555553 0.18962962962962954
6 0.29282407407407407 0.630474537037037 0.19954282407407406 0.22608796296296294
6 0.1351736111111111 0.7827430555555556 0.19275462962962958 0.2561111111111112
6 0.16727430555555556 0.4175694444444445 0.2984895833333333 0.23978587962962958