0 0.48750578703703706 0.5332465277777778 0.42230902777777785 0.378125
6 0.11263888888888889 0.4219039351851852 0.22527777777777777 0.2195601851851851
6 0.7046469907407408 0.7534722222222222 0.208136574074074 0.22364004629629636
6 0.9127083333333333 0.505931712962963 0.1316203703703703 0.2215856481481481
6 0.8540104166666665 0.21484375 0.178263888888889 0.21941550925925926
6 0.5571296296296296 0.2171585648148148 0.2499016203703704 0.2049189814814815
6 0.39289351851851856 0.08188657407407408 0.2376504629629629 0.14288194444444444
6 0.7078414351851852 0.06536458333333334 0.23431712962962975 0.08663194444444444
6 0.03515190972222222 0.22254050925925925 0.07030381944444444 0.1942708333333333
6 0.1691550925925926 0.8714409722222222 0.2091898148148148 0.21510416666666643
6 0.8303472222222222 0.9261284722222222 0.2229629629629631 0.14774305555555572
6 0.34368634259259256 0.9955367476851851 0.19104745370370368 0.008926504629629762
6 0.019936342592592592 0.94140625 0.039872685185185185 0.1171875