6 0.33828125 0.24140625 0.21171875 0.21796875
0 0.51484375 0.48671875 0.38203125 0.42734375
6 0.70234375 0.28203125 0.19609375 0.228125
6 0.18046875 0.09609375 0.27109375 0.18359375
6 0.05390625 0.33515625 0.10703125 0.20625
6 0.0359375 0.55625 0.07109375 0.1625
6 0.196875 0.51328125 0.19609375 0.21875
6 0.14140625 0.7359375 0.21953125 0.24375
6 0.38359375 0.765625 0.21953125 0.21875
6 0.63125 0.83203125 0.2484375 0.24765625
6 0.78046875 0.6828125 0.1984375 0.1875
6 0.83984375 0.525 0.221875 0.2453125
6 0.884375 0.92734375 0.23125 0.14453125
6 0.94296875 0.11640625 0.1140625 0.2328125
6 0.9765625 0.44375 0.046875 0.1765625
6 0.9828125 0.6859375 0.034375 0.1375
6 0.65546875 0.01796875 0.13125 0.03515625