6 0.13542824074074072 0.034375 0.20726851851851852 0.06875
6 0.17580439814814813 0.209375 0.2340914351851852 0.24453125
6 0.4174305555555556 0.0890625 0.23701388888888886 0.178125
6 0.6783333333333333 0.09140625 0.24645833333333336 0.1828125
6 0.9091435185185187 0.015625 0.1817013888888887 0.03046875
6 0.9030208333333334 0.3234375 0.18746527777777758 0.20859375
6 0.9387326388888889 0.7078125 0.10452546296296283 0.2
6 0.6858796296296296 0.63671875 0.005607638888889 0.009375
6 0.7603530092592592 0.725 0.19177083333333336 0.1828125
6 0.6566087962962963 0.925 0.23112847222222221 0.15
6 0.4212268518518519 0.8875 0.2201620370370371 0.20078125
6 0.2558622685185185 0.71171875 0.3040335648148148 0.21953125
6 0.019212962962962966 0.88125 0.03842592592592593 0.2
6 0.19784722222222223 0.46171875 0.2211400462962963 0.2140625
6 0.030613425925925926 0.31953125 0.06122685185185185 0.25625
0 0.5027025462962963 0.503125 0.4222280092592593 0.39296875