0 0.50625 0.5234375 0.3609375 0.33828125
6 0.49609375 0.17578125 0.2140625 0.22265625
6 0.67890625 0.2625 0.2171875 0.22578125
6 0.778125 0.5234375 0.1828125 0.21796875
6 0.86171875 0.740625 0.2421875 0.25078125
6 0.95234375 0.73203125 0.0953125 0.2046875
6 0.95 0.92578125 0.096875 0.1484375
6 0.659375 0.8625 0.21796875 0.2140625
6 0.44453125 0.90859375 0.2140625 0.1828125
6 0.1734375 0.86328125 0.2515625 0.20703125
6 0.18203125 0.6375 0.25234375 0.27578125
6 0.31015625 0.6921875 0.2234375 0.22421875
6 0.19296875 0.35703125 0.23515625 0.228125
6 0.1015625 0.1125 0.20234375 0.21640625
6 0.790625 0.04296875 0.2359375 0.08515625
6 0.95703125 0.09375 0.0859375 0.1796875
6 0.03359375 0.3171875 0.0625 0.16796875
6 0.01875 0.825 0.03671875 0.21796875