0 0.49765625 0.49453125 0.3375 0.3859375
6 0.20390625 0.11796875 0.22734375 0.2046875
6 0.2640625 0.3078125 0.2046875 0.23515625
6 0.478125 0.2109375 0.1890625 0.196875
6 0.7609375 0.44453125 0.171875 0.21796875
6 0.66328125 0.89140625 0.22109375 0.20078125
6 0.096875 0.71796875 0.19296875 0.2109375
6 0.89375 0.1046875 0.1875 0.209375
6 0.9296875 0.53984375 0.13984375 0.2375
6 0.83125 0.71171875 0.22890625 0.21875
6 0.8984375 0.89609375 0.16171875 0.2078125
6 0.04375 0.30078125 0.0796875 0.24375