0 0.50625 0.49921875 0.3875 0.35
6 0.128125 0.5921875 0.225 0.203125
6 0.728125 0.29453125 0.1890625 0.20859375
6 0.9296875 0.54140625 0.13984375 0.2109375
6 0.8421875 0.81796875 0.16015625 0.20625
6 0.55546875 0.80546875 0.23046875 0.1890625
6 0.390625 0.93359375 0.2234375 0.1328125
6 0.6921875 0.9609375 0.221875 0.078125
6 0.040625 0.78125 0.08046875 0.184375
6 0.21796875 0.16171875 0.190625 0.20078125
6 0.86171875 0.10078125 0.2046875 0.2015625
6 0.39453125 0.025 0.18359375 0.05
6 0.046875 0.07109375 0.09375 0.1421875