0 0.4953125 0.48828125 0.3265625 0.3125
6 0.21953125 0.25859375 0.22734375 0.196875
6 0.59140625 0.19765625 0.22734375 0.2265625
6 0.81796875 0.25703125 0.196875 0.26484375
6 0.23203125 0.6671875 0.2953125 0.30546875
6 0.64453125 0.90234375 0.275 0.19453125
6 0.89921875 0.8640625 0.1875 0.2140625
6 0.9484375 0.6859375 0.103125 0.1265625
6 0.1890625 0.90703125 0.29609375 0.171875
6 0.36328125 0.059375 0.2515625 0.11875
6 0.0859375 0.09765625 0.1640625 0.1953125
6 0.95 0.184375 0.09921875 0.33984375