0 0.5046875 0.49765625 0.3609375 0.35
6 0.35234375 0.1984375 0.1890625 0.2109375
6 0.209375 0.371875 0.19296875 0.1953125
6 0.21484375 0.59453125 0.24765625 0.2125
6 0.52421875 0.7796875 0.21796875 0.171875
6 0.5640625 0.934375 0.25546875 0.13125
6 0.84765625 0.6984375 0.209375 0.20859375
6 0.79375 0.5625 0.1875 0.1796875
6 0.78203125 0.27109375 0.19609375 0.20625
6 0.1578125 0.0671875 0.20234375 0.13359375
6 0.05234375 0.35859375 0.1015625 0.203125
6 0.909375 0.05625 0.175 0.1125
6 0.95390625 0.34296875 0.0921875 0.1421875
6 0.96171875 0.4640625 0.0765625 0.2046875
6 0.9328125 0.94921875 0.134375 0.1015625
6 0.11953125 0.9171875 0.23359375 0.165625
6 0.02890625 0.7609375 0.0578125 0.16796875