0 0.5390625 0.5296875 0.38359375 0.3782407407407408
5 0.43135416666666665 0.7914641203703704 0.0846354166666666 0.08012152777777785
5 0.9060937499999999 0.35630787037037037 0.07421875 0.07546296296296298
6 0.8461979166666668 0.6239583333333334 0.23796874999999992 0.23451967592592596
6 0.64609375 0.899609375 0.22010416666666668 0.20078125
6 0.8821484375 0.8915436921296296 0.23570312499999985 0.21691261574074083
6 0.33916666666666667 0.9447482638888889 0.25421875000000005 0.11050347222222215
6 0.20505208333333336 0.8019097222222221 0.2522916666666667 0.22780671296296298
6 0.20447916666666668 0.5834201388888889 0.25270833333333337 0.2223958333333332
6 0.19796875 0.35749421296296297 0.2376041666666667 0.2057291666666666
6 0.19020833333333334 0.14780092592592592 0.21958333333333332 0.21527777777777782
6 0.3925520833333333 0.09282407407407407 0.28822916666666665 0.1488425925925926
6 0.63625 0.1684027777777778 0.1977083333333333 0.24864004629629632
6 0.7464583333333333 0.17734375 0.15625 0.24479166666666669
6 0.909375 0.09392361111111111 0.18125 0.06655092592592596
6 0.9457812499999999 0.2434606481481482 0.10843750000000014 0.3385127314814815
6 0.9841796875 0.5438657407407408 0.031640625 0.2096354166666666