0 0.5030034722222222 0.5324826388888889 0.4157349537037037 0.4458854166666667
5 0.746556712962963 0.8699826388888889 0.07631944444444443 0.07434027777777778
5 0.09840856481481482 0.31807291666666665 0.06994212962962965 0.05701388888888888
5 0.2244965277777778 0.06296874999999999 0.0700520833333333 0.07185763888888888
6 0.3220601851851852 0.2842013888888889 0.20964699074074078 0.2522743055555556
6 0.5875347222222222 0.19315972222222222 0.24031828703703706 0.17484375000000002
6 0.6687731481481481 0.08746527777777778 0.22065972222222213 0.1572222222222222
6 0.8544386574074074 0.025234374999999996 0.2403356481481481 0.05046874999999999
6 0.9388020833333333 0.3306423611111111 0.11852430555555529 0.1830729166666667
6 0.8288946759259259 0.5103993055555556 0.18508101851851855 0.20486111111111108
6 0.9400636574074074 0.6875868055555555 0.11028356481481474 0.2305381944444445
6 0.7652199074074074 0.6703819444444444 0.17192129629629632 0.2209722222222222
6 0.6133796296296297 0.9221527777777776 0.20798032407407413 0.1327256944444443
6 0.39492476851851854 0.8871701388888888 0.20075810185185183 0.2122395833333332
6 0.10159722222222223 0.8398611111111112 0.20319444444444446 0.2311805555555555
6 0.06893518518518518 0.5007291666666667 0.13611111111111113 0.237361111111111
6 0.047193287037037034 0.22940972222222222 0.09438657407407407 0.21305555555555555
6 0.040625 0.05 0.08125 0.1
6 0.18816550925925926 0.014097222222222223 0.13694444444444445 0.028194444444444446