0 0.4977662037037037 0.46253472222222225 0.41146412037037033 0.38217013888888884
6 0.19641203703703702 0.41982638888888885 0.2379398148148148 0.17576388888888878
6 0.12460648148148148 0.7900173611111111 0.23772569444444444 0.21159722222222221
6 0.03641059027777778 0.5875520833333333 0.07282118055555556 0.25355902777777783
6 0.12844907407407408 0.09929687499999999 0.21732060185185187 0.19859374999999999
6 0.5211863425925926 0.09491319444444445 0.2576273148148148 0.1898263888888889
6 0.8872627314814814 0.09672309027777778 0.22348379629629633 0.19344618055555557
6 0.8271527777777777 0.29517361111111107 0.2671875 0.22225694444444438
6 0.9016377314814814 0.5240625 0.14223379629629634 0.21748263888888886
6 0.8104629629629629 0.6294097222222221 0.2103472222222223 0.23609374999999985
6 0.5969502314814814 0.7479861111111111 0.2807349537037037 0.20104166666666679
6 0.41278356481481476 0.9104513888888889 0.2565856481481482 0.14854166666666657
6 0.05531394675925927 0.9303819444444444 0.11062789351851854 0.13767361111111107
6 0.19332175925925926 0.9716319444444445 0.12938078703703706 0.040034722222222284
6 0.6628530092592593 0.9507638888888887 0.18406828703703706 0.042465277777778