0 0.5315682870370371 0.49267361111111113 0.414525462962963 0.3705844907407407
6 0.22433449074074074 0.4416956018518518 0.23961226851851852 0.16899305555555558
6 0.20231481481481484 0.8096122685185184 0.23914930555555552 0.20488425925925924
6 0.07905092592592593 0.6026157407407406 0.08738425925925926 0.2525810185185186
6 0.1154224537037037 0.11169560185185186 0.2173321759259259 0.20534143518518522
6 0.5035879629629629 0.10876012731481481 0.26102430555555556 0.21752025462962962
6 0.7325231481481482 0.012314814814814815 0.14942129629629636 0.02462962962962963
6 0.8785011574074074 0.12372106481481482 0.2429976851851851 0.21457175925925923
6 0.8389756944444444 0.3348263888888889 0.26875 0.21468749999999998
6 0.9355179398148149 0.5660879629629629 0.12896412037037025 0.21414930555555553
6 0.8669270833333332 0.6699363425925926 0.21215277777777786 0.2302372685185185
6 0.6687210648148147 0.7815856481481481 0.2819733796296296 0.19303240740740737
6 0.5062210648148149 0.9318113425925926 0.2559606481481481 0.12631365740740746
6 0.1361400462962963 0.9404224537037038 0.14071180555555557 0.11914351851851848
6 0.29441550925925924 0.9865682870370371 0.12806712962962957 0.022187499999999714
6 0.7616030092592593 0.9796469907407408 0.18275462962962957 0.02299768518518519
6 0.25219907407407405 0.0072511574074074076 0.1418981481481481 0.014502314814814815