0 0.5567708333333333 0.5076967592592593 0.36468749999999994 0.4203125
6 0.24557291666666664 0.4922743055555555 0.29098958333333336 0.26171875
6 0.6782812500000001 0.2378761574074074 0.25249999999999984 0.26886574074074077
6 0.8962760416666666 0.3072048611111111 0.20744791666666665 0.22916666666666669
6 0.8413020833333332 0.497193287037037 0.25270833333333337 0.24861111111111106
6 0.78515625 0.7070891203703704 0.24203125000000014 0.17028356481481488
6 0.9033072916666667 0.843287037037037 0.19338541666666664 0.22482638888888892
6 0.7689062499999999 0.9506076388888889 0.2580208333333333 0.09878472222222215
6 0.46703124999999995 0.7981770833333334 0.21713541666666672 0.22936921296296298
6 0.14921875 0.8238136574074074 0.20536458333333335 0.25153356481481487
6 0.27765625 0.9677155671296298 0.20536458333333335 0.06456886574074047
6 0.06223958333333333 0.6530381944444444 0.04822916666666668 0.16232638888888892
6 0.08109374999999999 0.1760127314814815 0.15572916666666667 0.25515046296296295