0 0.5109375 0.5359375 0.36015625 0.35546875
6 0.38046875 0.2515625 0.26875 0.2265625
6 0.7390625 0.2328125 0.21171875 0.20859375
6 0.8796875 0.33515625 0.20390625 0.1953125
6 0.9578125 0.528125 0.084375 0.2140625
6 0.8421875 0.76484375 0.215625 0.228125
6 0.58125 0.82109375 0.2265625 0.22265625
6 0.4359375 0.8640625 0.22890625 0.20625
6 0.27109375 0.96171875 0.21171875 0.0765625
6 0.0796875 0.9546875 0.159375 0.090625
6 0.0734375 0.671875 0.146875 0.1984375
6 0.14765625 0.6375 0.21328125 0.2203125
6 0.17578125 0.43515625 0.21953125 0.2125
6 0.13515625 0.0734375 0.22734375 0.146875
6 0.40625 0.08515625 0.209375 0.1703125
6 0.62265625 0.034375 0.20625 0.06796875