0 0.5078125 0.509375 0.33359375 0.37109375
6 0.2203125 0.26484375 0.18671875 0.22265625
6 0.5859375 0.196875 0.16640625 0.21796875
6 0.78828125 0.2921875 0.19296875 0.20625
6 0.909375 0.7578125 0.18046875 0.23125
6 0.6984375 0.909375 0.196875 0.18125
6 0.7953125 0.92734375 0.20078125 0.14453125
6 0.490625 0.83984375 0.24609375 0.20078125
6 0.36875 0.9375 0.1828125 0.125
6 0.15390625 0.79609375 0.18671875 0.178125
6 0.11015625 0.91015625 0.2203125 0.1796875
6 0.221875 0.59296875 0.18515625 0.21484375
6 0.14765625 0.51171875 0.26328125 0.2390625
6 0.29765625 0.04375 0.28828125 0.0875
6 0.896875 0.096875 0.190625 0.19375
6 0.95 0.1234375 0.09921875 0.20234375
6 0.03203125 0.27578125 0.0640625 0.16015625
6 0.0625 0.07890625 0.125 0.1546875