0 0.5037847222222223 0.5072916666666666 0.41734375 0.4058564814814815
5 0.09031249999999999 0.5109432870370371 0.09343750000000002 0.09411458333333336
5 0.017135416666666667 0.10268518518518518 0.031718750000000004 0.12741898148148145
6 0.07397569444444443 0.2682986111111111 0.14065972222222223 0.2165277777777778
6 0.6207812500000001 0.14343171296296295 0.2735243055555555 0.22280671296296295
6 0.21170138888888887 0.41509837962962964 0.20145833333333335 0.21208333333333335
6 0.7940625000000001 0.30715856481481485 0.26376736111111115 0.24047453703703708
6 0.9198741319444445 0.3423553240740741 0.16025173611111115 0.2603761574074074
6 0.8921484375000001 0.5815393518518519 0.21570312499999994 0.24499421296296298
6 0.7958506944444445 0.6690625 0.20878472222222227 0.19043981481481484
6 0.7919965277777777 0.9177777777777777 0.21982638888888886 0.12518518518518534
6 0.9669140625000001 0.9513541666666667 0.06617187499999985 0.042436342592592526
6 0.46890625 0.8022685185185185 0.2686458333333334 0.21407407407407392
6 0.29380208333333335 0.9083043981481481 0.2068229166666667 0.17242476851851835
6 0.18480902777777777 0.9287326388888889 0.2443402777777778 0.13918402777777777
6 0.09333333333333334 0.7875983796296296 0.15690972222222221 0.2802488425925926
6 0.04258680555555556 0.6851273148148149 0.060034722222222225 0.24224537037037025
6 0.1426388888888889 0.09020254629629629 0.2282465277777778 0.18040509259259258
6 0.34578125000000004 0.05261140046296296 0.22670138888888883 0.10522280092592592
6 0.5510416666666667 0.004463252314814816 0.14894097222222236 0.008926504629629631