0 0.48886574074074074 0.4630902777777777 0.3693113425925926 0.40302083333333344
6 0.17487847222222222 0.7311458333333334 0.20738425925925927 0.24149305555555553
6 0.5540046296296296 0.7852256944444445 0.1860069444444445 0.2350868055555555
6 0.7708680555555556 0.6765972222222223 0.21348379629629638 0.22383680555555543
6 0.9077025462962963 0.18725694444444443 0.17341435185185183 0.2477777777777778
6 0.7090277777777778 0.06847222222222223 0.21475694444444446 0.13694444444444445
6 0.81078125 0.047517361111111114 0.21593750000000006 0.09503472222222223
6 0.4888020833333334 0.11857638888888888 0.2686689814814816 0.2208333333333333
6 0.3652141203703704 0.04704861111111111 0.1945717592592592 0.09409722222222222
6 0.13406828703703705 0.1803298611111111 0.2049537037037037 0.19461805555555559
6 0.10625 0.08046875 0.2125 0.1609375
6 0.19418402777777777 0.3888888888888889 0.20537615740740742 0.23282986111111112
6 0.12740162037037037 0.47829861111111105 0.25480324074074073 0.26215277777777785
6 0.2437615740740741 0.9510069444444443 0.3060706018518518 0.08531249999999986
6 0.8622627314814814 0.8681770833333333 0.19072916666666656 0.19086805555555558
6 0.9155787037037036 0.8471006944444444 0.0875 0.214340277777778
6 0.00804398148148148 0.7285763888888889 0.01608796296296296 0.16859375000000015
6 0.03471788194444444 0.9240277777777777 0.06943576388888888 0.15190972222222215