0 0.49779513888888893 0.49744791666666666 0.33343749999999994 0.40812500000000007
6 0.8024537037037037 0.49458333333333326 0.2698032407407407 0.2536111111111111
6 0.3590740740740741 0.7707986111111111 0.23157986111111112 0.26057291666666665
6 0.12748842592592594 0.7157986111111112 0.23598958333333334 0.2231770833333334
6 0.2187326388888889 0.5247395833333333 0.2329918981481482 0.2402951388888889
6 0.013949652777777776 0.5465277777777777 0.027899305555555552 0.18975694444444446
6 0.2890335648148148 0.31383680555555554 0.2269560185185185 0.1636111111111111
6 0.15951967592592592 0.1878298611111111 0.22344907407407408 0.21743055555555557
6 0.32375578703703706 0.06006076388888889 0.2454513888888889 0.12012152777777778
6 0.0375 0.07890625 0.075 0.1578125
6 0.6069675925925926 0.20600694444444442 0.19927083333333329 0.22236111111111115
6 0.9134953703703704 0.16170138888888888 0.1720891203703701 0.24362847222222223
6 0.8051967592592593 0.028858506944444445 0.1966377314814814 0.05771701388888889
6 0.9857060185185185 0.32569444444444445 0.023825231481481524 0.15831597222222218
6 0.9330034722222222 0.7971006944444443 0.12369791666666644 0.24880208333333337
6 0.9653240740740741 0.9682291666666666 0.054050925925925954 0.020729166666666642