6 0.17818287037037037 0.9045891203703704 0.26710069444444445 0.17938657407407418
6 0.8435937499999999 0.8542534722222221 0.22839120370370375 0.198900462962963
6 0.897650462962963 0.4125578703703704 0.1681192129629629 0.23816550925925917
6 0.9006597222222222 0.15925347222222222 0.1873668981481483 0.2338541666666667
6 0.6999768518518519 0.2443576388888889 0.21969328703703717 0.2264236111111111
6 0.5966435185185185 0.08925925925925926 0.2243287037037037 0.13557291666666668
6 0.48293981481481485 0.047199074074074074 0.26146412037037037 0.09439814814814815
6 0.19587962962962963 0.08656105324074073 0.22824074074074074 0.17312210648148146
6 0.04814814814814815 0.23292824074074076 0.0962962962962963 0.2747685185185185
6 0.10683015046296296 0.45109374999999996 0.21366030092592592 0.22109375
6 0.13463541666666667 0.6929861111111111 0.2520486111111111 0.23457175925925924
6 0.020477430555555554 0.632337962962963 0.04095486111111111 0.21574652777777778
0 0.4867766203703704 0.4657233796296296 0.3672164351851851 0.3527719907407407