0 0.50625 0.45234375 0.41015625 0.4328125
5 0.75234375 0.1125 0.075 0.071875
5 0.103125 0.67421875 0.06875 0.05546875
5 0.2265625 0.92421875 0.06875 0.06953125
6 0.325 0.70234375 0.20625 0.2453125
6 0.58828125 0.78671875 0.23828125 0.16796875
6 0.66875 0.88984375 0.21796875 0.15078125
6 0.85390625 0.96328125 0.2390625 0.0734375
6 0.940625 0.64453125 0.11875 0.1796875
6 0.83046875 0.4671875 0.1828125 0.19921875
6 0.94453125 0.2890625 0.1109375 0.22578125
6 0.76875 0.309375 0.16953125 0.21484375
6 0.61953125 0.06328125 0.20546875 0.1265625
6 0.40234375 0.103125 0.1984375 0.20625
6 0.10703125 0.15703125 0.20625 0.22421875
6 0.075 0.49375 0.13359375 0.23203125
6 0.04921875 0.7640625 0.09765625 0.20859375
6 0.0421875 0.94609375 0.084375 0.10234375
6 0.1921875 0.98046875 0.13515625 0.03828125