0 0.5046875 0.5015625 0.3109375 0.31875
6 0.26015625 0.40234375 0.2046875 0.203125
6 0.11484375 0.571875 0.2296875 0.18125
6 0.45078125 0.75625 0.25625 0.2109375
6 0.66328125 0.87109375 0.20234375 0.23125
6 0.87578125 0.8125 0.1984375 0.16953125
6 0.82578125 0.52578125 0.2265625 0.2203125
6 0.91875 0.37109375 0.1625 0.2359375
6 0.953125 0.1609375 0.09375 0.2
6 0.9203125 0.0703125 0.15859375 0.140625
6 0.65546875 0.10859375 0.24453125 0.21484375
6 0.4265625 0.03046875 0.2078125 0.06015625
6 0.1515625 0.04296875 0.23046875 0.08515625
6 0.2015625 0.20234375 0.22109375 0.20234375
6 0.084375 0.36484375 0.1625 0.23359375
6 0.0546875 0.80703125 0.109375 0.2328125
5 0.91796875 0.67265625 0.10078125 0.08125