0 0.5251909722222222 0.5693113425925926 0.4383796296296296 0.45810763888888884
5 0.29942129629629627 0.899519675925926 0.08008680555555561 0.07658564814814817
5 0.9182002314814814 0.3669386574074074 0.07281828703703716 0.059074074074074015
5 0.7790277777777778 0.1081539351851852 0.07369791666666678 0.07391782407407406
6 0.6930497685185186 0.32644675925925926 0.22248842592592588 0.258431712962963
6 0.4231597222222222 0.22755787037037037 0.2491087962962963 0.18192708333333335
6 0.3365335648148148 0.11947916666666666 0.22855902777777776 0.16372685185185185
6 0.14730324074074075 0.041128472222222226 0.24377893518518517 0.07884259259259259
6 0.07942708333333334 0.3546006944444445 0.12788194444444445 0.18654513888888893
6 0.1985300925925926 0.5375752314814815 0.19549189814814816 0.21030092592592595
6 0.09667824074074075 0.7114293981481481 0.12211226851851853 0.23375578703703717
6 0.27042824074074073 0.6994097222222222 0.18318287037037032 0.22601851851851845
6 0.43515046296296295 0.943097511574074 0.2146238425925926 0.11380497685185205
6 0.6515393518518519 0.9090263310185186 0.21153356481481483 0.18194733796296275
6 0.9173003472222222 0.8849710648148148 0.16539930555555565 0.23005787037037032
6 0.9414901620370371 0.5504282407407407 0.11701967592592588 0.24134259259259264
6 0.9560474537037038 0.279849537037037 0.08790509259259238 0.21587962962962964
6 0.959375 0.09974537037037037 0.08125 0.10421296296296297
6 0.8126446759259259 0.05771412037037038 0.13852430555555556 0.03755787037037037