0 0.5219907407407407 0.49671875 0.40946180555555556 0.3957812499999999
5 0.3672743055555555 0.22046875 0.09016203703703703 0.08375000000000003
5 0.9408564814814815 0.68234375 0.07887731481481489 0.07833333333333332
6 0.8366898148148149 0.39958333333333335 0.2537326388888889 0.24546875000000004
6 0.5802662037037036 0.10651041666666668 0.2349537037037038 0.21302083333333335
6 0.8346354166666667 0.11558593749999999 0.25396412037037025 0.23117187499999997
6 0.24441550925925926 0.05786458333333333 0.2692418981481482 0.11572916666666666
6 0.1329861111111111 0.20546875 0.2500289351851852 0.23744791666666662
6 0.15714699074074073 0.43624999999999997 0.26446759259259256 0.23296875000000003
6 0.18272569444444448 0.6755729166666666 0.2530381944444445 0.2151041666666666
6 0.20410879629629633 0.8900520833333333 0.23055555555555562 0.21593750000000006
6 0.4286458333333333 0.9323958333333333 0.30257523148148147 0.10723958333333314
6 0.6773148148148148 0.8553645833333332 0.2075810185185185 0.22062500000000007
6 0.7945023148148148 0.8475520833333334 0.16304976851851852 0.21765625000000027
6 0.9708333333333332 0.7815104166666667 0.05833333333333357 0.3182291666666668
6 0.9898003472222221 0.4851041666666667 0.020399305555555712 0.21994791666666663