6 0.29015625 0.48354745370370367 0.19598958333333333 0.19545717592592596
0 0.5813020833333333 0.4527719907407407 0.40718750000000004 0.4438657407407408
6 0.49098958333333337 0.7914178240740741 0.24744791666666668 0.21992476851851847
6 0.2423958333333333 0.6961226851851852 0.23031249999999998 0.20813657407407415
6 0.894921875 0.8752430555555556 0.21015625 0.17261574074074063
6 0.9528515625 0.45829861111111114 0.09429687499999986 0.25151041666666674
6 0.8459375 0.2242476851851852 0.23552083333333335 0.22787037037037033
6 0.3753125 0.11459490740740741 0.24140625 0.22272569444444446
6 0.1326041666666667 0.22517361111111112 0.21161458333333333 0.17291087962962964
6 0.05942708333333333 0.1388136574074074 0.11348958333333332 0.21920717592592592
6 0.07791666666666668 0.7454166666666666 0.06796875 0.1903761574074075
6 0.12692708333333333 0.9749247685185185 0.12552083333333336 0.04932870370370353