6 0.22967013888888888 0.08828125 0.26019097222222226 0.16883680555555552
6 0.8879398148148148 0.12361111111111112 0.2241203703703704 0.18935185185185183
6 0.9055844907407409 0.5575520833333334 0.16374421296296263 0.23237847222222213
6 0.8879976851851852 0.807957175925926 0.18465277777777764 0.22690972222222214
6 0.6948148148148148 0.7288483796296296 0.21252314814814816 0.21935763888888893
6 0.5791319444444445 0.8848958333333334 0.21921296296296297 0.12907986111111108
6 0.46133101851851854 0.942650462962963 0.2569212962962963 0.11469907407407405
6 0.18057291666666667 0.900636574074074 0.22133680555555557 0.17442129629629619
6 0.04549768518518519 0.755150462962963 0.09099537037037038 0.26967592592592593
6 0.11780671296296297 0.5377604166666667 0.2147048611111111 0.21397569444444448
6 0.16870949074074076 0.297974537037037 0.24473958333333332 0.2267939814814815
6 0.03432436342592592 0.360011574074074 0.06864872685185185 0.21218171296296298
0 0.5009490740740741 0.5144097222222223 0.3558391203703703 0.34172453703703703