0 0.49921875 0.53984375 0.3453125 0.4
5 0.2671875 0.4375 0.0765625 0.071875
6 0.1859375 0.30625 0.2421875 0.23203125
6 0.04609375 0.39609375 0.0921875 0.2484375
6 0.11796875 0.58984375 0.21171875 0.20078125
6 0.29296875 0.66875 0.2078125 0.203125
6 0.3921875 0.7703125 0.22890625 0.17421875
6 0.6375 0.74921875 0.20078125 0.22578125
6 0.8890625 0.75859375 0.221875 0.2203125
6 0.90546875 0.5390625 0.1890625 0.20703125
6 0.91875 0.9546875 0.1625 0.090625
6 0.4703125 0.95859375 0.2265625 0.0828125
6 0.05234375 0.9328125 0.1046875 0.134375
6 0.11484375 0.83828125 0.221875 0.24375
6 0.67890625 0.27890625 0.2140625 0.18515625
6 0.89453125 0.22734375 0.21015625 0.19296875
6 0.90703125 0.05078125 0.1859375 0.1015625
6 0.7078125 0.0859375 0.23046875 0.171875
6 0.4078125 0.190625 0.24765625 0.26875
6 0.2078125 0.0625 0.21953125 0.125
6 0.03203125 0.03203125 0.0640625 0.06328125