0 0.5326562499999999 0.45902777777777776 0.3488599537037036 0.35377314814814814
6 0.7982812499999999 0.5510474537037038 0.22991898148148165 0.22610532407407397
6 0.9078125 0.36591435185185184 0.184375 0.20271990740740745
6 0.573761574074074 0.18732060185185184 0.2850694444444445 0.23675347222222226
6 0.3432002314814815 0.1032349537037037 0.22776041666666663 0.2064699074074074
6 0.12024305555555555 0.15127893518518518 0.22075810185185185 0.1898032407407407
6 0.19050347222222222 0.45090856481481484 0.2536400462962963 0.24524884259259264
6 0.11359953703703703 0.6210300925925927 0.1679398148148148 0.25793981481481476
6 0.0898900462962963 0.8424652777777778 0.09228009259259258 0.21663194444444436
6 0.13037037037037036 0.9304861111111112 0.15773148148148147 0.13824652777777757
6 0.39827546296296296 0.8758449074074074 0.2743113425925926 0.2260706018518519
6 0.6461516203703704 0.9460590277777777 0.22074652777777787 0.05817708333333336
6 0.9055324074074074 0.9169675925925926 0.18893518518518526 0.087638888888889
6 0.8724999999999999 0.7587847222222223 0.246232638888889 0.22539351851851847
6 0.9472844328703705 0.5821412037037037 0.1054311342592591 0.25153935185185183
6 0.9629224537037036 0.11980902777777777 0.07415509259259281 0.23961805555555554
5 0.08446180555555556 0.301244212962963 0.1113425925925926 0.0914467592592592