0 0.46681134259259255 0.44004629629629627 0.37673611111111105 0.4159722222222223
5 0.6927662037037037 0.534519675925926 0.08272569444444447 0.07552083333333322
6 0.7642361111111111 0.6635416666666666 0.26111111111111107 0.24340277777777786
6 0.910792824074074 0.5677372685185185 0.10758101851851834 0.25329861111111107
6 0.8541666666666666 0.3750578703703703 0.22748842592592594 0.2102141203703704
6 0.6834490740740741 0.30269097222222224 0.22375578703703702 0.21241319444444445
6 0.591869212962963 0.20324074074074075 0.2434895833333332 0.1843171296296296
6 0.3433738425925926 0.23425925925925925 0.21918402777777776 0.23483796296296297
6 0.10541087962962963 0.23498263888888887 0.21082175925925925 0.23003472222222224
6 0.08196614583333332 0.45584490740740746 0.16393229166666665 0.215625
6 0.0810546875 0.042961516203703705 0.162109375 0.08592303240740741
6 0.5274594907407407 0.03272569444444444 0.2348668981481481 0.06545138888888888
6 0.9450810185185187 0.04895833333333333 0.10960648148148167 0.09791666666666667
6 0.8750289351851851 0.12607783564814815 0.24166666666666678 0.2521556712962963
6 0.26684027777777775 0.710011574074074 0.22945601851851852 0.19470486111111107
6 0.07958622685185185 0.7711226851851851 0.1591724537037037 0.20228587962962977
6 0.058854166666666666 0.946585648148148 0.11770833333333333 0.10682870370370381
6 0.2251446759259259 0.9047743055555555 0.2453125 0.17737268518518512
6 0.532175925925926 0.7882233796296296 0.2685185185185185 0.2802951388888889
6 0.7249710648148148 0.9096354166666668 0.22934027777777768 0.13003472222222215
6 0.8977141203703705 0.9336226851851851 0.06545138888888893 0.06319444444444429