0 0.5109895833333333 0.5259027777777778 0.4066666666666666 0.3865104166666667
6 0.6508854166666667 0.21743055555555557 0.21484375 0.23154513888888886
6 0.8154166666666667 0.4070138888888889 0.21843749999999992 0.2153472222222222
6 0.82484375 0.6418923611111111 0.27666666666666656 0.23585069444444445
6 0.5097395833333334 0.8226215277777778 0.24333333333333335 0.1915277777777778
6 0.47802083333333334 0.9538715277777777 0.2772916666666667 0.0922569444444445
6 0.16182291666666665 0.7214756944444445 0.23578124999999997 0.2301388888888889
6 0.20927083333333335 0.5802604166666667 0.21187500000000004 0.1986979166666666
6 0.20208333333333334 0.27381944444444445 0.22151041666666665 0.22638888888888892
6 0.8500520833333333 0.09697916666666667 0.22197916666666656 0.1282638888888889
6 0.9599088541666667 0.40010416666666665 0.08018229166666657 0.21914930555555562
6 0.074375 0.05237847222222223 0.14875 0.10475694444444446
6 0.047760416666666666 0.3425173611111111 0.059895833333333336 0.1506597222222222
6 0.049166666666666664 0.4687673611111111 0.049479166666666664 0.21640625
6 0.11109374999999999 0.9634765625 0.09859375000000004 0.073046875
6 0.9098958333333332 0.9466319444444444 0.18020833333333358 0.10673611111111114
6 0.9996223958333333 0.8238715277777778 0.0007552083333333571 0.17942708333333357