0 0.5158854166666667 0.5411863425925926 0.4225347222222222 0.38747106481481486
6 0.9282899305555556 0.6639641203703703 0.14342013888888872 0.24218171296296304
6 0.8774956597222221 0.4058622685185185 0.24500868055555572 0.24627314814814802
6 0.6688194444444444 0.3168402777777778 0.1682986111111111 0.2441203703703704
6 0.3779166666666666 0.26044560185185184 0.21782986111111108 0.2537037037037037
6 0.14793402777777778 0.1892824074074074 0.23005208333333335 0.21302662037037035
6 0.23043402777777774 0.04624421296296296 0.2022743055555555 0.07907986111111112
6 0.031684027777777776 0.028923611111111115 0.06336805555555555 0.05784722222222223
6 0.9577690972222221 0.19806134259259262 0.08446180555555571 0.2349247685185185
6 0.9903993055555557 0.9588020833333333 0.019201388888888716 0.08239583333333336
6 0.5957291666666666 0.9342129629629629 0.28493055555555563 0.13157407407407434
6 0.13322916666666668 0.5423900462962963 0.2273784722222222 0.22302083333333336