0 0.529681712962963 0.4702719907407407 0.36101273148148144 0.36609953703703707
5 0.862806712962963 0.6195775462962964 0.08791087962962969 0.0980150462962964
6 0.15720486111111112 0.4719965277777778 0.2500231481481482 0.22616319444444438
6 0.2788715277777778 0.669050925925926 0.21403356481481478 0.195954861111111
6 0.6211516203703704 0.7575520833333333 0.26506944444444436 0.20755787037037035
6 0.9372164351851853 0.7184837962962962 0.12556712962962954 0.22267361111111122
6 0.9520182291666668 0.9014293981481482 0.09596354166666643 0.09320601851851862
6 0.8150578703703705 0.9362384259259258 0.13226851851851862 0.042152777777777574
6 0.1385127314814815 0.844849537037037 0.2325810185185185 0.21655092592592595
6 0.23333912037037036 0.09405092592592593 0.27605324074074067 0.18810185185185185
6 0.47039351851851857 0.044994212962962965 0.23375578703703717 0.08998842592592593
6 0.8271006944444445 0.4182118055555556 0.20811921296296312 0.2595543981481482