0 0.47068865740740745 0.4755729166666667 0.38125 0.438125
5 0.22060185185185185 0.5724479166666667 0.08405671296296298 0.07939236111111114
6 0.13110532407407408 0.7069097222222223 0.26221064814814815 0.25670138888888905
6 0.019350405092592594 0.6059375 0.03870081018518519 0.26421875000000006
6 0.0913917824074074 0.4066493055555556 0.1827835648148148 0.2211111111111112
6 0.25697337962962963 0.32991319444444445 0.22748842592592594 0.2246006944444444
6 0.3664351851851852 0.22678819444444445 0.24901620370370364 0.19513888888888892
6 0.6249710648148148 0.26097222222222227 0.22132523148148148 0.2477256944444445
6 0.8823206018518519 0.2638020833333333 0.2273726851851851 0.24253472222222222
6 0.8901909722222221 0.495 0.19322916666666642 0.22619791666666664
6 0.9206886574074075 0.07300347222222223 0.15862268518518513 0.07100694444444444
6 0.4551793981481481 0.04918402777777778 0.24354745370370381 0.06854166666666667
6 0.03356481481481481 0.057743055555555554 0.06712962962962962 0.1123611111111111
6 0.09821325231481481 0.14421875 0.19642650462962963 0.26421875
6 0.6503472222222222 0.7590104166666667 0.2337962962962962 0.20538194444444463
6 0.8677951388888889 0.8250173611111112 0.2137731481481481 0.21229166666666685
6 0.8746817129629629 0.9760416666666668 0.1828125 0.04791666666666643
6 0.6721064814814814 0.9348611111111111 0.24953703703703703 0.13027777777777771
6 0.36018518518518516 0.8392361111111111 0.27222222222222225 0.2952256944444443
6 0.14308449074074076 0.9474739583333334 0.23602430555555554 0.10505208333333335