0 0.4850462962962963 0.4856770833333333 0.46993055555555563 0.39953125000000006
6 0.8304803240740741 0.42729166666666674 0.20199074074074055 0.24131365740740734
6 0.7818576388888888 0.6503935185185185 0.17774884259259255 0.2395717592592593
6 0.26495949074074077 0.7325115740740741 0.18662037037037038 0.2583854166666667
6 0.4914988425925926 0.8412326388888889 0.27743634259259264 0.21921874999999993
6 0.8542013888888889 0.8793778935185186 0.2177199074074075 0.24124421296296283
6 0.9449363425925927 0.6125347222222223 0.0946932870370368 0.22255208333333343
6 0.3108796296296296 0.11168981481481481 0.20011574074074073 0.22020833333333328
6 0.1125 0.03364583333333333 0.225 0.06729166666666667
6 0.0339916087962963 0.3557349537037037 0.0679832175925926 0.23880787037037035
6 0.08103153935185185 0.9234389467592592 0.1620630787037037 0.15312210648148153
5 0.11991319444444444 0.7134664351851852 0.11437499999999998 0.1273958333333333