0 0.50625 0.50390625 0.35859375 0.34921875
5 0.38125 0.23515625 0.0796875 0.0734375
5 0.88515625 0.70390625 0.06875 0.06953125
6 0.80703125 0.43203125 0.221875 0.21640625
6 0.58828125 0.13203125 0.2046875 0.20625
6 0.825 0.1578125 0.221875 0.21875
6 0.278125 0.0609375 0.24453125 0.12109375
6 0.15390625 0.2078125 0.23671875 0.20859375
6 0.16796875 0.42578125 0.23828125 0.203125
6 0.1765625 0.65 0.2234375 0.1875
6 0.1828125 0.85859375 0.2046875 0.1984375
6 0.390625 0.93359375 0.27890625 0.1328125
6 0.62734375 0.87109375 0.18125 0.23359375
6 0.73671875 0.8703125 0.13984375 0.23203125
6 0.90859375 0.9703125 0.1828125 0.059375
6 0.94453125 0.81953125 0.1109375 0.328125
6 0.97109375 0.525 0.0578125 0.2046875