0 0.5204861111111111 0.48864583333333333 0.3868923611111111 0.37987847222222226
6 0.3519675925925926 0.18546875000000002 0.20341435185185192 0.22743055555555558
6 0.21015625 0.3709722222222222 0.20749421296296297 0.21123263888888885
6 0.22497106481481483 0.6019444444444445 0.26440972222222225 0.2317013888888889
6 0.5524016203703704 0.7798958333333333 0.23237847222222213 0.18815972222222221
6 0.5983506944444444 0.9218402777777778 0.26796875 0.11720486111111121
6 0.8836516203703704 0.6806597222222222 0.2244212962962962 0.22602430555555558
6 0.8221643518518519 0.5417534722222223 0.20144675925925917 0.19536458333333329
6 0.7984664351851852 0.2399652777777778 0.21024305555555553 0.22227430555555552
6 0.14461805555555557 0.06480034722222222 0.2150173611111111 0.12960069444444444
6 0.05651041666666666 0.3637152777777778 0.09377893518518518 0.21553819444444447
6 0.91484375 0.03703125 0.1703125 0.0740625
6 0.9644965277777778 0.30657986111111113 0.07100694444444429 0.14892361111111113
6 0.9732060185185185 0.430486111111111 0.053587962962962976 0.215486111111111
6 0.955418113425926 0.9207986111111112 0.08916377314814809 0.07970486111111122
6 0.1461226851851852 0.9239409722222222 0.22858796296296297 0.14899305555555564
6 0.047685185185185185 0.7804166666666668 0.0439525462962963 0.17588541666666657