0 0.4814583333333333 0.5376099537037037 0.3438715277777778 0.34646412037037033
6 0.21817708333333333 0.6354166666666666 0.22673611111111108 0.22127893518518532
6 0.09817274305555555 0.45392939814814814 0.1963454861111111 0.19846064814814818
6 0.4371180555555556 0.26797453703703705 0.2817708333333332 0.23071180555555557
6 0.6667534722222221 0.15274305555555556 0.22489583333333343 0.2500925925925926
6 0.8865972222222223 0.22262152777777774 0.2164756944444445 0.1835243055555555
6 0.8232291666666667 0.5219212962962964 0.2501909722222223 0.23991898148148144
6 0.8986805555555556 0.6900000000000001 0.15486111111111106 0.2542592592592591
6 0.925642361111111 0.901663773148148 0.07975694444444414 0.19667245370370381
6 0.8865104166666666 0.9666145833333333 0.14628472222222227 0.06677083333333336
6 0.6227256944444445 0.9205830439814815 0.2694618055555555 0.1588339120370371
6 0.10517361111111109 0.981388888888889 0.21034722222222219 0.037222222222222004
6 0.14708333333333332 0.844525462962963 0.24307291666666667 0.2202025462962965
6 0.059730902777777775 0.6708796296296297 0.11946180555555555 0.24879050925925927
6 0.04101996527777778 0.20361689814814815 0.08203993055555556 0.24939814814814812
5 0.9277604166666666 0.37012731481481487 0.11006944444444429 0.08908564814814816