0 0.475 0.55703125 0.33828125 0.36328125
6 0.71640625 0.378125 0.2390625 0.19296875
6 0.76953125 0.54609375 0.18515625 0.21640625
6 0.95078125 0.66171875 0.09765625 0.221875
6 0.86640625 0.86640625 0.20625 0.20859375
6 0.64921875 0.79140625 0.1984375 0.20625
6 0.39140625 0.88046875 0.2171875 0.2359375
6 0.58125 0.95 0.2 0.1
6 0.10703125 0.753125 0.1984375 0.1859375
6 0.0734375 0.94453125 0.1359375 0.1109375
6 0.05 0.4421875 0.1 0.246875
6 0.2359375 0.446875 0.2390625 0.20078125
6 0.38671875 0.1734375 0.2234375 0.21484375
6 0.709375 0.165625 0.2328125 0.20859375
6 0.925 0.3515625 0.15 0.2125
6 0.90546875 0.06484375 0.17890625 0.1296875
6 0.13984375 0.08515625 0.25546875 0.16796875