0 0.5143229166666667 0.48116319444444444 0.424681712962963 0.38022569444444443
6 0.9253616898148149 0.3701736111111111 0.14927662037037023 0.23947916666666663
6 0.8848234953703704 0.6290277777777777 0.23035300925925917 0.2414236111111112
6 0.6879050925925926 0.7134375000000001 0.1682291666666668 0.24260416666666665
6 0.3972800925925926 0.7621180555555556 0.2184895833333333 0.25074652777777773
6 0.16901041666666666 0.8266145833333333 0.23098958333333336 0.208871527777778
6 0.26490162037037035 0.9667881944444445 0.2028356481481482 0.059930555555555286
6 0.06594328703703703 0.9782465277777778 0.060127314814814814 0.042708333333333216
6 0.9747757523148148 0.8427083333333334 0.05044849537037024 0.23532986111111107
6 0.975 0.05741319444444445 0.05 0.1148263888888889
6 0.5607349537037037 0.07427083333333333 0.28709490740740745 0.14854166666666666
6 0.12682291666666665 0.4686631944444445 0.22667824074074075 0.21892361111111108