0 0.45896990740740745 0.5531828703703704 0.3827372685185185 0.3736400462962962
6 0.6052083333333333 0.2689814814814815 0.2838252314814815 0.24053819444444446
6 0.24368055555555554 0.23680555555555555 0.22504050925925928 0.21964699074074073
6 0.10218750000000001 0.3354456018518518 0.20437500000000003 0.20607638888888893
6 0.02906828703703703 0.5256944444444445 0.05813657407407406 0.22013888888888894
6 0.11338107638888888 0.772800925925926 0.22676215277777775 0.23932291666666677
6 0.3721064814814815 0.8395833333333333 0.2406134259259259 0.23425925925925917
6 0.5167534722222222 0.887991898148148 0.2420659722222222 0.21715856481481488
6 0.6813020833333333 0.974855324074074 0.2163078703703704 0.050289351851851904
6 0.8722916666666667 0.971875 0.1607870370370371 0.05625
6 0.8924652777777778 0.7070023148148148 0.15576388888888887 0.20694444444444446
6 0.820810185185185 0.6699074074074074 0.22721064814814795 0.23142361111111107
6 0.802517361111111 0.46414930555555556 0.23305555555555557 0.22384259259259257
6 0.865144675925926 0.10170717592592593 0.23846064814814802 0.14762731481481484
6 0.5895370370370371 0.10324074074074074 0.21932291666666667 0.16953125
6 0.37189814814814814 0.043518518518518526 0.21085069444444446 0.06629050925925925