6 0.2359375 0.08203125 0.25234375 0.1640625
6 0.88828125 0.0921875 0.2171875 0.184375
6 0.91953125 0.521875 0.1609375 0.221875
6 0.909375 0.7703125 0.18046875 0.21796875
6 0.71328125 0.6984375 0.20390625 0.20859375
6 0.60390625 0.85625 0.21328125 0.11953125
6 0.48984375 0.93359375 0.25 0.1328125
6 0.21015625 0.8859375 0.2140625 0.1640625
6 0.05703125 0.74765625 0.1140625 0.26171875
6 0.1375 0.53046875 0.20625 0.203125
6 0.18125 0.2921875 0.23515625 0.21484375
6 0.040625 0.359375 0.08125 0.20625
0 0.51484375 0.49375 0.34296875 0.32421875