0 0.5018518518518518 0.48187499999999994 0.3635706018518519 0.41078125000000015
6 0.7939814814814815 0.20708333333333334 0.2039351851851851 0.2458333333333333
6 0.40853587962962956 0.16151041666666668 0.18263888888888893 0.23895833333333333
6 0.20049189814814813 0.27484375 0.21030092592592595 0.22833333333333333
6 0.10749421296296298 0.7666145833333333 0.16672453703703702 0.25114583333333335
6 0.31759259259259254 0.8990625 0.21232638888888894 0.17781249999999993
6 0.21750578703703702 0.92453125 0.2140625 0.14052083333333343
6 0.5326099537037037 0.8259895833333333 0.2655671296296296 0.2265625
6 0.6647569444444444 0.9048958333333333 0.19299768518518512 0.11885416666666657
6 0.8832465277777779 0.7564062500000001 0.20219907407407406 0.1989583333333332
6 0.9079210069444444 0.8600520833333334 0.18415798611111106 0.17526041666666642
6 0.8043113425925925 0.5494270833333333 0.2020543981481481 0.23713541666666665
6 0.8683883101851851 0.45906250000000004 0.2632233796296298 0.26760416666666664
6 0.7044560185185185 0.0175390625 0.305005787037037 0.035078125
6 0.09244791666666666 0.09140625 0.18489583333333331 0.1828125
6 0.0408275462962963 0.10848958333333332 0.08043981481481483 0.215
6 0.977662037037037 0.20458333333333334 0.04467592592592595 0.17062499999999997
6 0.9421875 0.043958333333333335 0.115625 0.08791666666666667