0 0.5367476851851851 0.5075462962962962 0.4083564814814814 0.3599189814814814
6 0.3158275462962963 0.31004050925925924 0.23386574074074068 0.23289351851851858
6 0.06611255787037038 0.5470833333333334 0.13222511574074075 0.23005208333333335
6 0.16969328703703704 0.7336168981481481 0.21557291666666661 0.22651041666666671
6 0.2782349537037037 0.6133275462962964 0.26620949074074074 0.25421875000000005
6 0.6317013888888889 0.7848611111111111 0.22299189814814824 0.2039178240740739
6 0.8401504629629629 0.6505555555555556 0.250636574074074 0.24004629629629637
6 0.9136342592592592 0.9202199074074073 0.08409722222222235 0.14587962962962991
6 0.5058217592592593 0.9232407407407408 0.24034722222222218 0.14703703703703716
6 0.9117013888888887 0.12913194444444445 0.1720891203703701 0.20119791666666664
6 0.7444849537037037 0.043540219907407404 0.2250520833333333 0.08708043981481481
6 0.5171412037037036 0.04437789351851852 0.22270833333333329 0.08875578703703704
6 0.29906828703703703 0.017142650462962962 0.155769675925926 0.034285300925925924
6 0.08938802083333333 0.9560995370370371 0.17877604166666666 0.08742476851851855
6 0.2850810185185185 0.9030092592592591 0.21058449074074073 0.19054976851851818