0 0.4487847222222222 0.50875 0.4112789351851852 0.41294560185185175
6 0.13221788194444445 0.5768460648148148 0.2644357638888889 0.2642650462962962
6 0.36594907407407407 0.827025462962963 0.2730092592592593 0.25315393518518514
6 0.7594675925925926 0.8290046296296296 0.2933738425925926 0.281568287037037
6 0.7192824074074075 0.6039178240740741 0.23987268518518512 0.24173032407407397
6 0.8800173611111111 0.3711689814814815 0.2251331018518517 0.29773726851851856
6 0.9546122685185185 0.3310185185185185 0.07651620370370367 0.2104166666666666
6 0.9511111111111111 0.7918055555555557 0.05657407407407398 0.22261574074074061
6 0.9492592592592594 0.9597280092592593 0.04449652777777757 0.05219907407407405
6 0.3409837962962963 0.9843576388888888 0.1568518518518518 0.022627314814814524
6 0.12553385416666668 0.9479398148148149 0.25106770833333336 0.10410879629629619
6 0.04009403935185185 0.8461226851851851 0.0801880787037037 0.27883680555555584
6 0.017866030092592595 0.44809027777777777 0.03573206018518519 0.1717766203703704
6 0.07716001157407407 0.25897569444444446 0.15432002314814813 0.20781828703703703
6 0.037494212962962965 0.0943359375 0.07498842592592593 0.188671875
6 0.1406886574074074 0.02392071759259259 0.20377893518518517 0.04784143518518518
6 0.5034201388888888 0.11902777777777777 0.2525347222222223 0.23805555555555555
6 0.7418923611111111 0.08449074074074074 0.2599652777777777 0.16898148148148148
6 0.9215740740740742 0.1093287037037037 0.15685185185185163 0.2186574074074074
6 0.6559606481481481 0.26359953703703703 0.25558449074074086 0.21853587962962964