0 0.5456770833333333 0.48247106481481483 0.4578125 0.39951967592592597
6 0.19744791666666667 0.4372106481481482 0.25479166666666664 0.21962962962962962
6 0.35854166666666665 0.24691550925925929 0.3126041666666667 0.1394733796296297
6 0.7111458333333334 0.12296296296296297 0.2730208333333334 0.22406828703703704
6 0.8741145833333333 0.45395254629629633 0.2319791666666667 0.2049189814814815
6 0.9526562500000001 0.8443981481481482 0.09468749999999986 0.22930555555555543
6 0.7552604166666667 0.8903587962962962 0.29156249999999984 0.18641203703703724
6 0.36666666666666664 0.8032407407407407 0.24291666666666661 0.20524305555555564
6 0.0928125 0.675931712962963 0.11171875 0.2489178240740742
6 0.07708333333333332 0.921412037037037 0.04145833333333333 0.15405092592592595
6 0.2427083333333333 0.9634722222222223 0.24401041666666662 0.06960648148148145
6 0.06838541666666667 0.0765625 0.13677083333333334 0.153125
6 0.25026041666666665 0.025007233796296297 0.21140625000000002 0.05001446759259259
6 0.47125000000000006 0.06730902777777778 0.22062500000000007 0.13461805555555556
6 0.9962500000000001 0.4333564814814815 0.007499999999999929 0.16659722222222229
6 0.08151041666666667 0.35375578703703703 0.13598958333333333 0.3088946759259259