0 0.4627604166666667 0.4963252314814815 0.42484374999999996 0.36390625
5 0.017135416666666667 0.4255613425925926 0.034270833333333334 0.0988773148148148
5 0.36416666666666664 0.8859259259259259 0.08885416666666668 0.07952546296296284
5 0.6517708333333333 0.20288194444444443 0.10520833333333339 0.09057870370370366
6 0.40802083333333333 0.19297453703703704 0.23531250000000004 0.23834490740740738
6 0.22041666666666665 0.1034982638888889 0.24822916666666667 0.2069965277777778
6 0.1928125 0.3991550925925926 0.240625 0.23604166666666665
6 0.0599609375 0.2596759259259259 0.119921875 0.2283043981481482
6 0.17630208333333336 0.6116724537037037 0.22052083333333333 0.22730324074074063
6 0.07188802083333333 0.6821412037037037 0.14377604166666666 0.25446180555555564
6 0.023450520833333332 0.8090277777777779 0.046901041666666664 0.22568865740740734
6 0.13468750000000002 0.9196412037037037 0.23390625000000004 0.15868634259259268
6 0.25067708333333333 0.9367418981481481 0.2534375 0.12369212962962947
6 0.5163020833333334 0.817644675925926 0.18739583333333326 0.18723379629629627
6 0.6170833333333333 0.7817592592592593 0.2436979166666667 0.22357060185185168
6 0.47750000000000004 0.9662962962962963 0.2016145833333333 0.060839120370370384
6 0.6811458333333332 0.9452662037037036 0.21281250000000007 0.09996527777777757
6 0.8715104166666666 0.8189178240740741 0.16296874999999994 0.24249421296296275
6 0.7949479166666668 0.5969386574074074 0.25171875000000005 0.22675347222222228
6 0.7661458333333334 0.3613310185185185 0.2634374999999999 0.23855324074074077
6 0.94796875 0.28111689814814816 0.08078124999999972 0.2395428240740741
6 0.7615104166666666 0.11461226851851851 0.2083333333333332 0.19675925925925924
6 0.5711458333333332 0.05591145833333333 0.23656250000000015 0.11182291666666666
6 0.19552083333333334 0.2648263888888889 0.17395833333333335 0.10280092592592593
6 0.31317708333333333 0.7371585648148148 0.23000000000000007 0.1820833333333333
6 0.9465104166666667 0.06072337962962963 0.10697916666666671 0.12144675925925925
6 0.8057291666666668 0.02841869212962963 0.19630208333333315 0.05683738425925926
6 0.078125 0.05625 0.15625 0.1125
6 0.9483333333333335 0.6387499999999999 0.024687500000000286 0.11262731481481474
6 0.016367187499999998 0.5052372685185185 0.032734374999999996 0.11843171296296298