0 0.48236689814814815 0.4566377314814815 0.43612268518518515 0.416863425925926
6 0.21945023148148152 0.43595486111111115 0.22184027777777776 0.2662847222222222
6 0.20075231481481484 0.7663425925925926 0.24575810185185185 0.23168402777777786
6 0.4071701388888888 0.7284780092592593 0.24810185185185177 0.23180555555555565
6 0.6313368055555555 0.8317534722222222 0.21869791666666671 0.23573495370370381
6 0.8421643518518518 0.8599189814814816 0.24291666666666673 0.2369907407407407
6 0.7750173611111111 0.6441493055555556 0.25446180555555564 0.24927662037037024
6 0.7946527777777778 0.35611111111111116 0.24891203703703688 0.24743055555555554
6 0.899837962962963 0.47280092592592593 0.1681192129629629 0.2370081018518519
6 0.9291898148148148 0.2542013888888889 0.13157407407407398 0.22342592592592592
6 0.756087962962963 0.14809027777777778 0.26126157407407397 0.230150462962963
6 0.547175925925926 0.09809027777777778 0.222795138888889 0.14946180555555555
6 0.32664930555555555 0.18144097222222222 0.22621527777777786 0.24547453703703703
6 0.07234519675925925 0.48155671296296293 0.1446903935185185 0.29119791666666667
6 0.09998408564814815 0.26632523148148146 0.1999681712962963 0.24510995370370373
6 0.8390104166666668 0.9552589699074074 0.23094328703703723 0.08948206018518512
6 0.0625 0.038396990740740745 0.125 0.07679398148148149
6 0.28381944444444446 0.040567129629629634 0.2096643518518518 0.06151620370370371
6 0.96609375 0.07124421296296297 0.06781250000000014 0.04559027777777778