0 0.5218229166666667 0.6119791666666666 0.44043402777777774 0.42817708333333326
6 0.25494791666666666 0.6011979166666667 0.22321180555555556 0.2727083333333333
6 0.23777777777777778 0.2674479166666667 0.24814236111111115 0.2377604166666667
6 0.44774305555555555 0.32973958333333336 0.25048611111111113 0.23791666666666664
6 0.6764583333333334 0.25307291666666665 0.22104166666666672 0.24140625
6 0.8845225694444444 0.25026041666666665 0.23095486111111113 0.24453125
6 0.8211111111111112 0.45822916666666663 0.256753472222222 0.25625
6 0.8380034722222222 0.7506770833333333 0.25121527777777786 0.2543229166666666
6 0.9309244791666668 0.6457291666666667 0.13815104166666642 0.24182291666666664
6 0.954743923611111 0.8696354166666665 0.090512152777778 0.22838541666666642
6 0.7968923611111111 0.9180598958333335 0.26381944444444444 0.16388020833333314
6 0.5838194444444444 0.9511458333333334 0.22437500000000005 0.09770833333333329
6 0.36114583333333333 0.8699999999999999 0.22770833333333335 0.25119791666666663
6 0.09701388888888889 0.5353645833333334 0.15958333333333333 0.29572916666666665
6 0.13020833333333331 0.7564583333333333 0.20430555555555557 0.2504166666666666
6 0.8859375 0.12625 0.228125 0.14958333333333332
6 0.0978125 0.97109375 0.11187500000000002 0.0578125
6 0.31704861111111116 0.9868489583333332 0.21260416666666665 0.02630208333333357