0 0.50546875 0.50078125 0.36015625 0.34921875
6 0.2375 0.32734375 0.21328125 0.22421875
6 0.4015625 0.21640625 0.18125 0.19921875
6 0.75625 0.28828125 0.2171875 0.15859375
6 0.92734375 0.1984375 0.1453125 0.21875
6 0.9796875 0.384375 0.040625 0.13671875
6 0.903125 0.515625 0.16953125 0.20234375
6 0.7890625 0.6828125 0.21796875 0.24765625
6 0.9578125 0.6890625 0.084375 0.134375
6 0.87890625 0.8890625 0.2421875 0.221875
6 0.60546875 0.94609375 0.2515625 0.1078125
6 0.5875 0.759375 0.2140625 0.2390625
6 0.37265625 0.85546875 0.20234375 0.18125
6 0.36015625 0.66015625 0.21015625 0.23984375
6 0.2234375 0.625 0.209375 0.2265625
6 0.1625 0.8859375 0.240625 0.228125
6 0.06640625 0.228125 0.13203125 0.2546875
6 0.19140625 0.09765625 0.25 0.1953125
6 0.63203125 0.10859375 0.24609375 0.21640625
6 0.79296875 0.0171875 0.1625 0.034375