0 0.50234375 0.56640625 0.40625 0.3859375
6 0.24453125 0.5734375 0.20390625 0.24921875
6 0.24296875 0.2515625 0.22890625 0.2140625
6 0.4421875 0.2984375 0.23125 0.2140625
6 0.665625 0.209375 0.20234375 0.21875
6 0.88125 0.19453125 0.23671875 0.221875
6 0.796875 0.3984375 0.23671875 0.23125
6 0.80078125 0.68046875 0.23125 0.2296875
6 0.9171875 0.57265625 0.165625 0.22421875
6 0.934375 0.78671875 0.13046875 0.2125
6 0.75390625 0.8875 0.24609375 0.225
6 0.54765625 0.92578125 0.21171875 0.1484375
6 0.3359375 0.8265625 0.209375 0.228125
6 0.08359375 0.52109375 0.16640625 0.27578125
6 0.10546875 0.73203125 0.2109375 0.2265625
6 0.8828125 0.06875 0.234375 0.1375
6 0.065625 0.95859375 0.13046875 0.0828125
6 0.2890625 0.96796875 0.20234375 0.06328125
6 0.9609375 0.971875 0.078125 0.05625