0 0.50625 0.51015625 0.415625 0.37265625
6 0.175 0.45625 0.23125 0.2046875
6 0.3421875 0.278125 0.2921875 0.12578125
6 0.6875 0.16875 0.2484375 0.20859375
6 0.8234375 0.4921875 0.21015625 0.19140625
6 0.91875 0.87265625 0.1625 0.21640625
6 0.68359375 0.91171875 0.26953125 0.17578125
6 0.3140625 0.81328125 0.22109375 0.19140625
6 0.053125 0.68515625 0.10546875 0.2375
6 0.02265625 0.9234375 0.0453125 0.15234375
6 0.1859375 0.9671875 0.23125 0.065625
6 0.06796875 0.08984375 0.1359375 0.17890625
6 0.253125 0.0421875 0.2 0.08359375
6 0.4640625 0.08671875 0.20390625 0.1734375
6 0.97265625 0.47890625 0.05390625 0.16015625
6 0.0625 0.3734375 0.125 0.29375