0 0.56015625 0.51328125 0.3875 0.35390625
6 0.3296875 0.315625 0.22109375 0.2296875
6 0.0765625 0.54921875 0.153125 0.2265625
6 0.20703125 0.734375 0.20234375 0.22265625
6 0.3078125 0.615625 0.2515625 0.25078125
6 0.66953125 0.7890625 0.21171875 0.20078125
6 0.86953125 0.65703125 0.23671875 0.2359375
6 0.9609375 0.92734375 0.078125 0.14453125
6 0.553125 0.92734375 0.2328125 0.14453125
6 0.91640625 0.140625 0.16640625 0.1984375
6 0.74375 0.0484375 0.22109375 0.096875
6 0.5171875 0.04921875 0.2171875 0.0984375
6 0.3 0.02109375 0.1546875 0.0421875
6 0.12734375 0.95625 0.20078125 0.08671875
6 0.33125 0.90546875 0.2 0.1890625