0 0.49464699074074076 0.4972048611111111 0.35265625000000006 0.35295138888888894
6 0.621550925925926 0.20503472222222224 0.22737847222222224 0.2232465277777777
6 0.43831597222222224 0.09570746527777778 0.23273148148148143 0.19141493055555556
6 0.7999652777777777 0.09006510416666666 0.2374189814814816 0.18013020833333332
6 0.9083796296296296 0.048993055555555554 0.1832407407407409 0.09798611111111111
6 0.96546875 0.33652777777777776 0.06162037037037038 0.25960069444444445
6 0.8875173611111112 0.5390798611111111 0.21084490740740733 0.213923611111111
6 0.9126388888888888 0.8986631944444443 0.1486574074074074 0.126840277777778
6 0.7066898148148149 0.8875173611111112 0.22738425925925937 0.17093750000000013
6 0.508287037037037 0.8939930555555555 0.2297974537037037 0.17572916666666671
6 0.6140277777777777 0.7128472222222222 0.23042245370370368 0.2179166666666667
6 0.25335069444444447 0.9748090277777777 0.17070601851851847 0.03413194444444443
6 0.09045717592592592 0.6418923611111111 0.18091435185185184 0.20059027777777771
6 0.2500810185185185 0.6158159722222223 0.182193287037037 0.229826388888889
6 0.07930266203703704 0.4604166666666667 0.15860532407407407 0.1986979166666666
6 0.051160300925925925 0.17348958333333334 0.10232060185185185 0.24755208333333334