0 0.540625 0.5470775462962962 0.38984375 0.4288773148148149
6 0.86171875 0.6325810185185186 0.2765625 0.27595486111111106
6 0.6125 0.8641203703703704 0.259375 0.26374421296296297
6 0.228125 0.8434606481481481 0.278125 0.2932581018518519
6 0.2734375 0.6249421296296296 0.22734375 0.25121527777777786
6 0.11484375 0.38741319444444444 0.2296875 0.30607638888888894
6 0.0421875 0.34140625 0.084375 0.2109375
6 0.0328125 0.7946180555555555 0.06484375 0.22355324074074084
6 0.0296875 0.96640625 0.059375 0.0671875
6 0.86015625 0.9691623263888889 0.27421875 0.06167534722222214
6 0.94765625 0.8814019097222221 0.1046875 0.23719618055555572
6 0.97421875 0.5127893518518519 0.05078125 0.17251157407407405
6 0.91953125 0.3235821759259259 0.1609375 0.21426504629629628
6 0.96015625 0.16409143518518518 0.07890625 0.1910011574074074
6 0.85625 0.08764467592592592 0.19765625 0.06229745370370372
6 0.4984375 0.1564525462962963 0.23984375 0.2568287037037037
6 0.26640625 0.1072337962962963 0.2484375 0.1934027777777778
6 0.08203125 0.12013888888888888 0.1640625 0.23949652777777777
6 0.34453125 0.2942708333333333 0.24375 0.22977430555555553