0 0.45101273148148147 0.528443287037037 0.4254918981481481 0.4174131944444445
6 0.7105034722222221 0.34975694444444444 0.26715856481481487 0.25510995370370376
6 0.7745949074074074 0.6173726851851852 0.22381365740740727 0.25831018518518506
6 0.5614583333333333 0.7631712962962963 0.29780092592592594 0.2380208333333332
6 0.2875289351851852 0.7662210648148148 0.27146990740740745 0.26078124999999996
6 0.15659722222222222 0.7657060185185186 0.24811921296296297 0.2712442129629629
6 0.021209490740740737 0.7562152777777778 0.042418981481481474 0.2530555555555555
6 0.13993055555555553 0.9613483796296297 0.21550925925925926 0.07730324074074062
6 0.3624710648148148 0.9694965277777777 0.16756365740740745 0.0610069444444445
6 0.1036747685185185 0.4360069444444445 0.207349537037037 0.28844328703703714
6 0.22942708333333334 0.23776041666666664 0.250636574074074 0.23168402777777777
6 0.05633680555555556 0.22108796296296296 0.11267361111111111 0.23592592592592593
6 0.909056712962963 0.37965856481481486 0.1522569444444443 0.2693865740740741
6 0.8765335648148149 0.16230324074074073 0.245775462962963 0.22909722222222223
6 0.7082465277777779 0.06260416666666667 0.23657407407407405 0.06285300925925925
6 0.4217592592592593 0.04461226851851852 0.1853877314814815 0.0547511574074074
6 0.6989583333333333 0.9370847800925926 0.3124710648148147 0.12583043981481482
6 0.853732638888889 0.8512615740740742 0.19207175925925918 0.26055555555555543