0 0.5006481481481482 0.4912268518518518 0.3629282407407407 0.36386574074074074
6 0.631550925925926 0.7907581018518519 0.23449074074074083 0.2307407407407407
6 0.4421354166666666 0.9012152777777779 0.23987847222222225 0.1975694444444443
6 0.814699074074074 0.9084823495370371 0.2437384259259261 0.18303530092592588
6 0.9159360532407408 0.9509244791666667 0.16812789351851834 0.09815104166666658
6 0.9769646990740741 0.6582870370370371 0.046070601851851835 0.2660358796296297
6 0.8984968171296297 0.4495891203703704 0.20300636574074069 0.22089120370370363
6 0.92734375 0.09652199074074075 0.1453125 0.10440972222222222
6 0.7197685185185185 0.10601851851851851 0.23250578703703706 0.14945023148148148
6 0.5143460648148148 0.09848958333333332 0.23571180555555565 0.15508101851851852
6 0.6238541666666666 0.27122685185185186 0.23675347222222226 0.22539351851851847
6 0.09090277777777778 0.3396122685185185 0.17478009259259258 0.20500578703703703
6 0.24822337962962965 0.3672858796296296 0.18774305555555557 0.23690393518518515
6 0.08038773148148148 0.5256423611111111 0.1482175925925926 0.2036284722222222
6 0.05351273148148148 0.8193344907407407 0.08649305555555556 0.2527314814814815