0 0.50390625 0.49296875 0.39453125 0.35390625
5 0.96640625 0.421875 0.0671875 0.096875
5 0.575 0.87421875 0.08203125 0.07734375
5 0.3375 0.20625 0.09765625 0.0875
6 0.57734375 0.19453125 0.215625 0.23203125
6 0.76953125 0.10390625 0.22890625 0.20703125
6 0.77578125 0.3953125 0.22109375 0.2296875
6 0.93203125 0.2578125 0.1359375 0.221875
6 0.778125 0.60390625 0.20234375 0.221875
6 0.90703125 0.6734375 0.18515625 0.25078125
6 0.95078125 0.796875 0.09765625 0.221875
6 0.8 0.91484375 0.21796875 0.16953125
6 0.6859375 0.9328125 0.2421875 0.134375
6 0.9671875 0.96171875 0.065625 0.0765625
6 0.4296875 0.80859375 0.171875 0.18203125
6 0.33359375 0.77421875 0.225 0.21796875
6 0.4578125 0.96328125 0.19375 0.0734375
6 0.2609375 0.94375 0.20390625 0.11171875
6 0.07734375 0.8140625 0.1546875 0.2375
6 0.1703125 0.59453125 0.2328125 0.2203125
6 0.2140625 0.3625 0.24375 0.23203125
6 0.03671875 0.28671875 0.07265625 0.23203125
6 0.23515625 0.1203125 0.1921875 0.19140625
6 0.42890625 0.059375 0.225 0.11796875
6 0.78203125 0.26328125 0.1640625 0.1
6 0.63515625 0.72890625 0.2140625 0.17734375
6 0.05390625 0.06484375 0.10703125 0.1296875
6 0.1984375 0.0328125 0.1875 0.065625
6 0.91953125 0.05703125 0.1609375 0.1140625
6 0.01328125 0.6375 0.0265625 0.11015625
6 0.965625 0.50078125 0.06875 0.1140625