5 0.7396643518518519 0.40054976851851853 0.07844328703703703 0.07880208333333343
6 0.8513541666666666 0.56328125 0.2416261574074074 0.2399016203703704
6 0.629542824074074 0.9084823495370371 0.25449074074074074 0.18303530092592588
6 0.49407986111111113 0.8418460648148148 0.264525462962963 0.25765046296296285
6 0.22791666666666668 0.7370891203703703 0.22354166666666667 0.23102430555555564
6 0.20445023148148148 0.8865870949074074 0.22363425925925923 0.22682581018518527
6 0.6534259259259259 0.2697685185185185 0.2441898148148148 0.2548842592592592
6 0.3616493055555555 0.22749999999999998 0.24348958333333331 0.260306712962963
6 0.19368055555555558 0.42829861111111106 0.24995949074074075 0.2755208333333332
6 0.08229166666666667 0.6020081018518518 0.15032407407407408 0.2415162037037037
6 0.11826388888888888 0.18497685185185184 0.23333333333333334 0.25970486111111113
6 0.05594907407407408 0.08839699074074074 0.11189814814814816 0.17679398148148148
6 0.5610011574074074 0.09022569444444445 0.29308449074074083 0.13054976851851852
6 0.8390625 0.15509837962962963 0.2546759259259261 0.2250636574074074
6 0.8971122685185187 0.31403935185185183 0.20577546296296276 0.25918981481481485
6 0.9877170138888889 0.8113657407407407 0.024565972222222142 0.18406828703703687
6 0.9274117476851853 0.9382465277777777 0.14517650462962947 0.1235069444444445
0 0.5090162037037037 0.5328472222222222 0.3942708333333334 0.37461805555555544