0 0.47520254629629627 0.5383217592592593 0.47068865740740745 0.4273726851851851
6 0.2343923611111111 0.2933217592592593 0.3258506944444445 0.2366493055555555
6 0.1687210648148148 0.6544328703703703 0.24605324074074075 0.21712384259259263
6 0.07086516203703704 0.892388599537037 0.14173032407407407 0.2152228009259261
6 0.45858217592592593 0.9400969328703702 0.27473379629629624 0.11980613425925953
6 0.7204629629629629 0.9408564814814815 0.24775462962962963 0.11828703703703702
6 0.8832407407407408 0.9839467592592592 0.13502893518518527 0.03210648148148145
6 0.9469791666666666 0.690011574074074 0.04851851851851876 0.2136111111111111
6 0.7903703703703704 0.33013888888888887 0.2780844907407406 0.21807291666666656
6 0.7256597222222222 0.12947916666666667 0.2673900462962962 0.2224363425925926
6 0.9107291666666667 0.07627893518518518 0.17854166666666665 0.1035763888888889