0 0.5074074074074074 0.5185185185185185 0.3708912037037038 0.3690104166666666
6 0.7774363425925925 0.35127314814814814 0.21979745370370374 0.23692129629629627
6 0.6093518518518518 0.23182870370370373 0.18738425925925917 0.20995370370370364
6 0.24870949074074072 0.29108796296296297 0.22270833333333337 0.16987847222222224
6 0.07468749999999999 0.19250578703703705 0.14703703703703702 0.22719907407407408
6 0.02591435185185185 0.37887731481481485 0.042708333333333334 0.14212962962962966
6 0.10292824074074074 0.5175925925925926 0.17493055555555553 0.21261574074074083
6 0.22186921296296297 0.6929976851851852 0.22562499999999996 0.26134259259259257
6 0.051626157407407405 0.6913773148148149 0.0848263888888889 0.13900462962962976
6 0.13663194444444443 0.890625 0.2501157407407407 0.21875
6 0.4140393518518518 0.952879050925926 0.2585706018518518 0.0942418981481481
6 0.42849537037037033 0.7787326388888889 0.22157986111111114 0.2518229166666666
6 0.6479108796296297 0.8844618055555555 0.20820023148148153 0.1919849537037038
6 0.6574710648148148 0.6864872685185185 0.21768518518518523 0.2524594907407408
6 0.7959895833333334 0.6549189814814815 0.215925925925926 0.23912037037037043
6 0.8631481481481481 0.9009910300925925 0.2463020833333335 0.1980179398148149
6 0.9412905092592592 0.25515046296296295 0.11741898148148167 0.2653356481481481
6 0.8232523148148149 0.12340856481481481 0.25664930555555543 0.19456018518518517
6 0.37419560185185186 0.11770833333333333 0.25151620370370364 0.2170138888888889
6 0.21031828703703703 0.018721064814814815 0.16438657407407406 0.02795138888888889