0 0.49871527777777774 0.51484375 0.40427083333333336 0.403125
5 0.09696180555555554 0.48828125 0.10046875 0.09140625
5 0.21184027777777778 0.803125 0.09138888888888888 0.1046875
5 0.6440104166666666 0.05859375 0.06453124999999993 0.09140625
6 0.8186805555555555 0.4953125 0.24491319444444457 0.26328125
6 0.7863368055555556 0.75546875 0.2875347222222221 0.24765625
6 0.5823784722222223 0.8984375 0.28654513888888894 0.203125
6 0.08515625 0.1015625 0.1703125 0.203125
6 0.025 0.05390625 0.05 0.1078125
6 0.19710069444444445 0.30625 0.2270833333333333 0.234375
6 0.8048958333333334 0.09609375 0.23862847222222214 0.19140625
6 0.9443576388888889 0.04296875 0.11050347222222215 0.0859375
6 0.97234375 0.4359375 0.04050347222222221 0.20546875
6 0.9698958333333334 0.721875 0.03256944444444443 0.2
6 0.3579861111111111 0.9765625 0.1908854166666667 0.046875
6 0.16411458333333334 0.63046875 0.28711805555555553 0.22890625