0 0.503125 0.5046875 0.3875 0.38671875
6 0.26328125 0.3171875 0.24375 0.2359375
6 0.18125 0.57421875 0.20078125 0.24140625
6 0.378125 0.7265625 0.275 0.21796875
6 0.64453125 0.74375 0.24765625 0.24140625
6 0.7734375 0.75 0.2234375 0.253125
6 0.94765625 0.75078125 0.1046875 0.24296875
6 0.9609375 0.9609375 0.078125 0.078125
6 0.7765625 0.9546875 0.20625 0.090625
6 0.55859375 0.95625 0.15703125 0.08671875
6 0.8609375 0.4328125 0.209375 0.2703125
6 0.73984375 0.2328125 0.22890625 0.2140625
6 0.93203125 0.228125 0.1359375 0.225
6 0.0671875 0.3390625 0.13359375 0.25546875
6 0.11484375 0.128125 0.2296875 0.2125
6 0.2859375 0.03203125 0.228125 0.06328125
6 0.56796875 0.03046875 0.17890625 0.06015625
6 0.23203125 0.91796875 0.2921875 0.1640625
6 0.0875 0.79921875 0.175 0.24375