0 0.5205439814814815 0.5385069444444445 0.3824074074074074 0.3668171296296297
6 0.20520833333333335 0.6983796296296296 0.2520833333333333 0.237638888888889
6 0.9439814814814815 0.7554803240740741 0.11203703703703702 0.38336805555555564
6 0.8538773148148149 0.9150448495370369 0.20217013888888893 0.1699103009259261
6 0.6660300925925926 0.9523900462962963 0.23888888888888893 0.09521990740740734
6 0.4248263888888889 0.9728761574074074 0.22129629629629619 0.05424768518518519
6 0.9483506944444444 0.9630266203703703 0.10329861111111108 0.07394675925925931
6 0.53046875 0.23803819444444446 0.24574652777777786 0.25602430555555555
6 0.30162037037037037 0.24878472222222223 0.19577546296296297 0.23315972222222223
6 0.21987847222222223 0.3365567129629629 0.20804398148148148 0.2696643518518519
6 0.06377314814814815 0.3534143518518519 0.11064814814814816 0.2505787037037037
6 0.11996527777777777 0.12318287037037037 0.19618055555555552 0.2440972222222222
6 0.30593171296296295 0.07044560185185185 0.20873842592592595 0.11998842592592593
6 0.53203125 0.06969328703703703 0.2453125 0.09693287037037038