0 0.5109375 0.59921875 0.4375 0.4078125
6 0.38984375 0.3078125 0.2 0.21875
6 0.1734375 0.30703125 0.19609375 0.24140625
6 0.0640625 0.43671875 0.128125 0.25078125
6 0.11953125 0.6859375 0.22109375 0.24140625
6 0.2859375 0.8 0.2140625 0.246875
6 0.721875 0.7890625 0.2 0.2265625
6 0.91015625 0.725 0.1796875 0.28203125
6 0.790625 0.96171875 0.23125 0.0765625
6 0.5640625 0.971875 0.128125 0.05546875
6 0.340625 0.96328125 0.209375 0.0734375
6 0.8375 0.1953125 0.20390625 0.2546875
6 0.8546875 0.4453125 0.23046875 0.21875
6 0.47109375 0.090625 0.2140625 0.18125
6 0.6765625 0.09296875 0.2390625 0.1859375
6 0.246875 0.0796875 0.259375 0.159375
6 0.03203125 0.19453125 0.0640625 0.1984375
6 0.9828125 0.21796875 0.034375 0.19921875