0 0.50234375 0.49296875 0.3125 0.41484375
6 0.23203125 0.5375 0.2390625 0.2453125
6 0.1484375 0.20390625 0.2265625 0.29765625
6 0.728125 0.31328125 0.23671875 0.2546875
6 0.9234375 0.41171875 0.153125 0.2515625
6 0.7890625 0.621875 0.23125 0.2390625
6 0.63828125 0.87421875 0.2390625 0.2296875
6 0.8890625 0.896875 0.221875 0.20625
6 0.91953125 0.11328125 0.1609375 0.2265625
6 0.66171875 0.07578125 0.3125 0.15078125
6 0.12265625 0.08046875 0.2453125 0.1609375
6 0.05546875 0.4359375 0.1109375 0.253125
6 0.1125 0.7890625 0.225 0.26171875
6 0.39453125 0.80703125 0.2484375 0.24375