6 0.46161458333333333 0.46310763888888895 0.33918981481481475 0.3877893518518519
6 0.7165393518518519 0.5897569444444445 0.23923032407407413 0.27609953703703705
5 0.8685069444444444 0.67578125 0.10030092592592581 0.14829282407407404
5 0.9012268518518518 0.7651909722222222 0.067829861111111 0.07740162037037042
5 0.23931712962962964 0.937962962962963 0.09635995370370373 0.08729745370370381
6 0.05050491898148148 0.8916087962962962 0.10100983796296296 0.2160011574074076
6 0.15805555555555556 0.7190682870370371 0.27740162037037036 0.26180555555555574
6 0.40861111111111115 0.7798900462962963 0.28219907407407413 0.27928240740740745
6 0.6315104166666666 0.8637731481481481 0.24875578703703702 0.1896412037037038
6 0.8986284722222223 0.8603298611111111 0.11346064814814838 0.14693287037037023
6 0.9366956018518519 0.6364872685185186 0.06349537037037045 0.2039351851851851
6 0.8800462962962963 0.2881365740740741 0.21208333333333335 0.2328414351851852
6 0.6713831018518519 0.2148726851851852 0.25506944444444457 0.26637731481481486
6 0.9560879629629628 0.0720486111111111 0.08733796296296319 0.1440972222222222
6 0.7329803240740741 0.035098379629629625 0.2934143518518518 0.07019675925925925
6 0.39627893518518514 0.014887152777777777 0.1675983796296297 0.029774305555555554
6 0.3347453703703704 0.1331886574074074 0.28669560185185183 0.2609375
6 0.056874999999999995 0.2525752314814815 0.11374999999999999 0.269849537037037
6 0.17907407407407408 0.4638020833333333 0.2732291666666667 0.28640046296296295
6 0.0025520833333333324 0.6183159722222222 0.005104166666666665 0.17274305555555552