0 0.5255613425925926 0.518894675925926 0.34637731481481476 0.33896990740740734
6 0.7996064814814815 0.5447916666666667 0.25390046296296304 0.28353009259259265
6 0.958587962962963 0.5109780092592593 0.08282407407407391 0.2661226851851852
6 0.8520081018518519 0.263119212962963 0.27976273148148145 0.28642939814814816
6 0.8560995370370371 0.1316550925925926 0.21219907407407418 0.1855324074074074
6 0.6095081018518519 0.22950810185185183 0.26929398148148137 0.26484953703703706
6 0.2746412037037037 0.26278935185185187 0.265625 0.22414351851851855
6 0.12266782407407409 0.09674189814814814 0.24455439814814817 0.19344328703703703
6 0.16044560185185186 0.6900752314814815 0.2645833333333333 0.29421296296296295
6 0.4103819444444444 0.8370486111111111 0.25296874999999996 0.26556134259259245
6 0.5883043981481482 0.9304586226851852 0.24662615740740748 0.13908275462962968
6 0.8064351851851852 0.8568055555555556 0.2463020833333335 0.2722280092592591
6 0.18283564814814818 0.91953125 0.2786574074074074 0.1609375