5 0.271875 0.63671875 0.075 0.071875
6 0.165625 0.4859375 0.23125 0.21875
6 0.38671875 0.1234375 0.24453125 0.19140625
6 0.5171875 0.19453125 0.25390625 0.23515625
6 0.775 0.28125 0.2140625 0.2109375
6 0.8 0.1296875 0.2140625 0.21796875
6 0.35390625 0.759375 0.234375 0.23359375
6 0.6375 0.7828125 0.2328125 0.2390625
6 0.80390625 0.57890625 0.2390625 0.253125
6 0.9234375 0.40546875 0.153125 0.22578125
6 0.8734375 0.8109375 0.2234375 0.2390625
6 0.940625 0.909375 0.11875 0.18125
6 0.44375 0.93671875 0.284375 0.1265625
6 0.171875 0.88984375 0.24453125 0.2203125
6 0.109375 0.7328125 0.21796875 0.23984375
6 0.02421875 0.2546875 0.0484375 0.178125
6 0.084375 0.090625 0.16875 0.18125
0 0.4984375 0.49609375 0.378125 0.34140625