0 0.51328125 0.50625 0.3359375 0.325
6 0.63203125 0.23046875 0.2171875 0.20625
6 0.4546875 0.103125 0.221875 0.20625
6 0.80234375 0.109375 0.2265625 0.1984375
6 0.90859375 0.0671875 0.1796875 0.134375
6 0.96953125 0.37265625 0.0609375 0.246875
6 0.896875 0.56484375 0.20546875 0.1984375
6 0.9265625 0.9265625 0.146875 0.146875
6 0.7265625 0.90859375 0.21796875 0.1828125
6 0.53359375 0.90546875 0.21796875 0.1890625
6 0.63203125 0.71953125 0.21953125 0.20078125
6 0.2890625 0.9734375 0.1625 0.053125
6 0.1109375 0.63203125 0.20078125 0.18515625
6 0.278125 0.6109375 0.1734375 0.2140625
6 0.09609375 0.4546875 0.18125 0.18203125
6 0.0640625 0.175 0.128125 0.234375