0 0.525 0.58203125 0.396875 0.29765625
6 0.22109375 0.42734375 0.2328125 0.21796875
6 0.34296875 0.18359375 0.234375 0.2046875
6 0.73984375 0.365625 0.21796875 0.2140625
6 0.8984375 0.52578125 0.20234375 0.1890625
6 0.934375 0.7703125 0.13125 0.2375
6 0.95234375 0.97109375 0.0953125 0.0578125
6 0.37265625 0.86640625 0.24375 0.25078125
6 0.2046875 0.653125 0.190625 0.1890625
6 0.96953125 0.1625 0.0609375 0.20234375
6 0.221875 0.0171875 0.16796875 0.034375
6 0.96640625 0.01640625 0.06640625 0.0328125
6 0.03359375 0.20234375 0.06640625 0.2125
6 0.03828125 0.74921875 0.0765625 0.2390625