5 0.3105613425925926 0.6447337962962962 0.08201388888888887 0.07615740740740744
6 0.19230324074074073 0.48685185185185187 0.25241319444444443 0.2309085648148148
6 0.4024652777777778 0.11369212962962963 0.2649768518518519 0.20221064814814818
6 0.5414699074074074 0.18991319444444446 0.276701388888889 0.24766203703703704
6 0.8148784722222222 0.28373842592592596 0.23399884259259238 0.22204861111111107
6 0.8325173611111112 0.12708912037037037 0.23436342592592574 0.22907986111111112
6 0.4023206018518518 0.7733391203703703 0.2563078703703704 0.24579861111111115
6 0.6988888888888889 0.8019328703703703 0.2550289351851852 0.25124421296296295
6 0.8605671296296297 0.5927719907407407 0.2628298611111113 0.26619212962962957
6 0.9432696759259258 0.4138657407407408 0.11346064814814838 0.23627314814814823
6 0.9109751157407407 0.8319791666666667 0.17804976851851856 0.25160879629629634
6 0.9761574074074074 0.9207986111111112 0.04768518518518512 0.15840277777777773
6 0.502800925925926 0.945240162037037 0.30044560185185193 0.10951967592592596
6 0.2189988425925926 0.8940856481481483 0.2657060185185185 0.21182870370370352
6 0.1484375 0.7399131944444445 0.23241319444444447 0.2516898148148147
6 0.03447337962962964 0.24329282407407407 0.05244791666666667 0.18344907407407404
6 0.08796875 0.08561342592592593 0.1759375 0.17122685185185185
0 0.5389236111111112 0.5021354166666667 0.4121006944444446 0.35973958333333333