0 0.4754513888888889 0.4673090277777778 0.4258680555555555 0.41833333333333333
6 0.7190798611111111 0.6559259259259259 0.2672569444444445 0.2552488425925926
6 0.8177777777777777 0.3838252314814815 0.22296875000000008 0.25939814814814816
6 0.6170486111111112 0.2306076388888889 0.29998263888888876 0.23671296296296296
6 0.3373784722222222 0.2209490740740741 0.27140625000000007 0.26083333333333336
6 0.20249999999999999 0.2187037037037037 0.24696180555555552 0.27259259259259255
6 0.040781250000000005 0.22450810185185185 0.08156250000000001 0.2572337962962963
6 0.029652777777777778 0.0234375 0.059305555555555556 0.046875
6 0.2088715277777778 0.027395833333333335 0.21897569444444445 0.05479166666666667
6 0.43862847222222223 0.022060185185185186 0.16883680555555552 0.04412037037037037
6 0.10561631944444445 0.5534895833333333 0.2112326388888889 0.29012152777777767
6 0.21355902777777777 0.7598495370370371 0.2505902777777778 0.23134837962962962
6 0.04401041666666666 0.771701388888889 0.08802083333333333 0.23784722222222215
6 0.9137326388888889 0.6298726851851851 0.12600694444444435 0.2721296296296295
6 0.8539756944444445 0.8508854166666666 0.22317708333333322 0.2289756944444445
6 0.6817708333333333 0.9511747685185185 0.24227430555555554 0.06179398148148145
6 0.38631944444444444 0.9630497685185185 0.1896527777777778 0.05399305555555571
6 0.7805729166666666 0.058657407407407415 0.3161979166666667 0.11731481481481483
6 0.9148784722222223 0.14766203703703704 0.16611111111111115 0.2616145833333333