0 0.465625 0.4859375 0.38359375 0.3921875
6 0.146875 0.42734375 0.28046875 0.253125
6 0.39453125 0.18046875 0.25546875 0.23984375
6 0.7734375 0.1734375 0.2734375 0.26796875
6 0.728125 0.390625 0.2234375 0.2296875
6 0.8859375 0.6140625 0.22734375 0.28359375
6 0.9578125 0.653125 0.084375 0.20234375
6 0.9671875 0.20703125 0.065625 0.2171875
6 0.96953125 0.034375 0.0609375 0.06875
6 0.375 0.01953125 0.15 0.03828125
6 0.153125 0.05859375 0.26875 0.11640625
6 0.059375 0.1671875 0.11875 0.26640625
6 0.03203125 0.55234375 0.0640625 0.1640625
6 0.0875 0.73515625 0.175 0.1984375
6 0.04609375 0.89921875 0.0921875 0.1953125
6 0.15703125 0.96796875 0.19609375 0.06328125
6 0.50703125 0.87578125 0.23671875 0.2484375
6 0.7359375 0.90625 0.24453125 0.1875
6 0.91875 0.88125 0.1625 0.2375
6 0.6578125 0.7203125 0.2390625 0.20703125