6 0.5436921296296297 0.46539930555555553 0.34161458333333333 0.3847453703703703
6 0.28728587962962965 0.6287037037037037 0.24087384259259254 0.27440972222222226
5 0.13453703703703704 0.7357118055555556 0.10112268518518519 0.14774305555555553
5 0.10185763888888891 0.8309027777777779 0.06787037037037039 0.07723379629629648
5 0.7677141203703703 0.9168287037037036 0.09718171296296312 0.08675925925925938
6 0.9533506944444443 0.8408159722222223 0.09329861111111129 0.2157754629629629
6 0.848894675925926 0.6839756944444444 0.279045138888889 0.2595370370370372
6 0.5968171296296296 0.7796296296296296 0.28384259259259254 0.2769560185185185
6 0.3731365740740741 0.8939756944444444 0.2503993055555556 0.18774305555555557
6 0.10289351851851854 0.9264467592592591 0.11666666666666665 0.14710648148148167
6 0.06478587962962964 0.7053645833333333 0.06666087962962963 0.20411458333333332
6 0.12291666666666665 0.34535879629629634 0.21372685185185186 0.2315219907407407
6 0.3331018518518518 0.24278356481481483 0.256712962962963 0.26444444444444437
6 0.045271990740740745 0.1046875 0.09054398148148149 0.209375
6 0.27080439814814816 0.05083478009259259 0.29469328703703707 0.10166956018518518
6 0.6090277777777777 0.007881944444444447 0.16805555555555554 0.015763888888888893
6 0.6712615740740742 0.12193287037037037 0.28833912037037024 0.24386574074074074
6 0.946869212962963 0.19563657407407406 0.10626157407407391 0.26916666666666667
6 0.8277951388888889 0.42818865740740736 0.27487268518518526 0.28421296296296283