0 0.48703703703703705 0.5126331018518518 0.3747395833333334 0.3622800925925926
6 0.21102430555555554 0.6796469907407408 0.2224537037037037 0.23290509259259268
6 0.371730324074074 0.79625 0.18946759259259255 0.20617476851851854
6 0.7314236111111111 0.7349537037037037 0.22390046296296298 0.16661458333333332
6 0.8991319444444444 0.831429398148148 0.15031828703703703 0.22374421296296276
6 0.9576388888888889 0.645457175925926 0.044212962962962975 0.14021990740740725
6 0.8875868055555556 0.5096412037037037 0.17786458333333321 0.2089525462962964
6 0.7789930555555555 0.33748842592592593 0.22879050925925917 0.25650462962962967
6 0.947945601851852 0.3370196759259259 0.08619791666666643 0.13600115740740737
6 0.873263888888889 0.13615162037037037 0.25034722222222217 0.22748842592592594
6 0.6027199074074074 0.07104166666666667 0.2578125 0.11299189814814814
6 0.5787326388888889 0.2541261574074074 0.22453703703703703 0.24701388888888892
6 0.36666666666666664 0.1516435185185185 0.2106770833333333 0.18885416666666663
6 0.3469039351851852 0.3473668981481481 0.22068865740740745 0.24846064814814817
6 0.20807291666666666 0.3792303240740741 0.21863425925925925 0.23513310185185182
6 0.15520833333333334 0.11722222222222223 0.24817708333333335 0.2321064814814815
6 0.05213396990740741 0.7753356481481481 0.10426793981481482 0.2623900462962963
6 0.15402199074074072 0.9050159143518519 0.25865162037037037 0.18996817129629626
6 0.5981770833333334 0.9004976851851852 0.25402199074074083 0.19900462962962956
6 0.7565104166666667 0.9951200810185185 0.1628472222222223 0.009759837962963046