0 0.5129340277777777 0.5228645833333333 0.4254861111111111 0.38270833333333343
5 0.9823871527777778 0.4561111111111112 0.0352256944444445 0.10253472222222229
5 0.596875 0.9268750000000001 0.0885416666666666 0.08395833333333336
5 0.32965277777777774 0.21659722222222225 0.10597222222222218 0.09527777777777775
6 0.58328125 0.20973958333333337 0.2335763888888888 0.2503819444444444
6 0.7835763888888889 0.1220486111111111 0.24840277777777775 0.21479166666666666
6 0.7981423611111111 0.4261284722222222 0.23897569444444428 0.24737847222222217
6 0.9422395833333332 0.2834027777777778 0.11552083333333343 0.23701388888888886
6 0.8061631944444445 0.6465104166666666 0.21925347222222236 0.2383506944444445
6 0.9211762152777778 0.721111111111111 0.15764756944444436 0.2655034722222222
6 0.9680989583333333 0.8525868055555555 0.06380208333333356 0.23458333333333314
6 0.8340104166666666 0.9407552083333333 0.23500000000000015 0.11848958333333356
6 0.7133333333333333 0.9578298611111112 0.2584027777777777 0.08434027777777757
6 0.9888368055555556 0.9926562499999999 0.022326388888888715 0.014687500000000141
6 0.4414236111111111 0.853923611111111 0.18630208333333337 0.196232638888889
6 0.33826388888888886 0.8149305555555555 0.24338541666666663 0.23498263888888893
6 0.47498263888888886 0.9874826388888888 0.20697916666666671 0.025034722222222427
6 0.26437499999999997 0.964982638888889 0.21645833333333328 0.070034722222222
6 0.08371527777777778 0.8506597222222222 0.13524305555555555 0.25288194444444445
6 0.1621701388888889 0.621267361111111 0.25204861111111115 0.23829861111111122
6 0.20284722222222223 0.37854166666666667 0.26326388888888885 0.2510416666666667
6 0.028368055555555556 0.2926736111111111 0.04923611111111111 0.2478472222222222
6 0.21904513888888885 0.12355902777777776 0.2076215277777777 0.2068576388888889
6 0.42001736111111115 0.06633680555555556 0.24079861111111106 0.11857638888888891
6 0.8013020833333334 0.28720486111111115 0.17578125 0.10932291666666671
6 0.6567361111111112 0.774375 0.23071180555555557 0.19175347222222214
6 0.04126736111111111 0.06494791666666667 0.08253472222222222 0.12989583333333335
6 0.1772048611111111 0.032829861111111115 0.2012847222222222 0.06225694444444445
6 0.9281293402777777 0.07609375 0.14374131944444457 0.11335069444444446
6 0.9816319444444446 0.538888888888889 0.03673611111111086 0.12291666666666679