0 0.48559027777777775 0.5298958333333333 0.3328819444444445 0.33401041666666664
6 0.7556423611111112 0.5536284722222222 0.2427083333333334 0.28005208333333337
6 0.9363020833333333 0.5178645833333333 0.11203125000000007 0.26487847222222227
6 0.8283680555555556 0.2722048611111111 0.2685243055555556 0.28276041666666674
6 0.8423958333333333 0.13362847222222224 0.20503472222222213 0.20032986111111115
6 0.5905555555555556 0.24052083333333335 0.2586805555555555 0.26125
6 0.25583333333333336 0.2764756944444444 0.25621527777777775 0.22055555555555556
6 0.11796875 0.10375000000000001 0.2359375 0.2072222222222222
6 0.11881076388888889 0.7024305555555556 0.23762152777777779 0.29079861111111105
6 0.34796875 0.8459722222222222 0.2423090277777778 0.26208333333333333
6 0.5169270833333334 0.9351041666666667 0.23923611111111107 0.12979166666666658
6 0.74015625 0.8634027777777777 0.23543402777777783 0.2688020833333333
6 0.12569444444444444 0.92578125 0.2513888888888889 0.1484375