6 0.48515625 0.49765625 0.31875 0.3609375
6 0.74609375 0.64296875 0.225 0.25703125
5 0.90234375 0.7390625 0.09296875 0.140625
5 0.9390625 0.83125 0.06328125 0.071875
5 0.28984375 0.9578125 0.09296875 0.084375
6 0.07109375 0.8953125 0.14140625 0.209375
6 0.1953125 0.7296875 0.26328125 0.23984375
6 0.4484375 0.809375 0.2671875 0.25703125
6 0.6765625 0.9125 0.23671875 0.175
6 0.94453125 0.92734375 0.1109375 0.140625
6 0.97109375 0.70703125 0.0578125 0.1984375
6 0.89375 0.3546875 0.2 0.21640625
6 0.68125 0.26640625 0.240625 0.246875
6 0.9609375 0.11328125 0.078125 0.20625
6 0.7328125 0.059375 0.2859375 0.11796875
6 0.39765625 0.02890625 0.1625 0.0578125
6 0.34140625 0.16015625 0.27265625 0.2390625
6 0.06015625 0.2578125 0.1203125 0.25859375
6 0.203125 0.47734375 0.2578125 0.26484375
6 0.01640625 0.6171875 0.0328125 0.16953125