0 0.49266203703703704 0.5149189814814814 0.32031828703703696 0.4414525462962963
6 0.7679976851851851 0.5765277777777778 0.2456018518518519 0.2644444444444446
6 0.849855324074074 0.24168402777777773 0.23193865740740732 0.3175173611111111
6 0.2616203703703704 0.31849537037037035 0.24254629629629632 0.2736342592592592
6 0.07251736111111111 0.40724537037037034 0.1401736111111111 0.2636631944444444
6 0.20222800925925927 0.628900462962963 0.23696180555555557 0.25768518518518524
6 0.35726273148148147 0.8856886574074074 0.24548611111111107 0.22862268518518505
6 0.11132523148148148 0.89609375 0.21091435185185184 0.2078125
6 0.07423032407407407 0.11138310185185185 0.1484548611111111 0.2219849537037037
6 0.3301851851851852 0.08672453703703703 0.3197453703703704 0.1532638888888889
6 0.87578125 0.12455439814814814 0.2484375 0.1600347222222222
6 0.944855324074074 0.48326967592592596 0.11028935185185204 0.26447916666666665
6 0.8883622685185186 0.8407812499999998 0.22327546296296283 0.2807060185185186
6 0.6051851851851853 0.8409780092592593 0.25496527777777767 0.2634374999999999