0 0.50390625 0.5046875 0.45234375 0.42734375
6 0.228125 0.36328125 0.25234375 0.228125
6 0.39453125 0.18125 0.25546875 0.22578125
6 0.65390625 0.25703125 0.2609375 0.22578125
6 0.88125 0.2109375 0.2234375 0.21484375
6 0.87734375 0.50546875 0.2171875 0.23515625
6 0.85546875 0.68046875 0.25390625 0.20703125
6 0.37421875 0.87109375 0.23828125 0.2359375
6 0.678125 0.93125 0.2390625 0.1375
6 0.9140625 0.9375 0.171875 0.125
6 0.25078125 0.69921875 0.21328125 0.22578125
6 0.13046875 0.90546875 0.2140625 0.1890625
6 0.07421875 0.66328125 0.1484375 0.2296875
6 0.05390625 0.4671875 0.1078125 0.215625
6 0.034375 0.2734375 0.06875 0.16640625
6 0.05703125 0.0453125 0.1140625 0.090625