0 0.46935763888888893 0.5560590277777778 0.41869212962962976 0.3781481481481482
5 0.4034143518518519 0.33461805555555557 0.12144097222222214 0.09501736111111114
6 0.7514467592592593 0.2734548611111111 0.25425347222222217 0.22798032407407404
6 0.7464699074074075 0.48886574074074074 0.2117476851851851 0.23200231481481487
6 0.790943287037037 0.7460532407407408 0.26588541666666676 0.30096064814814805
6 0.5914641203703703 0.8996209490740741 0.2302372685185185 0.20075810185185183
6 0.7657696759259258 0.9773003472222221 0.19134837962962958 0.04539930555555571
6 0.4180266203703703 0.8255324074074075 0.31038773148148147 0.22933449074074092
6 0.37763310185185184 0.9541666666666668 0.23538773148148148 0.09166666666666642
6 0.11501736111111109 0.971027199074074 0.14224537037037038 0.05794560185185205
6 0.06297019675925926 0.9001331018518519 0.12594039351851852 0.19085069444444436
6 0.05078848379629629 0.49086226851851855 0.10157696759259258 0.23324652777777768
6 0.19441550925925927 0.43514467592592593 0.24360532407407404 0.2313194444444445
6 0.1296802662037037 0.27107060185185183 0.2593605324074074 0.2569444444444445
6 0.643431712962963 0.09061342592592593 0.24751157407407404 0.1264583333333333
6 0.9078703703703702 0.15216435185185187 0.1842592592592595 0.21812499999999999
6 0.925954861111111 0.7656018518518518 0.05625 0.19203125000000015
6 0.9563368055555556 0.52484375 0.02401620370370381 0.0930787037037037