0 0.503125 0.5078125 0.3609375 0.35390625
6 0.2203125 0.36015625 0.2265625 0.21640625
6 0.65234375 0.23046875 0.3171875 0.1953125
6 0.81640625 0.64375 0.22734375 0.22578125
6 0.91015625 0.6671875 0.1796875 0.3453125
6 0.93203125 0.90546875 0.1359375 0.1890625
6 0.70234375 0.8359375 0.23515625 0.2390625
6 0.7359375 0.95625 0.2046875 0.08671875
6 0.4890625 0.9265625 0.278125 0.146875
6 0.1125 0.9375 0.221875 0.125
6 0.290625 0.678125 0.19453125 0.23359375
6 0.2734375 0.63984375 0.15625 0.14296875
6 0.246875 0.54765625 0.16015625 0.17734375
6 0.0875 0.65625 0.175 0.22578125
6 0.0484375 0.41484375 0.096875 0.2796875
6 0.3140625 0.16484375 0.21328125 0.2140625
6 0.10546875 0.13125 0.2109375 0.24375