0 0.5374305555555556 0.5222916666666666 0.34657407407407403 0.39319444444444435
5 0.33494212962962966 0.43975694444444446 0.09652199074074072 0.08564236111111115
6 0.388119212962963 0.7429340277777777 0.2142245370370371 0.21857638888888892
6 0.3407928240740741 0.7933854166666666 0.18618634259259262 0.15942708333333327
6 0.17906828703703703 0.8498784722222222 0.20325810185185186 0.20272569444444458
6 0.1754976851851852 0.6305208333333333 0.2142245370370371 0.21857638888888892
6 0.1678587962962963 0.40795138888888893 0.20891782407407405 0.22157986111111114
6 0.22520254629629627 0.32494791666666667 0.1755497685185185 0.19508680555555555
6 0.37709490740740736 0.2744791666666667 0.20845486111111117 0.1825520833333334
6 0.16744791666666664 0.14418402777777778 0.20572337962962967 0.20512152777777776
6 0.18770833333333334 0.05333333333333333 0.1792824074074074 0.10152777777777777
6 0.04465856481481482 0.2592881944444444 0.0810011574074074 0.3732465277777778
6 0.05770833333333334 0.8721527777777778 0.03196759259259259 0.13493055555555564
6 0.04663194444444445 0.6284375 0.035376157407407405 0.14046874999999998
6 0.133125 0.9705078125 0.16866319444444441 0.058984375
6 0.34470486111111115 0.9396180555555557 0.21741898148148148 0.12076388888888871
6 0.7116898148148149 0.8429861111111112 0.19831597222222222 0.21276041666666642
6 0.5277430555555556 0.9163151041666666 0.17786458333333321 0.16736979166666685
6 0.8588946759259258 0.6870659722222221 0.2337094907407405 0.17296875000000006
6 0.8965190972222222 0.8002777777777779 0.2069618055555555 0.16302083333333323
6 0.9739453125 0.6432465277777778 0.05210937499999986 0.3173090277777778
6 0.8566203703703703 0.4927083333333334 0.23597800925925938 0.21671875000000007
6 0.7704224537037037 0.45567708333333334 0.22046296296296292 0.2335416666666667
6 0.7244733796296297 0.32199652777777776 0.19924189814814816 0.18546875000000007
6 0.7174710648148148 0.12675347222222225 0.21147569444444442 0.21071180555555555
6 0.5135532407407407 0.1370486111111111 0.21216435185185176 0.22399305555555554
6 0.8264583333333334 0.15180555555555555 0.22307291666666665 0.2086284722222222
6 0.9087384259259259 0.2615104166666667 0.1825231481481481 0.1745486111111111
6 0.9761284722222221 0.11699652777777778 0.04774305555555571 0.17996527777777777
6 0.902913773148148 0.9638975694444444 0.19417245370370395 0.07220486111111128