0 0.48828125 0.50328125 0.37217013888888884 0.3729340277777776
6 0.7241840277777778 0.7563020833333333 0.23838541666666657 0.25595486111111115
6 0.4305381944444444 0.8793880208333335 0.29144097222222226 0.24122395833333315
6 0.1996701388888889 0.9653906250000001 0.20472222222222225 0.06921874999999993
6 0.9252951388888888 0.7459201388888889 0.12385416666666664 0.3026041666666666
6 0.29538194444444443 0.14413194444444444 0.1149826388888889 0.11421875000000004
6 0.45986111111111116 0.199375 0.28595486111111124 0.2531076388888889
6 0.9121354166666666 0.24772569444444445 0.172152777777778 0.29743055555555553
6 0.9453993055555555 0.05227430555555555 0.10840277777777771 0.06409722222222222
6 0.06962673611111111 0.190625 0.13925347222222223 0.2929513888888889
6 0.22935763888888888 0.09029513888888888 0.2287673611111111 0.17453125