0 0.49375 0.49921875 0.33984375 0.35546875
6 0.37109375 0.32578125 0.234375 0.18515625
6 0.7953125 0.1875 0.19609375 0.228125
6 0.740625 0.09140625 0.190625 0.18203125
6 0.9015625 0.06171875 0.196875 0.1234375
6 0.9828125 0.1546875 0.034375 0.090625
6 0.88046875 0.48359375 0.2390625 0.21640625
6 0.96484375 0.715625 0.0703125 0.19375
6 0.82109375 0.7234375 0.22734375 0.2140625
6 0.9125 0.91015625 0.175 0.17890625
6 0.5328125 0.965625 0.22734375 0.06875
6 0.53046875 0.771875 0.24609375 0.20625
6 0.27890625 0.74140625 0.25625 0.19453125
6 0.25546875 0.909375 0.2203125 0.18125
6 0.071875 0.8640625 0.14375 0.190625
6 0.0421875 0.03046875 0.084375 0.0609375
6 0.1828125 0.13125 0.16796875 0.2625
6 0.37265625 0.14609375 0.20390625 0.1984375
6 0.3234375 0.071875 0.2125 0.14375