0 0.5404456018518518 0.531886574074074 0.3665740740740741 0.3905960648148149
6 0.6754224537037038 0.7185474537037037 0.24968749999999992 0.2076099537037038
6 0.24920138888888888 0.8286168981481481 0.21215277777777786 0.2491898148148149
6 0.3112152777777778 0.9157769097222221 0.20232638888888888 0.1684461805555557
6 0.14877314814814815 0.940625 0.20615740740740743 0.11875
6 0.05949652777777779 0.8472511574074074 0.03607060185185185 0.09528356481481488
6 0.1491898148148148 0.520804398148148 0.2567361111111111 0.23848379629629618
6 0.04843171296296296 0.2736400462962963 0.07821759259259259 0.20269097222222224
6 0.19337962962962965 0.2773726851851852 0.24419560185185185 0.23677662037037042
6 0.09253472222222223 0.08857060185185185 0.18428819444444444 0.17708333333333331
6 0.47868055555555555 0.0611400462962963 0.2354456018518519 0.06802662037037037
6 0.4884432870370371 0.24942129629629634 0.2625 0.22957175925925927
6 0.7470949074074074 0.2997106481481482 0.27282986111111107 0.21866319444444446
6 0.7644907407407407 0.13990162037037038 0.23284722222222243 0.18301504629629628
6 0.9380975115740741 0.18975694444444446 0.12380497685185184 0.20379050925925926
6 0.8786400462962962 0.896412037037037 0.1870486111111113 0.20717592592592596
6 0.6826388888888889 0.896730324074074 0.21912615740740726 0.2065393518518519
6 0.7388310185185185 0.9512731481481481 0.2229166666666668 0.0974537037037038