0 0.500173611111111 0.49609375 0.43828125 0.3515625
6 0.8586284722222223 0.63359375 0.26453124999999994 0.2390625
6 0.4525 0.759375 0.239982638888889 0.17890625
6 0.6889756944444445 0.7890625 0.21309027777777773 0.22421875
6 0.5732465277777778 0.92734375 0.20802083333333332 0.1453125
6 0.9396354166666667 0.9171875 0.12072916666666664 0.165625
6 0.21776041666666668 0.80390625 0.20831597222222217 0.2046875
6 0.10585069444444443 0.8875 0.1428125 0.225
6 0.08989583333333333 0.440625 0.15100694444444446 0.23359375
6 0.06748263888888889 0.09453125 0.13496527777777778 0.1890625
6 0.2850173611111111 0.0671875 0.21065972222222218 0.134375
6 0.6022395833333334 0.0328125 0.21541666666666667 0.065625