0 0.45492476851851854 0.5055034722222222 0.38191550925925916 0.41467013888888893
6 0.7515162037037036 0.6558680555555556 0.22295138888888885 0.25569444444444434
6 0.8710358796296296 0.4491145833333333 0.25377314814814833 0.3040277777777778
6 0.7518113425925926 0.1940798611111111 0.2995659722222223 0.26442708333333337
6 0.9295775462962963 0.14098958333333333 0.1408449074074074 0.2437152777777778
6 0.9657060185185186 0.22149305555555557 0.06542824074074076 0.08034722222222221
6 0.7944675925925926 0.026250000000000002 0.23372106481481475 0.022378472222222223
6 0.22907986111111112 0.2981076388888889 0.23001157407407408 0.2597569444444444
6 0.025 0.12243055555555556 0.05 0.2448611111111111
6 0.18960648148148146 0.6691666666666667 0.25232638888888886 0.21416666666666656
6 0.1621122685185185 0.8967534722222222 0.22028935185185183 0.20649305555555558
5 0.040144675925925924 0.8041493055555555 0.07249421296296296 0.08519097222222208
6 0.956892361111111 0.8839062500000001 0.07508101851851876 0.22350694444444413