0 0.5278298611111112 0.4719675925925926 0.39358217592592587 0.410792824074074
6 0.6441435185185185 0.7724942129629631 0.2157060185185184 0.22821759259259267
5 0.897939814814815 0.11717592592592593 0.17974537037037025 0.11858217592592593
6 0.9055049189814814 0.29975694444444445 0.18899016203703703 0.2173668981481482
6 0.8858434606481481 0.7027256944444444 0.22831307870370382 0.24986689814814814
6 0.13070023148148147 0.8713194444444443 0.19936921296296295 0.23710648148148153
6 0.37747106481481485 0.9554340277777778 0.2817476851851852 0.07552083333333322
6 0.9078877314814815 0.9052256944444445 0.1842245370370371 0.14158564814814803
6 0.09236111111111112 0.5481655092592593 0.17728587962962963 0.2083333333333332
6 0.07667824074074074 0.2243402777777778 0.15166666666666667 0.22944444444444442
6 0.7940046296296297 0.023981481481481482 0.1848842592592593 0.047962962962962964