0 0.523611111111111 0.4997222222222222 0.4736111111111111 0.4367361111111112
6 0.2236979166666667 0.3820659722222222 0.21426504629629636 0.2631423611111111
6 0.30885416666666665 0.25350694444444444 0.2624710648148148 0.2158159722222222
6 0.45379050925925923 0.11345486111111111 0.2940393518518519 0.22510416666666666
6 0.696585648148148 0.25114583333333335 0.29840856481481487 0.2376909722222223
6 0.21102430555555554 0.06458333333333334 0.26967592592592593 0.12916666666666668
6 0.078125 0.2304861111111111 0.14814814814814814 0.24840277777777775
6 0.053125 0.39993055555555557 0.08645833333333335 0.2688888888888889
6 0.12294560185185185 0.8495312500000001 0.1908564814814815 0.242326388888889
6 0.09453125 0.9901215277777778 0.11626157407407409 0.01975694444444436
6 0.39612268518518523 0.9419791666666667 0.30057870370370365 0.10659722222222215
6 0.7609664351851851 0.8705381944444446 0.2349537037037038 0.23159722222222215
6 0.8858723958333334 0.6564583333333334 0.2282552083333332 0.2458854166666667
6 0.9473090277777778 0.37904513888888886 0.10538194444444429 0.3337847222222222
6 0.9205150462962962 0.015460069444444443 0.15896990740740763 0.030920138888888886
6 0.5606481481481481 0.008020833333333333 0.20954861111111106 0.016041666666666666