0 0.49678819444444444 0.5375347222222222 0.47674189814814805 0.4671354166666667
6 0.7839699074074075 0.4019097222222222 0.2658275462962962 0.25001736111111106
6 0.6083449074074074 0.20432291666666663 0.26892939814814804 0.24703125000000004
6 0.33784143518518517 0.27196180555555555 0.2743981481481482 0.2472743055555556
6 0.10934606481481482 0.21182291666666667 0.21650462962962966 0.23376736111111107
6 0.11318287037037036 0.5189236111111111 0.21979745370370368 0.2565625000000001
6 0.13484953703703703 0.7026388888888888 0.2601909722222222 0.22711805555555564
6 0.6378125000000001 0.8971875 0.2516898148148147 0.20562499999999986
6 0.3179282407407407 0.9480772569444443 0.25082754629629633 0.10384548611111129
6 0.08515624999999999 0.9492534722222222 0.15387731481481481 0.1014930555555555
6 0.7631307870370371 0.7516493055555555 0.224398148148148 0.24505208333333323
6 0.889609375 0.9337803819444446 0.22078124999999993 0.13243923611111086
6 0.935083912037037 0.7211458333333333 0.12983217592592594 0.24421874999999993
6 0.9546730324074074 0.519704861111111 0.09065393518518512 0.22835069444444436
6 0.9758854166666666 0.3159895833333334 0.04822916666666686 0.17484374999999996
6 0.95078125 0.08366319444444445 0.0984375 0.0871875