0 0.49060763888888886 0.46653356481481484 0.5078125 0.37748842592592596
6 0.460625 0.1732175925925926 0.2803993055555555 0.22211226851851854
6 0.13864583333333333 0.15002314814814816 0.22866319444444447 0.21162615740740737
6 0.07647569444444444 0.3440914351851852 0.14274305555555555 0.24306712962962962
6 0.11762152777777779 0.5766030092592592 0.21390625000000002 0.2147627314814816
6 0.31942708333333336 0.7530729166666668 0.2773958333333333 0.22741898148148146
6 0.11458333333333334 0.9678356481481482 0.18715277777777778 0.06432870370370374
6 0.5894965277777778 0.7985127314814815 0.2507638888888888 0.2580324074074074
6 0.792170138888889 0.6620775462962962 0.23279513888888878 0.2571006944444445
6 0.9579861111111111 0.573275462962963 0.08402777777777785 0.23462962962962966
6 0.9379730902777779 0.8596469907407407 0.12405381944444435 0.1909664351851852
6 0.9258506944444445 0.25364004629629633 0.148298611111111 0.35234953703703703
6 0.7137152777777778 0.12915075231481482 0.22449652777777782 0.25830150462962964
6 0.4938020833333333 0.028071469907407408 0.26026041666666655 0.056142939814814816