0 0.5519270833333334 0.47524305555555557 0.5544791666666665 0.40990162037037037
6 0.5739236111111111 0.7772511574074075 0.23125 0.22244212962962973
6 0.7623263888888889 0.7020601851851852 0.19897569444444443 0.21531249999999993
6 0.9250434027777779 0.7933275462962963 0.1499131944444443 0.23189236111111117
6 0.9153949652777778 0.5540219907407408 0.1692100694444445 0.21827546296296294
6 0.7706597222222221 0.363431712962963 0.19406250000000008 0.22752893518518516
6 0.933767361111111 0.3138715277777778 0.13246527777777786 0.2415856481481482
6 0.7056423611111111 0.11063657407407408 0.22769097222222215 0.1599016203703704
6 0.5717881944444445 0.22061342592592595 0.28413194444444445 0.21972800925925923
6 0.14571180555555555 0.24450810185185184 0.2638888888888889 0.25531249999999994
6 0.25550347222222225 0.5050810185185185 0.2227256944444445 0.25863425925925937
6 0.13170138888888888 0.6132407407407408 0.21868055555555554 0.22023148148148158
6 0.025329861111111112 0.3419328703703704 0.030347222222222227 0.22683449074074077
6 0.022725694444444444 0.07288773148148148 0.04545138888888889 0.14577546296296295
6 0.16710069444444445 0.02425347222222222 0.23732638888888888 0.0434837962962963
6 0.15463541666666666 0.9658376736111112 0.2100868055555556 0.06832465277777758