6 0.15859375 0.4931770833333333 0.24067708333333337 0.25015625
6 0.23661458333333335 0.6411979166666667 0.21140625000000002 0.20776041666666673
0 0.4683333333333334 0.531875 0.3606770833333332 0.3468229166666667
5 0.13885416666666667 0.28312499999999996 0.10036458333333335 0.09380208333333329
5 0.8683333333333334 0.323125 0.075 0.075
6 0.84078125 0.55984375 0.23255208333333321 0.24494791666666665
6 0.07180989583333333 0.56125 0.14361979166666666 0.22796874999999997
6 0.05151041666666667 0.3030729166666667 0.10302083333333334 0.22802083333333334
6 0.5605729166666666 0.16057291666666668 0.21109375000000002 0.22640625
6 0.9183333333333333 0.138125 0.16333333333333327 0.16333333333333333
6 0.6071354166666667 0.78046875 0.26625 0.28374999999999984
6 0.3190104166666667 0.9663411458333332 0.21276041666666662 0.06731770833333357
6 0.7939062499999999 0.8980598958333333 0.21192708333333332 0.20388020833333337
6 0.9384375 0.37802083333333336 0.09494791666666665 0.21088541666666671