0 0.45534143518518516 0.5102083333333333 0.43151620370370375 0.40614583333333343
6 0.1494097222222222 0.39979166666666666 0.2480208333333333 0.21302083333333338
6 0.06091435185185186 0.3370833333333333 0.12182870370370372 0.24916666666666662
6 0.5882407407407408 0.75390625 0.24299189814814817 0.22749999999999987
6 0.6145891203703704 0.8949999999999999 0.2557581018518519 0.18468749999999973
6 0.8323784722222222 0.7834895833333333 0.23965856481481468 0.2202604166666667
6 0.8948206018518519 0.63109375 0.182951388888889 0.2273958333333333
6 0.9394212962962964 0.42036458333333326 0.10597800925925896 0.23473958333333336
6 0.9460532407407406 0.14369791666666668 0.10789351851851876 0.16781249999999998
6 0.815162037037037 0.06999999999999999 0.18217592592592596 0.043333333333333335
6 0.5999710648148149 0.06739583333333334 0.23833912037037025 0.07046875000000001
6 0.3018923611111111 0.08822916666666666 0.23762152777777779 0.15151041666666668
6 0.18276620370370372 0.11942708333333334 0.24931134259259258 0.2302604166666667
6 0.0615234375 0.05333333333333333 0.123046875 0.10661458333333333
6 0.05126880787037037 0.6876041666666667 0.10253761574074075 0.20171875000000003
6 0.19808449074074072 0.7913020833333333 0.2323900462962963 0.18546875000000007
6 0.2637731481481482 0.9149088541666668 0.1959259259259259 0.17018229166666643
6 0.2621990740740741 0.9663802083333334 0.16334490740740737 0.06723958333333328
6 0.4971759259259259 0.9529036458333333 0.23483796296296297 0.09419270833333329
6 0.7314756944444444 0.9906770833333333 0.17140625000000007 0.018645833333333427
6 0.9470717592592592 0.9331380208333332 0.057482638888888715 0.13372395833333356
6 0.08168981481481481 0.90703125 0.16337962962962962 0.1859375