6 0.14467592592592593 0.5137152777777778 0.24424189814814815 0.25924768518518526
6 0.2423611111111111 0.3598148148148148 0.21530671296296297 0.21465856481481485
0 0.47193287037037035 0.47561342592592587 0.3671875 0.35851851851851857
5 0.10231481481481482 0.7313773148148148 0.10257523148148148 0.09650462962962969
5 0.8652488425925926 0.6955208333333334 0.07612847222222215 0.07700810185185177
6 0.8618923611111111 0.4493865740740741 0.2362268518518519 0.2533159722222223
6 0.06708622685185185 0.44096064814814817 0.1341724537037037 0.23443865740740738
6 0.03188657407407407 0.7099537037037037 0.06377314814814813 0.23321759259259256
6 0.5287037037037037 0.8581192129629629 0.2127025462962962 0.22853587962962968
6 0.891261574074074 0.877170138888889 0.15347222222222215 0.14473379629629618
6 0.6420717592592593 0.21763888888888888 0.27045717592592594 0.2935416666666667
6 0.3642939814814815 0.028310185185185188 0.219068287037037 0.056620370370370376
6 0.00859375 0.04296875 0.0171875 0.0859375
6 0.84921875 0.10120370370370371 0.21594328703703702 0.20240740740740742
6 0.9374710648148149 0.6397916666666668 0.08136574074074047 0.21841435185185176