0 0.46328125 0.546875 0.36640625 0.34609375
6 0.18828125 0.475 0.1734375 0.21015625
6 0.0546875 0.5484375 0.109375 0.18125
6 0.175 0.6765625 0.25 0.19453125
6 0.346875 0.82734375 0.24375 0.2375
6 0.109375 0.89140625 0.21875 0.2140625
6 0.26171875 0.975 0.15078125 0.05
6 0.44921875 0.965625 0.2265625 0.06875
6 0.9109375 0.909375 0.175 0.18125
6 0.9203125 0.775 0.159375 0.228125
6 0.7796875 0.6109375 0.21796875 0.20078125
6 0.87109375 0.42109375 0.2578125 0.22578125
6 0.90703125 0.20625 0.1859375 0.2703125
6 0.6515625 0.1328125 0.21328125 0.203125
6 0.30234375 0.1765625 0.2953125 0.23203125
6 0.3265625 0.08203125 0.1640625 0.1640625
6 0.4859375 0.046875 0.2390625 0.09375
6 0.79921875 0.02734375 0.2015625 0.0546875
6 0.1 0.2390625 0.2 0.203125
6 0.02578125 0.3890625 0.0515625 0.10078125
6 0.1265625 0.02421875 0.19453125 0.0484375
6 0.01640625 0.0453125 0.0328125 0.090625