0 0.502175925925926 0.4736458333333333 0.4811168981481481 0.4645486111111111
6 0.7829803240740741 0.31409722222222225 0.26873263888888876 0.24835069444444446
6 0.6047222222222223 0.13270833333333334 0.27100694444444445 0.2461111111111111
6 0.3390914351851852 0.22352430555555552 0.2764756944444445 0.2463541666666666
6 0.11182870370370371 0.18355902777777777 0.21909722222222222 0.23210069444444445
6 0.12246527777777778 0.48973958333333334 0.22291666666666665 0.25567708333333333
6 0.14814814814814814 0.6700868055555556 0.2618113425925926 0.22541666666666665
6 0.6470196759259259 0.8473958333333333 0.25333912037037043 0.25546875
6 0.33545138888888887 0.9191319444444446 0.25085648148148143 0.14534722222222243
6 0.10434027777777777 0.9340972222222221 0.15673611111111113 0.12868055555555563
6 0.7698668981481481 0.6635763888888888 0.22725694444444447 0.24416666666666664
6 0.8940509259259259 0.8666493055555555 0.21189814814814803 0.19800347222222214
6 0.9361226851851852 0.6173437500000001 0.1277546296296297 0.243888888888889
6 0.9535590277777779 0.41487847222222224 0.09288194444444428 0.22723958333333344
6 0.9722207754629629 0.2108159722222222 0.05555844907407419 0.1737673611111111
6 0.9453125 0.013020833333333332 0.109375 0.026041666666666664