0 0.5125 0.51171875 0.4328125 0.40390625
6 0.790625 0.39453125 0.19296875 0.2453125
6 0.70625 0.27421875 0.240625 0.19921875
6 0.56484375 0.14453125 0.26953125 0.20703125
6 0.340625 0.28046875 0.2734375 0.21875
6 0.79296875 0.07578125 0.2484375 0.1515625
6 0.9296875 0.24921875 0.13984375 0.23359375
6 0.9578125 0.4078125 0.084375 0.253125
6 0.90859375 0.8359375 0.1828125 0.22421875
6 0.940625 0.97890625 0.11875 0.0421875
6 0.6484375 0.940625 0.28046875 0.11875
6 0.3015625 0.8765625 0.2140625 0.2296875
6 0.1671875 0.66796875 0.2234375 0.228125
6 0.028125 0.4390625 0.05625 0.184375
6 0.07734375 0.41015625 0.1546875 0.31328125
6 0.1015625 0.03828125 0.1890625 0.07578125
6 0.4609375 0.0265625 0.196875 0.053125