0 0.45265625 0.53390625 0.4090277777777779 0.4240277777777777
6 0.34234375000000006 0.21932291666666667 0.22376736111111112 0.23550347222222223
5 0.07836805555555555 0.8656076388888888 0.1567361111111111 0.12258680555555586
6 0.07961805555555555 0.6803819444444444 0.1592361111111111 0.22326388888888893
6 0.10601996527777777 0.27197916666666666 0.21203993055555553 0.25642361111111106
6 0.8700347222222222 0.15675347222222222 0.20756944444444442 0.24414930555555553
6 0.6196354166666668 0.05803819444444445 0.28883680555555563 0.07293402777777777
6 0.0859375 0.06866319444444444 0.171875 0.13732638888888887
6 0.9002083333333333 0.4881076388888889 0.1843055555555555 0.21579861111111107
6 0.9053472222222222 0.8199131944444444 0.15901041666666665 0.23652777777777773
6 0.1659548611111111 0.9717925347222222 0.19039930555555556 0.056414930555555645