0 0.5234606481481482 0.5271469907407408 0.3948206018518519 0.38945601851851847
6 0.22098958333333335 0.356568287037037 0.24678240740740742 0.23815393518518527
6 0.6632407407407407 0.2488136574074074 0.3409606481481481 0.22192708333333339
6 0.8566145833333334 0.6886400462962963 0.24887152777777785 0.24840277777777775
6 0.9258087384259259 0.7158391203703702 0.14838252314814823 0.3673090277777778
6 0.9569618055555555 0.9313020833333333 0.086076388888889 0.13739583333333344
6 0.7481539351851852 0.8744719328703704 0.2581539351851852 0.25105613425925916
6 0.7879861111111112 0.97734375 0.21523148148148152 0.0453125
6 0.53015625 0.938125 0.2965162037037038 0.12375000000000007
6 0.15095486111111112 0.93828125 0.2110069444444444 0.1234375
6 0.31078124999999995 0.6913425925925927 0.21490162037037042 0.2541782407407407
6 0.2914872685185185 0.6496990740740741 0.17019675925925926 0.15806712962962965
6 0.2584606481481481 0.5535011574074075 0.17592592592592596 0.19345486111111115
6 0.11034722222222224 0.656099537037037 0.16527777777777777 0.24344907407407418
6 0.05667824074074075 0.4021296296296296 0.0869849537037037 0.2956655092592593
6 0.3081539351851852 0.16001157407407407 0.23337962962962955 0.23502314814814818
6 0.10287037037037036 0.12136574074074073 0.20574074074074072 0.24273148148148146