0 0.46709490740740744 0.4994328703703704 0.5118981481481482 0.36462962962962975
6 0.429207175925926 0.7938541666666665 0.2833912037037038 0.21510995370370373
6 0.11303819444444445 0.8423148148148147 0.2260763888888889 0.20501157407407433
6 0.06410879629629629 0.6554976851851851 0.12821759259259258 0.23900462962962976
6 0.10567708333333332 0.42162037037037037 0.21135416666666665 0.2098842592592593
6 0.30635416666666665 0.2296180555555556 0.2805497685185186 0.22048611111111108
6 0.1021484375 0.031244212962962963 0.204296875 0.062488425925925926
6 0.5750578703703704 0.1623726851851852 0.254826388888889 0.2509259259259259
6 0.7717013888888888 0.2813541666666667 0.23685763888888883 0.2503935185185185
6 0.9371817129629629 0.3544560185185185 0.09780671296296291 0.23145254629629636
6 0.9286111111111112 0.08304542824074075 0.14195601851851833 0.1660908564814815
6 0.8932291666666667 0.6755787037037038 0.15840856481481466 0.3471354166666666
6 0.678125 0.8223611111111111 0.22973379629629634 0.2634432870370368
6 0.4570428240740741 0.9490393518518518 0.2591550925925926 0.07866319444444443