0 0.48969907407407404 0.49508680555555556 0.38909143518518513 0.4126504629629629
6 0.2011863425925926 0.36238425925925927 0.22792245370370373 0.2541377314814815
6 0.10301649305555556 0.571712962962963 0.20603298611111112 0.301105324074074
6 0.18663194444444445 0.8185648148148148 0.3031828703703704 0.2633912037037035
6 0.04134114583333333 0.8796064814814815 0.08268229166666666 0.24000578703703718
6 0.004629629629629628 0.8010069444444443 0.009259259259259255 0.07923611111111128
6 0.13984375 0.9861747685185186 0.23188657407407404 0.02403935185185162
6 0.7072627314814814 0.6892013888888888 0.23509837962962976 0.2582523148148148
6 0.9236689814814815 0.8513541666666666 0.09638310185185191 0.24243634259259253
6 0.9556423611111111 0.5359085648148149 0.054484953703703806 0.20685763888888892
6 0.7568576388888889 0.31938657407407406 0.25529513888888894 0.21358796296296295
6 0.7912905092592593 0.09821903935185186 0.22442129629629637 0.19643807870370372
5 0.9087673611111111 0.17909722222222224 0.07416087962962976 0.08491898148148147
6 0.02273582175925926 0.14696180555555555 0.04547164351851852 0.2209201388888889