0 0.51953125 0.4890625 0.35546875 0.3828125
6 0.23984375 0.35390625 0.2078125 0.2359375
6 0.12421875 0.5515625 0.2484375 0.28203125
6 0.24296875 0.7890625 0.27890625 0.24296875
6 0.07109375 0.8515625 0.14140625 0.2421875
6 0.0359375 0.7671875 0.071875 0.07421875
6 0.20546875 0.9703125 0.21796875 0.059375
6 0.7328125 0.68046875 0.2140625 0.23984375
6 0.9515625 0.846875 0.096875 0.23515625
6 0.97109375 0.54140625 0.0578125 0.1953125
6 0.7671875 0.32890625 0.23515625 0.196875
6 0.79140625 0.1046875 0.20546875 0.209375
5 0.90703125 0.19921875 0.0671875 0.07890625
6 0.040625 0.14375 0.08125 0.20625