0 0.511261574074074 0.5016261574074073 0.4231076388888889 0.3499710648148149
6 0.16561921296296295 0.36826388888888884 0.2550578703703704 0.237800925925926
6 0.5744907407407407 0.24103009259259262 0.23229166666666679 0.1774826388888889
6 0.3421064814814815 0.21384837962962963 0.2040567129629629 0.22258101851851855
6 0.4645023148148148 0.07442708333333334 0.20224537037037038 0.14885416666666668
6 0.07890625 0.08593171296296295 0.1578125 0.1718634259259259
6 0.808732638888889 0.19554976851851852 0.199861111111111 0.20302083333333334
6 0.9279861111111112 0.11146556712962963 0.14401620370370374 0.22293113425925926
6 0.9174942129629631 0.552517361111111 0.15181712962962948 0.22922453703703702
6 0.9186516203703704 0.8962210648148148 0.13802662037037053 0.1947511574074074
6 0.6994849537037038 0.9259664351851852 0.20359953703703687 0.1389930555555555
6 0.3825810185185185 0.9619039351851851 0.21276041666666662 0.07188078703703696