0 0.5109375 0.5109375 0.34375 0.32109375
5 0.721875 0.46015625 0.053125 0.065625
5 0.9609375 0.9265625 0.078125 0.06953125
5 0.53046875 0.29609375 0.0796875 0.08671875
5 0.4703125 0.24375 0.05390625 0.06328125
5 0.43671875 0.16640625 0.0796875 0.0890625
5 0.5109375 0.1546875 0.06328125 0.07890625
5 0.4171875 0.25 0.06484375 0.06953125
6 0.8296875 0.353125 0.20078125 0.2125
6 0.9578125 0.4015625 0.084375 0.28125
6 0.8046875 0.6296875 0.2765625 0.2515625
6 0.6953125 0.87265625 0.25546875 0.22265625
6 0.48046875 0.9515625 0.24609375 0.09609375
6 0.39453125 0.7359375 0.26953125 0.2515625
6 0.23828125 0.628125 0.2859375 0.29609375
6 0.090625 0.85625 0.17890625 0.26328125
6 0.1453125 0.37421875 0.23046875 0.21640625
6 0.2828125 0.28671875 0.2515625 0.24765625
6 0.05703125 0.18515625 0.1140625 0.228125
6 0.371875 0.0359375 0.2109375 0.071875
6 0.64296875 0.06953125 0.28046875 0.1390625
6 0.80390625 0.15 0.21328125 0.15859375