0 0.5243518518518518 0.43598379629629636 0.39098958333333333 0.36850115740740746
6 0.8163252314814814 0.5103877314814815 0.18523148148148144 0.22245370370370363
6 0.9497193287037037 0.433599537037037 0.1005613425925926 0.18982638888888897
6 0.8288078703703704 0.2970023148148148 0.2663599537037037 0.2066493055555556
6 0.6456018518518519 0.13975694444444445 0.25967013888888885 0.2526909722222222
6 0.88984375 0.09164351851851851 0.2203125 0.18328703703703703
6 0.7352199074074074 0.006164641203703703 0.15872106481481474 0.012329282407407407
6 0.5391956018518519 0.016417824074074074 0.24089120370370373 0.03283564814814815
6 0.0716724537037037 0.07759837962962964 0.14332175925925925 0.15417824074074074
6 0.06163194444444444 0.19877314814814814 0.12210069444444445 0.2422974537037037
6 0.18870370370370368 0.3720601851851852 0.23281828703703705 0.21343171296296298
6 0.11754629629629629 0.5749421296296295 0.2283275462962963 0.23995949074074083
6 0.0809201388888889 0.7986631944444444 0.1521122685185185 0.2862673611111111
6 0.3283680555555556 0.8741782407407406 0.2273726851851851 0.21651620370370353
6 0.6975636574074074 0.8261284722222222 0.31431712962962965 0.24762731481481487
6 0.6732407407407408 0.9177199074074075 0.1745775462962964 0.155190972222222
6 0.5039814814814815 0.9556944444444444 0.25372685185185195 0.08312499999999971
6 0.17366319444444445 0.9784548611111111 0.2151446759259259 0.04221643518518512
6 0.9040060763888889 0.7605092592592593 0.19198784722222229 0.21630208333333342
6 0.9817476851851852 0.6028993055555556 0.03650462962962955 0.10811342592592599
6 0.8869791666666668 0.9778587962962962 0.20648148148148165 0.03277777777777757
6 0.9932696759259259 0.9551678240740742 0.01346064814814838 0.0751504629629629