0 0.48828125 0.50078125 0.39921875 0.3609375
6 0.19453125 0.41484375 0.23046875 0.1875
6 0.0828125 0.3625 0.165625 0.2296875
6 0.6203125 0.72421875 0.225 0.20234375
6 0.64921875 0.85625 0.23828125 0.16015625
6 0.853125 0.73671875 0.221875 0.1953125
6 0.91328125 0.58984375 0.1734375 0.20859375
6 0.9484375 0.384375 0.103125 0.21796875
6 0.94765625 0.1 0.1046875 0.19921875
6 0.81796875 0.0375 0.1703125 0.075
6 0.6140625 0.0484375 0.2265625 0.096875
6 0.33046875 0.08671875 0.221875 0.1734375
6 0.21953125 0.13671875 0.23046875 0.228125
6 0.0796875 0.06875 0.15859375 0.1375
6 0.078125 0.6953125 0.15546875 0.184375
6 0.25234375 0.784375 0.215625 0.1625
6 0.31796875 0.9078125 0.18125 0.1703125
6 0.31953125 0.96015625 0.1546875 0.07890625
6 0.54140625 0.94140625 0.21796875 0.1171875
6 0.7640625 0.96796875 0.1609375 0.06328125
6 0.92109375 0.975 0.125 0.04921875
6 0.97109375 0.89375 0.0578125 0.165625
6 0.109375 0.909375 0.21875 0.178125