0 0.5109375 0.48203125 0.47734375 0.3375
6 0.53359375 0.19921875 0.26328125 0.19921875
6 0.83984375 0.16171875 0.2140625 0.19140625
6 0.9203125 0.34609375 0.15859375 0.22578125
6 0.88515625 0.57109375 0.2296875 0.1953125
6 0.68046875 0.74765625 0.2609375 0.2046875
6 0.8953125 0.95703125 0.209375 0.0796875
6 0.42421875 0.8046875 0.234375 0.23515625
6 0.22734375 0.684375 0.2171875 0.23515625
6 0.053125 0.61015625 0.10546875 0.2203125
6 0.075 0.896875 0.15 0.20625
6 0.0796875 0.3 0.159375 0.33125
6 0.290625 0.16484375 0.209375 0.24765625
6 0.50078125 0.04296875 0.24765625 0.08515625