0 0.53359375 0.54140625 0.51953125 0.36875
6 0.5421875 0.25 0.2140625 0.203125
6 0.728125 0.3328125 0.18359375 0.1984375
6 0.90703125 0.253125 0.1859375 0.21484375
6 0.90234375 0.4828125 0.1953125 0.2
6 0.75078125 0.66015625 0.17890625 0.21015625
6 0.9265625 0.7171875 0.146875 0.228125
6 0.7 0.91484375 0.215625 0.16953125
6 0.5640625 0.7875 0.265625 0.1984375
6 0.15 0.74375 0.24453125 0.23359375
6 0.2453125 0.496875 0.2046875 0.2390625
6 0.11953125 0.38828125 0.21015625 0.19921875
6 0.0203125 0.64453125 0.040625 0.21875
6 0.02890625 0.9171875 0.0578125 0.165625
6 0.18203125 0.97109375 0.2265625 0.0578125
6 0.12890625 0.0375 0.20234375 0.075