0 0.5124479166666667 0.5500694444444444 0.5423784722222222 0.37733217592592594
6 0.5341666666666667 0.25482060185185185 0.22557291666666668 0.2078530092592592
6 0.7187326388888888 0.3398090277777778 0.1948611111111111 0.20215856481481484
6 0.8988715277777779 0.26064814814814813 0.1893749999999997 0.2192997685185185
6 0.8838368055555555 0.49342592592592593 0.19815972222222236 0.206087962962963
6 0.7266319444444445 0.6720081018518519 0.1899131944444445 0.21383680555555565
6 0.8975347222222222 0.7303240740740741 0.1507986111111112 0.22994791666666678
6 0.6630729166666667 0.9211516203703702 0.22359375000000004 0.15769675925925952
6 0.5325868055555556 0.8003009259259258 0.2776736111111111 0.2027719907407409
6 0.12245225694444443 0.7526678240740742 0.24490451388888887 0.2385532407407407
6 0.22302083333333336 0.5033796296296297 0.21779513888888893 0.24372106481481487
6 0.10567708333333332 0.3914988425925926 0.21135416666666665 0.20391782407407408
6 0.005989583333333333 0.6493518518518518 0.011979166666666666 0.22057870370370375
6 0.009375 0.921875 0.01875 0.15625
6 0.13553819444444443 0.9760185185185186 0.2318402777777778 0.04796296296296276
6 0.12418402777777778 0.036869212962962965 0.20475694444444445 0.07336805555555556