0 0.51953125 0.49519675925925927 0.35 0.3325289351851852
5 0.734375 0.5499421296296296 0.05390625 0.06798611111111122
5 0.9671875 0.0791724537037037 0.06484375 0.07361689814814816
5 0.5390625 0.7142361111111111 0.08046875 0.08947337962962969
5 0.478125 0.7664583333333332 0.05546875 0.06488425925925938
5 0.44375 0.8448553240740739 0.08046875 0.09181712962962969
5 0.51953125 0.8584780092592592 0.06484375 0.08142939814814838
5 0.42421875 0.7601909722222222 0.065625 0.07206597222222229
6 0.84375 0.6609375 0.2046875 0.21943865740740734
6 0.965625 0.6135243055555556 0.06875 0.2869560185185186
6 0.81875 0.37853587962962965 0.28125 0.2611979166666667
6 0.70703125 0.12922453703703704 0.259375 0.23118634259259258
6 0.4875 0.05097222222222222 0.2515625 0.09044560185185184
6 0.40078125 0.26375000000000004 0.27421875 0.26109375
6 0.2421875 0.371556712962963 0.290625 0.3066493055555556
6 0.0921875 0.13730324074074074 0.18125 0.27143518518518517
6 0.14765625 0.6287499999999999 0.234375 0.22378472222222215
6 0.2875 0.7206655092592593 0.25546875 0.2569097222222222
6 0.0578125 0.8203877314814815 0.115625 0.2345254629629629
6 0.378125 0.9699710648148148 0.215625 0.06005787037037038
6 0.65 0.938136574074074 0.284375 0.12372685185185191
6 0.8171875 0.8675752314814815 0.21640625 0.1649247685185184