0 0.50859375 0.53046875 0.3875 0.353125
5 0.42734375 0.3171875 0.1140625 0.0875
6 0.765625 0.2390625 0.23515625 0.2125
6 0.7765625 0.45078125 0.19296875 0.21875
6 0.8390625 0.70078125 0.2421875 0.284375
6 0.65703125 0.88515625 0.21328125 0.2296875
6 0.834375 0.95703125 0.1828125 0.0859375
6 0.47734375 0.7984375 0.290625 0.2109375
6 0.45 0.94375 0.2234375 0.11171875
6 0.190625 0.965625 0.1359375 0.06875
6 0.09453125 0.89296875 0.1890625 0.1796875
6 0.0671875 0.48828125 0.134375 0.2234375
6 0.22890625 0.42578125 0.225 0.21640625
6 0.1359375 0.26875 0.271875 0.240625
6 0.64609375 0.0609375 0.2359375 0.12109375
6 0.9140625 0.1078125 0.171875 0.21484375
6 0.97734375 0.7140625 0.0453125 0.1875
6 0.9890625 0.47734375 0.02109375 0.0921875