0 0.5440625 0.5697048611111111 0.4135416666666666 0.38434606481481487
5 0.44765625 0.3480034722222222 0.11994791666666664 0.09673032407407404
6 0.7830729166666667 0.29510995370370374 0.2509895833333333 0.23159722222222215
6 0.8082291666666667 0.5092013888888889 0.20927083333333343 0.23550347222222215
6 0.8784505208333334 0.7662326388888888 0.24309895833333323 0.3047743055555555
6 0.7153124999999999 0.9063078703703704 0.22770833333333335 0.18738425925925917
6 0.8982291666666665 0.985300925925926 0.18999999999999986 0.029398148148148097
6 0.5308333333333334 0.8377025462962964 0.30718749999999984 0.23498263888888893
6 0.5106770833333334 0.9576967592592591 0.23385416666666678 0.08460648148148167
6 0.2528125 0.972410300925926 0.14098958333333336 0.055179398148148096
6 0.15348958333333335 0.9029296875 0.19953125000000002 0.194140625
6 0.09833333333333334 0.49548611111111107 0.14625 0.23472222222222214
6 0.25578124999999996 0.44340277777777776 0.2403125 0.234693287037037
6 0.15296875000000001 0.27719907407407407 0.28635416666666663 0.2606481481481482
6 0.6508333333333333 0.10729166666666667 0.24541666666666656 0.1363425925925926
6 0.91484375 0.17479745370370373 0.1703125 0.22667824074074075
6 0.9982682291666667 0.7888020833333333 0.003463541666666714 0.19236111111111107