6 0.8046875 0.52109375 0.2234375 0.23359375
6 0.71796875 0.3796875 0.196875 0.19296875
0 0.4953125 0.503125 0.3375 0.32109375
5 0.83828125 0.7265625 0.09375 0.08671875
5 0.11328125 0.73515625 0.0703125 0.06953125
6 0.125 0.5 0.215625 0.228125
6 0.91171875 0.4484375 0.17578125 0.21484375
6 0.940625 0.70078125 0.11875 0.2171875
6 0.42890625 0.87578125 0.19609375 0.2109375
6 0.07734375 0.92265625 0.1546875 0.1546875
6 0.3421875 0.26640625 0.24765625 0.26484375
6 0.61484375 0.04609375 0.20390625 0.0921875
6 0.971875 0.053125 0.05546875 0.10625
6 0.14921875 0.1625 0.1984375 0.1890625
6 0.075 0.02890625 0.15 0.0578125
6 0.040625 0.6859375 0.08046875 0.20390625