0 0.5246759259259259 0.502662037037037 0.3727662037037037 0.3467592592592593
5 0.30321180555555555 0.45842013888888894 0.05821180555555561 0.06999421296296297
5 0.08684027777777778 0.9501736111111111 0.07884837962962962 0.07699652777777785
5 0.4928587962962963 0.28153935185185186 0.08668981481481489 0.09288194444444446
5 0.5517418981481482 0.22456597222222224 0.059652777777777645 0.0677083333333333
5 0.5827256944444444 0.1427951388888889 0.08681134259259267 0.09522569444444447
5 0.5055555555555555 0.13391203703703702 0.06983796296296294 0.08368055555555554
5 0.6067534722222222 0.22879050925925926 0.07091435185185198 0.07436342592592596
6 0.18652199074074075 0.35159143518518515 0.2192361111111111 0.22800925925925924
6 0.0602488425925926 0.40714699074074073 0.09245370370370369 0.29427083333333337
6 0.2263888888888889 0.6373842592592592 0.2994675925925926 0.27152777777777787
6 0.35395254629629636 0.878443287037037 0.27548611111111115 0.23009259259259274
6 0.5804571759259259 0.9444155092592592 0.2591550925925926 0.08055555555555571
6 0.6571006944444445 0.7317997685185185 0.29243634259259255 0.27126736111111105
6 0.8130266203703703 0.6140914351851852 0.3112731481481482 0.31875
6 0.9402546296296297 0.8354166666666668 0.11949074074074062 0.2667824074074076
6 0.8848668981481481 0.34728009259259257 0.23026620370370382 0.23304398148148148
6 0.747800925925926 0.2619212962962963 0.2734837962962963 0.2666666666666667
6 0.9570891203703702 0.14586226851851852 0.08582175925925953 0.24079861111111106
6 0.6423263888888889 0.022974537037037036 0.2221527777777778 0.04594907407407407
6 0.3667650462962963 0.06314380787037037 0.2968113425925926 0.12628761574074074
6 0.20214699074074077 0.13967013888888888 0.22885995370370366 0.17300347222222223