0 0.5328125 0.50859375 0.3203125 0.36328125
6 0.6953125 0.2671875 0.30546875 0.26875
6 0.7265625 0.07890625 0.275 0.1390625
6 0.4375 0.19296875 0.26171875 0.2859375
6 0.21953125 0.0859375 0.309375 0.171875
6 0.1265625 0.28828125 0.23671875 0.15703125
6 0.2140625 0.4421875 0.25390625 0.24921875
6 0.0703125 0.5125 0.13984375 0.2609375
6 0.28203125 0.81875 0.19453125 0.23359375
6 0.47578125 0.9015625 0.16015625 0.196875
6 0.58671875 0.903125 0.21015625 0.19296875
6 0.82578125 0.87421875 0.28203125 0.15625
6 0.8515625 0.9390625 0.22890625 0.12109375
6 0.97890625 0.9296875 0.04140625 0.140625
6 0.9515625 0.6234375 0.096875 0.21640625
6 0.9625 0.42421875 0.075 0.1984375
6 0.0875 0.85234375 0.175 0.24921875
6 0.23203125 0.959375 0.2109375 0.08125