0 0.5324826388888889 0.5048726851851851 0.43808449074074074 0.3952604166666667
6 0.414693287037037 0.8121296296296296 0.31715856481481486 0.2522395833333334
6 0.7886979166666667 0.7397974537037036 0.26038773148148164 0.21667824074074069
6 0.9456944444444446 0.663425925925926 0.10861111111111085 0.2611979166666668
6 0.9154152199074075 0.422974537037037 0.1691695601851851 0.2552893518518518
6 0.7882465277777777 0.3364988425925926 0.2260706018518519 0.24375578703703696
6 0.9064930555555556 0.16517361111111112 0.18701388888888887 0.223287037037037
6 0.5746990740740741 0.2544502314814815 0.2845081018518519 0.20201967592592593
6 0.6448958333333333 0.09662905092592593 0.3132291666666667 0.19325810185185185
6 0.35344328703703703 0.09685763888888889 0.27563657407407405 0.19371527777777778
6 0.3163136574074074 0.3126388888888889 0.22207175925925923 0.24216435185185184
6 0.14005208333333333 0.3717824074074074 0.2500115740740741 0.23924768518518516
6 0.09629050925925926 0.028987268518518516 0.19239583333333332 0.057650462962962966
6 0.22051504629629629 0.6744444444444444 0.32352430555555556 0.30695023148148143
6 0.09608217592592591 0.8168344907407408 0.10809606481481482 0.2296064814814816
6 0.6316782407407407 0.9785648148148148 0.18875578703703705 0.03575810185185198
6 0.8486631944444444 0.9339699074074075 0.2774421296296296 0.1223148148148148