0 0.49375 0.49453125 0.41171875 0.44375
5 0.53046875 0.18515625 0.11640625 0.11015625
6 0.734375 0.23125 0.25390625 0.228125
6 0.94921875 0.12265625 0.1015625 0.2296875
6 0.953125 0.4828125 0.09375 0.2125
6 0.978125 0.58125 0.04375 0.13125
6 0.9109375 0.7796875 0.178125 0.2421875
6 0.76015625 0.69296875 0.2609375 0.24765625
6 0.64140625 0.8921875 0.2140625 0.16796875
6 0.92265625 0.95078125 0.1546875 0.0984375
6 0.415625 0.82734375 0.19453125 0.2109375
6 0.2828125 0.77421875 0.2671875 0.2125
6 0.0921875 0.84921875 0.18359375 0.1875
6 0.0875 0.9515625 0.175 0.09609375
6 0.315625 0.95703125 0.22890625 0.0859375
6 0.2015625 0.4515625 0.24765625 0.221875
6 0.084375 0.6328125 0.16875 0.2
6 0.09296875 0.3796875 0.1859375 0.271875
6 0.1109375 0.1078125 0.221875 0.21484375
6 0.4515625 0.046875 0.20859375 0.09375
6 0.73359375 0.0421875 0.26328125 0.08359375