0 0.5203125 0.5128645833333334 0.409375 0.4055092592592592
5 0.39140625 0.27163194444444444 0.109375 0.11976273148148149
6 0.26484375 0.8250694444444445 0.22734375 0.22675347222222228
6 0.3640625 0.771574074074074 0.240625 0.21269675925925924
6 0.7453125 0.918888888888889 0.215625 0.162222222222222
6 0.93828125 0.9501909722222223 0.1234375 0.09961805555555543
6 0.93828125 0.6141956018518518 0.1234375 0.23856481481481495
6 0.9640625 0.2571296296296296 0.071875 0.24410300925925926
6 0.9625 0.08828703703703702 0.075 0.06694444444444445
6 0.81015625 0.13394675925925928 0.2296875 0.18470486111111112
6 0.60078125 0.11294560185185185 0.18359375 0.16478587962962962
6 0.771875 0.3840219907407407 0.228125 0.2994560185185186
6 0.3921875 0.11620949074074075 0.215625 0.19871527777777778
6 0.246875 0.22244212962962964 0.2421875 0.2252893518518518
6 0.3421875 0.39762152777777776 0.22734375 0.21503472222222228
6 0.14921875 0.4471238425925925 0.2421875 0.2377893518518519
6 0.05 0.259994212962963 0.1 0.2574884259259259
6 0.125 0.06365740740740741 0.25 0.12731481481481483
6 0.0859375 0.6785300925925926 0.171875 0.2695601851851851
6 0.05 0.8890625 0.1 0.221875