0 0.5037037037037038 0.537037037037037 0.3610763888888888 0.36171875
5 0.7613194444444444 0.10792824074074074 0.12420138888888896 0.11226851851851852
6 0.19906828703703705 0.6269097222222222 0.23313078703703702 0.2710358796296296
6 0.6905671296296296 0.7812210648148148 0.22906828703703716 0.24965277777777767
6 0.8447627314814815 0.6208622685185186 0.28720486111111115 0.2976851851851851
6 0.889754050925926 0.3783564814814815 0.220491898148148 0.26799768518518513
6 0.93203125 0.17372685185185185 0.1359375 0.21944444444444447
6 0.4641724537037037 0.26004050925925926 0.29296296296296304 0.2317418981481482
6 0.35119791666666667 0.0822337962962963 0.23129629629629633 0.12879050925925925
6 0.1242361111111111 0.11695601851851851 0.24846643518518516 0.23313078703703702
6 0.07233217592592593 0.4886863425925926 0.13911458333333332 0.22815393518518512
6 0.41256944444444443 0.8832175925925927 0.22189814814814818 0.2303819444444443
6 0.7742939814814814 0.9838396990740741 0.21388310185185197 0.032320601851851906
6 0.8496701388888889 0.9308955439814814 0.28265625000000016 0.13820891203703703
6 0.1722048611111111 0.8891059027777779 0.2883738425925926 0.22178819444444428
6 0.4416261574074074 0.9916087962962962 0.18312500000000007 0.016782407407407617