0 0.5229456018518519 0.51015625 0.47453703703703703 0.415625
6 0.8138599537037037 0.53515625 0.2390625 0.253125
6 0.7109953703703703 0.29609375 0.27618634259259256 0.25859375
6 0.5140914351851852 0.1375 0.2219328703703704 0.275
6 0.24878472222222223 0.61640625 0.26319444444444445 0.28359375
6 0.13125 0.52734375 0.1921585648148148 0.2421875
6 0.09707754629629631 0.73046875 0.10587384259259261 0.2796875
6 0.0478587962962963 0.39296875 0.04759837962962963 0.146875
6 0.05908564814814815 0.08046875 0.1181712962962963 0.1609375
6 0.3335648148148148 0.1578125 0.21704282407407405 0.240625
6 0.2466435185185185 0.27109375 0.1966145833333334 0.28125
6 0.15703125 0.18984375 0.1952835648148148 0.26328125
6 0.4942418981481481 0.0171875 0.20405092592592594 0.03359375
6 0.697974537037037 0.078125 0.21782407407407406 0.15625
6 0.892505787037037 0.1328125 0.21498842592592596 0.2484375
6 0.9046875 0.0453125 0.190625 0.090625
6 0.9299262152777779 0.40234375 0.1401475694444443 0.21171875
6 0.932320601851852 0.71015625 0.13535879629629619 0.2234375
6 0.8584129050925926 0.8109375 0.2831741898148149 0.25
6 0.4672164351851852 0.896875 0.22960069444444448 0.19921875
6 0.32265625 0.928125 0.3090856481481481 0.14375
6 0.6953414351851851 0.896875 0.27387152777777785 0.20625
6 0.8523148148148149 0.98046875 0.19351851851851834 0.0390625