0 0.5093402777777778 0.49800925925925926 0.43927083333333333 0.43761574074074067
6 0.7190624999999999 0.6221701388888888 0.24076388888888883 0.29097222222222213
6 0.9281640624999999 0.4957233796296296 0.14367187500000006 0.25615162037037037
6 0.8574652777777778 0.7351215277777777 0.21805555555555572 0.18285879629629634
6 0.47458333333333336 0.8317592592592593 0.2964236111111111 0.2300983796296297
6 0.14520833333333333 0.9094155092592594 0.24309027777777778 0.18116898148148125
6 0.7119097222222223 0.9622699652777778 0.23232638888888885 0.0754600694444445
6 0.874782986111111 0.8659606481481482 0.25043402777777785 0.20239583333333327
6 0.9666536458333332 0.9661371527777778 0.06669270833333343 0.06772569444444443
6 0.8695963541666666 0.13319444444444445 0.2608072916666668 0.2327719907407407
6 0.8658159722222223 0.1619965277777778 0.20473958333333328 0.18109953703703702