0 0.5043865740740741 0.47390625000000003 0.42068287037037033 0.4744791666666666
5 0.5457233796296297 0.7831770833333334 0.1188310185185184 0.11875
6 0.7497280092592593 0.7234375 0.2588831018518519 0.24750000000000014
6 0.9564641203703704 0.8202604166666667 0.0870717592592591 0.23927083333333315
6 0.9585358796296297 0.45739583333333333 0.08292824074074048 0.21999999999999992
6 0.9831047453703704 0.3557291666666667 0.033790509259259235 0.1330729166666666
6 0.9140017361111111 0.15864583333333335 0.1719965277777778 0.25609375
6 0.768599537037037 0.2553125 0.26542245370370365 0.2674479166666667
6 0.6468865740740741 0.07759114583333333 0.2181365740740741 0.15518229166666667
6 0.9244140625 0.020143229166666665 0.151171875 0.04028645833333333
6 0.42051504629629627 0.14401041666666667 0.19847222222222224 0.22630208333333335
6 0.28770833333333334 0.20604166666666668 0.27192129629629636 0.2319791666666667
6 0.09439814814814815 0.14307291666666666 0.18717592592592594 0.20135416666666667
6 0.08820601851851852 0.04765625 0.17641203703703703 0.0953125
6 0.31626157407407407 0.03626302083333333 0.2301793981481482 0.07252604166666667
6 0.21127314814814815 0.5364583333333334 0.25174768518518514 0.23999999999999985
6 0.09058449074074074 0.36072916666666666 0.17328703703703702 0.21213541666666663
6 0.10296296296296296 0.615625 0.19157407407407406 0.2875
6 0.12497106481481479 0.8870833333333333 0.2265625 0.22583333333333327
6 0.4680613425925926 0.9252083333333333 0.21069444444444443 0.10302083333333342
6 0.7501736111111111 0.911875 0.26678240740740744 0.09583333333333321