0 0.5271527777777778 0.4869386574074074 0.39205439814814813 0.3439409722222223
5 0.3749074074074074 0.30786458333333333 0.08607060185185186 0.08483217592592593
5 0.06418981481481481 0.1616203703703704 0.12131944444444445 0.08847800925925924
5 0.9491203703703703 0.6173148148148149 0.10175925925925924 0.11738425925925924
5 0.2157060185185185 0.8964178240740741 0.07713541666666668 0.09953703703703702
6 0.14721643518518518 0.4050289351851852 0.23894675925925926 0.21048032407407397
6 0.8638946759259258 0.19432291666666665 0.2722106481481482 0.22971643518518517
6 0.8215277777777779 0.3981655092592592 0.21938657407407405 0.18285879629629634
6 0.718900462962963 0.6802777777777778 0.2332233796296297 0.20180555555555557
6 0.8193518518518518 0.8523032407407406 0.22290509259259253 0.19618634259259266
6 0.9629918981481481 0.8046412037037036 0.0740162037037038 0.20141203703703708
6 0.2857523148148148 0.728119212962963 0.27175925925925926 0.21096643518518512
6 0.4421875 0.7320543981481482 0.239386574074074 0.22532407407407398
6 0.09491898148148148 0.6183969907407407 0.15902777777777777 0.20148726851851856
6 0.11872106481481481 0.9205208333333333 0.18734953703703705 0.15583333333333335
6 0.328587962962963 0.9603993055555555 0.19268518518518524 0.07235532407407419
6 0.5526967592592593 0.9797453703703702 0.11324074074074061 0.02666666666666657