0 0.5350983796296297 0.47722800925925923 0.35354166666666664 0.4271412037037036
6 0.882293113425926 0.1697627314814815 0.23541377314814796 0.22763310185185182
6 0.1973900462962963 0.1234085648148148 0.2881597222222222 0.21886574074074075
6 0.2816898148148148 0.06634837962962963 0.3040046296296296 0.13269675925925925
6 0.4489872685185185 0.07962962962962963 0.2377777777777778 0.15925925925925927
6 0.08156250000000001 0.3351273148148148 0.1422222222222222 0.2766203703703704
6 0.3043460648148148 0.6916377314814814 0.27955439814814814 0.23336226851851832
6 0.16142939814814816 0.8941840277777778 0.2402199074074074 0.21163194444444428
6 0.5693576388888889 0.8360243055555555 0.22973379629629634 0.26504629629629617
6 0.8166435185185186 0.7744212962962963 0.2518923611111113 0.27132523148148147
6 0.9056756365740741 0.6396412037037037 0.18864872685185183 0.2525752314814815
6 0.9292751736111111 0.8765335648148149 0.14144965277777785 0.18648726851851832
6 0.723119212962963 0.9633969907407408 0.10121527777777786 0.02714120370370381
6 0.7980902777777779 0.3109375 0.21475115740740733 0.12647569444444445