0 0.496875 0.49453125 0.3265625 0.40703125
6 0.1265625 0.20703125 0.25234375 0.21484375
6 0.809375 0.13671875 0.27265625 0.2046875
6 0.72578125 0.071875 0.2921875 0.14375
6 0.56171875 0.0890625 0.2265625 0.178125
6 0.93671875 0.34140625 0.1265625 0.2671875
6 0.73359375 0.69609375 0.26328125 0.21875
6 0.8859375 0.8953125 0.22734375 0.20859375
6 0.48046875 0.84765625 0.21328125 0.2515625
6 0.23515625 0.79609375 0.234375 0.25703125
6 0.11484375 0.66875 0.2296875 0.240625
6 0.096875 0.90625 0.19375 0.1875
6 0.3375 0.98359375 0.096875 0.0328125
6 0.2296875 0.34140625 0.2046875 0.11640625
6 0.01484375 0.5046875 0.02890625 0.11640625