0 0.47086226851851853 0.4619907407407407 0.4012731481481481 0.4161574074074075
6 0.1452835648148148 0.5076678240740741 0.28107638888888886 0.2433796296296297
6 0.08255931712962963 0.725 0.16511863425925927 0.24527199074074063
6 0.3010127314814815 0.8848263888888889 0.23651620370370363 0.18814814814814831
6 0.7563657407407407 0.7577083333333332 0.32931134259259254 0.27467592592592605
6 0.7415219907407408 0.5063252314814815 0.2647858796296296 0.2440914351851852
6 0.7362847222222222 0.27234375 0.26414930555555555 0.21448495370370377
6 0.9078703703703704 0.33037615740740744 0.144849537037037 0.23242476851851848
6 0.9605902777777778 0.08585069444444444 0.07881944444444429 0.1717013888888889
6 0.73984375 0.02553819444444444 0.2078125 0.05107638888888888
6 0.49473379629629627 0.17124421296296297 0.2880208333333334 0.2530787037037037
6 0.27251157407407406 0.22946180555555556 0.25954861111111105 0.24693287037037043
6 0.27201967592592596 0.06767216435185185 0.2411168981481481 0.1353443287037037
6 0.06548032407407407 0.13327546296296294 0.13096064814814815 0.2303240740740741
6 0.09075520833333332 0.38852430555555556 0.18151041666666665 0.25654513888888886
6 0.01895254629629629 0.927054398148148 0.03790509259259258 0.14589120370370381
6 0.3484375 0.9485185185185184 0.2489293981481481 0.07205439814814837
6 0.7329571759259259 0.9371412037037036 0.21015625 0.05292245370370381