0 0.51484375 0.49140625 0.43359375 0.40546875
6 0.23203125 0.4671875 0.215625 0.246875
6 0.31484375 0.70078125 0.2515625 0.2515625
6 0.49765625 0.86171875 0.19609375 0.27578125
6 0.790625 0.3875 0.23671875 0.2765625
6 0.8984375 0.475 0.1703125 0.2359375
6 0.953125 0.27734375 0.09375 0.2703125
6 0.9765625 0.60625 0.046875 0.14296875
6 0.94296875 0.9171875 0.1140625 0.165625
6 0.67421875 0.83515625 0.19453125 0.23515625
6 0.7671875 0.725 0.171875 0.27421875
6 0.84921875 0.80390625 0.171875 0.25703125
6 0.5078125 0.97890625 0.19609375 0.0421875
6 0.31328125 0.91875 0.20390625 0.16171875
6 0.11484375 0.8609375 0.2140625 0.2421875
6 0.0984375 0.95 0.196875 0.1
6 0.084375 0.5953125 0.16875 0.20625
6 0.10625 0.29609375 0.16015625 0.21796875
6 0.19609375 0.1984375 0.28203125 0.24375
6 0.596875 0.1140625 0.21015625 0.19453125
6 0.7421875 0.07734375 0.290625 0.1546875
6 0.375 0.1078125 0.25546875 0.21484375
6 0.22734375 0.0265625 0.1859375 0.053125
6 0.02734375 0.23515625 0.05390625 0.15078125
6 0.02109375 0.44296875 0.0421875 0.13515625