0 0.484375 0.499537037037037 0.37421875 0.4019907407407407
6 0.809375 0.4682233796296297 0.265625 0.23321759259259256
6 0.89140625 0.2535532407407407 0.2171875 0.23754629629629634
6 0.62578125 0.08481336805555556 0.22265625 0.16962673611111112
6 0.17421875 0.18855324074074073 0.31171875 0.2616840277777778
6 0.2078125 0.44221064814814814 0.24921875 0.23465856481481479
6 0.23046875 0.6795428240740741 0.25 0.2049768518518519
6 0.05859375 0.6128472222222222 0.1171875 0.22821180555555554
6 0.02578125 0.8857465277777777 0.0515625 0.22850694444444458
6 0.246875 0.9528587962962962 0.203125 0.09212962962962976
6 0.48203125 0.7925231481481482 0.271875 0.2426388888888889
6 0.7015625 0.7432407407407406 0.24375 0.23696180555555557
6 0.715625 0.9189178240740741 0.23125 0.1532754629629629
6 0.9296875 0.849363425925926 0.13984375 0.22525462962962947
6 0.89609375 0.5902372685185184 0.2078125 0.24841435185185184
6 0.94609375 0.06153935185185185 0.1078125 0.1230787037037037
6 0.57109375 0.02255931712962963 0.24609375 0.04511863425925926
6 0.184375 0.015328414351851852 0.20859375 0.030656828703703703