0 0.47914351851851855 0.5063831018518519 0.4658969907407407 0.41655092592592596
6 0.19016203703703705 0.5335127314814815 0.2344386574074074 0.25318865740740737
6 0.2886574074074074 0.29460648148148144 0.2707002314814814 0.2589236111111111
6 0.48169560185185184 0.13605758101851853 0.2170775462962963 0.27211516203703706
6 0.7533622685185185 0.6097743055555556 0.25733796296296296 0.2838136574074074
6 0.86875 0.5206770833333334 0.18769675925925924 0.24190972222222218
6 0.9099305555555557 0.7218460648148148 0.10945023148148181 0.2788136574074073
6 0.9540567129629629 0.3857291666666667 0.05396990740740719 0.14642939814814807
6 0.9381076388888889 0.07875 0.12378472222222214 0.1575
6 0.6616030092592593 0.15518518518518518 0.21182291666666658 0.24052662037037037
6 0.7502951388888889 0.2661979166666667 0.19157407407407412 0.2809837962962963
6 0.8378761574074074 0.18511574074074072 0.1905555555555555 0.2637962962962963
6 0.4996701388888889 0.01726851851851852 0.20378472222222221 0.03453703703703704
6 0.29923032407407407 0.07796730324074073 0.2155555555555555 0.15593460648148147
6 0.10570746527777777 0.13436921296296295 0.21141493055555555 0.24844328703703705
6 0.09296875 0.046875 0.1859375 0.09375
6 0.07008680555555555 0.4025405092592592 0.1401736111111111 0.21210648148148153
6 0.07018229166666667 0.7078935185185186 0.14036458333333335 0.22307870370370358
6 0.14434751157407408 0.8079976851851851 0.28869502314814816 0.2505613425925926
6 0.5399594907407408 0.8901388888888888 0.22577546296296286 0.19924189814814816
6 0.6841087962962963 0.9218692129629631 0.30548611111111124 0.14751157407407406
6 0.3125231481481482 0.8933854166666666 0.2693460648148148 0.20971643518518518
6 0.15839699074074073 0.9773032407407406 0.1915625 0.04358796296296319