0 0.4750520833333334 0.4718460648148148 0.3451909722222222 0.3937210648148149
6 0.29833333333333334 0.7313078703703704 0.32814236111111106 0.2939525462962962
6 0.26437499999999997 0.9245949074074075 0.2927256944444444 0.14042245370370382
6 0.5676909722222222 0.7993923611111111 0.28244791666666663 0.31021412037037044
6 0.796701388888889 0.8916087962962962 0.32769097222222215 0.16825810185185192
6 0.8785069444444444 0.687962962962963 0.21381944444444442 0.1726273148148149
6 0.8086631944444445 0.5289641203703704 0.27300347222222215 0.2716145833333332
6 0.9391840277777778 0.45153356481481477 0.10531250000000014 0.2778935185185185
6 0.7455729166666667 0.1363136574074074 0.21013888888888896 0.2528935185185185
6 0.5448437500000001 0.08265335648148148 0.173576388888889 0.16530671296296295
6 0.42769097222222224 0.08374565972222223 0.2258506944444445 0.16749131944444445
6 0.175 0.09890046296296295 0.3005208333333333 0.17505787037037038
6 0.15121527777777777 0.049985532407407406 0.24208333333333334 0.09997106481481481
6 0.01951388888888889 0.06099537037037037 0.03902777777777778 0.12175925925925926
6 0.04557725694444444 0.3685185185185185 0.09115451388888889 0.22936921296296298
6 0.031449652777777774 0.5767650462962963 0.06289930555555555 0.21053240740740745
6 0.9299131944444443 0.1144386574074074 0.1401736111111113 0.2288773148148148
6 0.8032291666666665 0.017635995370370368 0.22322916666666687 0.035271990740740736