0 0.51015625 0.50703125 0.3640625 0.38671875
6 0.19375 0.4796875 0.2578125 0.22421875
6 0.11015625 0.27109375 0.2203125 0.2296875
6 0.3734375 0.1015625 0.21796875 0.171875
6 0.81171875 0.203125 0.303125 0.2515625
6 0.778125 0.45 0.2421875 0.22578125
6 0.75625 0.6796875 0.24375 0.196875
6 0.934375 0.615625 0.13125 0.21875
6 0.965625 0.88515625 0.06875 0.2296875
6 0.7421875 0.95078125 0.1984375 0.0984375
6 0.51171875 0.79140625 0.26484375 0.23359375
6 0.2984375 0.7453125 0.23671875 0.228125
6 0.284375 0.92109375 0.225 0.1578125
6 0.0734375 0.85078125 0.146875 0.21875
6 0.10546875 0.59921875 0.2109375 0.23984375
6 0.05703125 0.07265625 0.1140625 0.1453125
6 0.42421875 0.0328125 0.2390625 0.065625
6 0.803125 0.02578125 0.20390625 0.05078125