0 0.5026331018518518 0.5252604166666667 0.47123842592592596 0.4771875
6 0.7147858796296296 0.36171875 0.23246527777777787 0.2586458333333333
6 0.5175347222222222 0.25427083333333333 0.20645254629629636 0.20859375
6 0.34913194444444445 0.12614583333333335 0.22092013888888892 0.22046875
6 0.1515335648148148 0.19869791666666664 0.20515046296296294 0.2576041666666667
6 0.03101851851851852 0.143125 0.05873842592592593 0.2182291666666667
6 0.2287326388888889 0.45244791666666667 0.22980324074074074 0.22885416666666672
6 0.05130208333333334 0.4172395833333333 0.08003472222222222 0.22510416666666658
6 0.05271990740740741 0.7290625 0.059664351851851836 0.2432291666666666
6 0.16924189814814816 0.8661979166666667 0.2459490740740741 0.26499999999999985
6 0.2821180555555556 0.7155208333333334 0.19754050925925926 0.24151041666666676
6 0.5764467592592593 0.8884375 0.29108796296296297 0.22312499999999993
6 0.36004050925925923 0.9538541666666667 0.20005787037037043 0.09229166666666658
6 0.787962962962963 0.9614713541666667 0.2598668981481481 0.07705729166666657
6 0.9461516203703704 0.9100520833333334 0.10769675925925917 0.17989583333333314
6 0.8074074074074075 0.7162499999999999 0.22826967592592595 0.22953125000000013
6 0.9366608796296297 0.35130208333333335 0.12667824074074047 0.2557291666666667
6 0.8074074074074075 0.19020833333333334 0.22896412037037023 0.20619791666666668
6 0.9421875 0.133125 0.115625 0.14833333333333334
6 0.9687934027777778 0.6476041666666668 0.062413194444444285 0.23968750000000014