0 0.5126215277777778 0.5077546296296296 0.42092592592592587 0.36793981481481486
5 0.6553703703703704 0.3251736111111111 0.09268518518518523 0.09074074074074075
5 0.9521122685185185 0.17734375 0.09577546296296298 0.09282407407407404
5 0.0874537037037037 0.6338831018518519 0.10712962962962964 0.12401620370370381
5 0.8767303240740741 0.94296875 0.08340856481481466 0.10520833333333321
6 0.8882523148148149 0.4294560185185185 0.22349537037037023 0.22453703703703703
6 0.1440625 0.1947627314814815 0.2796064814814815 0.245775462962963
6 0.19723379629629628 0.40798611111111105 0.23532986111111112 0.1958043981481481
6 0.33021990740740736 0.7052372685185185 0.2505034722222222 0.21507523148148167
6 0.24169560185185185 0.88203125 0.2392418981481481 0.20920138888888892
6 0.08583912037037036 0.8302662037037039 0.08510995370370371 0.21284722222222213
6 0.7882349537037037 0.7650752314814815 0.290949074074074 0.22670717592592596
6 0.624542824074074 0.7652488425925925 0.2574537037037038 0.24027777777777787
6 0.9457002314814815 0.6516493055555556 0.10859953703703695 0.21140046296296297
6 0.9394328703703703 0.9434606481481481 0.12113425925925939 0.1130787037037038
6 0.7653587962962962 0.9823423032407408 0.2042071759259258 0.03531539351851833