0 0.4880844907407408 0.48125 0.46570023148148143 0.45078125
6 0.26556134259259256 0.60859375 0.25578703703703703 0.30078125
6 0.061388888888888896 0.471875 0.12277777777777779 0.26640625
6 0.11916666666666668 0.72421875 0.2313599537037037 0.18828125
6 0.5214641203703703 0.83125 0.3140451388888888 0.23671875
6 0.8565798611111111 0.91171875 0.23491898148148138 0.1765625
6 0.26989583333333333 0.96328125 0.24514467592592587 0.0734375
6 0.11612847222222222 0.8609375 0.23225694444444445 0.2078125
6 0.018844039351851853 0.96484375 0.037688078703703706 0.0703125
6 0.12421296296296296 0.10703125 0.2484259259259259 0.21328125
6 0.1143113425925926 0.1234375 0.2172511574074074 0.18671875