0 0.5322395833333333 0.4774942129629629 0.49515624999999996 0.4822337962962962
6 0.32088541666666665 0.6719849537037037 0.24463541666666666 0.2611747685185186
6 0.5249479166666667 0.7563657407407408 0.2163541666666667 0.21047453703703703
6 0.7005729166666667 0.861255787037037 0.23135416666666658 0.21369791666666665
6 0.8959114583333333 0.7662673611111112 0.20817708333333335 0.26111689814814804
6 0.9962760416666667 0.8072974537037038 0.007447916666666643 0.2221759259259258
6 0.8140625 0.5164814814814814 0.24182291666666664 0.23065972222222228
6 0.9767317708333334 0.5289930555555555 0.04653645833333329 0.22884837962962976
6 0.9759765625 0.21120370370370373 0.048046875 0.24795717592592598
6 0.8622395833333334 0.1099508101851852 0.2590624999999999 0.2199016203703704
6 0.751875 0.25427662037037035 0.20927083333333324 0.24429398148148146
6 0.4455208333333333 0.11419415509259259 0.3042187500000001 0.22838831018518518
6 0.6643229166666667 0.03416087962962963 0.2067708333333332 0.06832175925925926
6 0.22796875 0.05328848379629629 0.26916666666666667 0.10657696759259258
6 0.06322916666666667 0.11639467592592592 0.12567708333333333 0.23278935185185184
6 0.21520833333333336 0.32215856481481486 0.24036458333333338 0.23212962962962963
6 0.10151041666666667 0.7108680555555555 0.12447916666666665 0.256388888888889
6 0.230625 0.8592997685185185 0.2403125 0.2080034722222223
6 0.10671875 0.9301736111111112 0.09802083333333331 0.1396527777777777
6 0.05348958333333333 0.4140972222222222 0.06739583333333332 0.2405555555555555