0 0.48218171296296297 0.5282118055555556 0.41932291666666666 0.38747106481481486
5 0.3437905092592592 0.7516493055555556 0.11274305555555557 0.11412037037037041
6 0.24957175925925928 0.1986689814814815 0.2326909722222222 0.21681134259259255
6 0.3426678240740741 0.26004050925925926 0.2452430555555555 0.20324074074074075
6 0.723761574074074 0.12621527777777777 0.22122685185185187 0.20625
6 0.9241956018518518 0.11015625 0.15078703703703694 0.1560763888888889
6 0.9056018518518518 0.46875 0.15471643518518513 0.23185763888888894
6 0.9124537037037037 0.819675925925926 0.10590277777777786 0.23784722222222215
6 0.9025983796296295 0.9761284722222221 0.09952546296296276 0.04774305555555571
6 0.7451967592592592 0.9188368055555556 0.23472222222222233 0.16232638888888892
6 0.5392824074074074 0.924045138888889 0.1885185185185186 0.15190972222222215
6 0.7209837962962963 0.677951388888889 0.2379398148148148 0.287962962962963
6 0.3369675925925926 0.904564525462963 0.22134837962962967 0.19087094907407404
6 0.20109953703703703 0.7862847222222223 0.24741319444444443 0.21501736111111108
6 0.30265624999999996 0.6241030092592592 0.23208333333333328 0.20509259259259255
6 0.12075231481481481 0.5569733796296296 0.24150462962962962 0.22673611111111108
6 0.03351128472222222 0.7307291666666667 0.06702256944444444 0.2497395833333334
6 0.09927083333333334 0.9359375 0.19854166666666667 0.128125
6 0.07930121527777778 0.32578125 0.15860243055555556 0.26015625
6 0.04921875 0.11197916666666667 0.0984375 0.22395833333333334