0 0.5195949074074073 0.5292939814814815 0.41922453703703705 0.4063020833333333
6 0.3778472222222222 0.2208449074074074 0.3049479166666667 0.2615277777777777
6 0.7509780092592593 0.3088368055555556 0.2500231481481482 0.22435763888888882
6 0.9313252314814815 0.39187500000000003 0.1373495370370371 0.26292245370370376
6 0.9122048611111111 0.6266377314814815 0.17559027777777772 0.2598032407407409
6 0.7853472222222223 0.705324074074074 0.2156539351851851 0.24909722222222222
6 0.9146469907407407 0.8812442129629631 0.17070601851851847 0.22871527777777773
6 0.5838946759259259 0.7775636574074074 0.27380208333333333 0.21076967592592588
6 0.6666493055555556 0.9174276620370371 0.302523148148148 0.1651446759259258
6 0.37917245370370367 0.9112210648148148 0.26653935185185185 0.17755787037037046
6 0.32446180555555554 0.7095081018518519 0.21170138888888887 0.24733217592592602
6 0.14623263888888888 0.6441030092592592 0.24210069444444443 0.24656828703703706
6 0.12806134259259258 0.9734476273148148 0.1992303240740741 0.05310474537037031
6 0.19908564814814816 0.3480844907407407 0.3088888888888889 0.3155555555555555
6 0.05824652777777778 0.2019328703703704 0.11135416666666667 0.2304282407407408
6 0.575787037037037 0.05637731481481482 0.1851678240740741 0.06264467592592593
6 0.7926620370370371 0.10974537037037038 0.2696990740740741 0.15127314814814813