0 0.49453125 0.49609375 0.3546875 0.33046875
5 0.753125 0.940625 0.12265625 0.10234375
6 0.1921875 0.38515625 0.22890625 0.25078125
6 0.67734375 0.26796875 0.225 0.2296875
6 0.83125 0.43828125 0.28203125 0.27265625
6 0.884375 0.68203125 0.23125 0.2484375
6 0.92734375 0.89140625 0.1453125 0.2171875
6 0.4578125 0.76640625 0.28828125 0.20703125
6 0.3484375 0.9390625 0.2265625 0.12109375
6 0.12265625 0.8890625 0.24453125 0.221875
6 0.06796875 0.5125 0.1359375 0.21484375
6 0.4015625 0.14765625 0.21796875 0.2109375
6 0.759375 0.04140625 0.21171875 0.0828125
6 0.83359375 0.0953125 0.278125 0.18984375
6 0.1640625 0.11171875 0.28359375 0.2234375
6 0.43046875 0.02265625 0.18125 0.04453125