0 0.4885069444444444 0.48197916666666674 0.35458333333333325 0.4344618055555555
6 0.12753472222222223 0.2020486111111111 0.25506944444444446 0.2334027777777778
6 0.8268055555555556 0.10492187500000001 0.28984375 0.20984375000000002
6 0.7413715277777777 0.057881944444444444 0.3063194444444445 0.11576388888888889
6 0.5718576388888889 0.07786024305555556 0.2390625 0.1557204861111111
6 0.9330902777777779 0.3031597222222222 0.11538194444444443 0.28036458333333336
6 0.7230555555555556 0.6781770833333334 0.2811284722222222 0.2378298611111111
6 0.8566666666666667 0.864826388888889 0.21394097222222222 0.19975694444444442
6 0.45595486111111116 0.8459895833333334 0.23027777777777772 0.26909722222222215
6 0.20515625 0.8048958333333334 0.25239583333333326 0.27553819444444444
6 0.10608072916666667 0.6798784722222223 0.21216145833333333 0.25817708333333333
6 0.08152777777777778 0.9111805555555555 0.16305555555555556 0.17763888888888885
6 0.30263888888888885 0.9798958333333333 0.10041666666666664 0.01381944444444443
6 0.22052083333333333 0.3363888888888889 0.21628472222222223 0.1296875
6 0.0047395833333333335 0.5141840277777778 0.009479166666666667 0.12163194444444443