0 0.5520717592592593 0.4758738425925926 0.350775462962963 0.39619212962962963
6 0.7062962962962963 0.21596643518518518 0.33086805555555543 0.29765625
6 0.7260590277777779 0.04842592592592593 0.29118055555555566 0.09685185185185186
6 0.4366608796296297 0.15541666666666668 0.2864872685185185 0.31083333333333335
6 0.2040914351851852 0.07750723379629629 0.3268923611111111 0.15501446759259258
6 0.1277025462962963 0.27141203703703703 0.23498842592592592 0.17592592592592596
6 0.21881944444444446 0.4266608796296296 0.27590856481481485 0.2741493055555555
6 0.08500578703703704 0.5059027777777778 0.13128472222222223 0.27881944444444445
6 0.3093865740740741 0.813119212962963 0.21333912037037042 0.25408564814814805
6 0.5125752314814814 0.8778761574074074 0.17616898148148152 0.19814236111111114
6 0.6275000000000001 0.8726331018518518 0.22839120370370375 0.198900462962963
6 0.862494212962963 0.8375983796296296 0.2750115740740739 0.1789872685185184
6 0.8902777777777778 0.8948032407407407 0.21944444444444428 0.12335648148148123
6 0.967243923611111 0.5692534722222222 0.065512152777778 0.22811921296296306
6 0.9738585069444443 0.36309027777777775 0.05228298611111128 0.20954282407407404
6 0.12046296296296297 0.8572280092592592 0.16493055555555558 0.26679398148148153
6 0.26256944444444447 0.9530324074074074 0.2223148148148148 0.08171296296296297