0 0.4486689814814815 0.47792824074074075 0.328125 0.35321759259259267
6 0.47097800925925926 0.73359375 0.26776620370370363 0.2317939814814814
6 0.0841724537037037 0.7169039351851852 0.1683449074074074 0.22163194444444442
6 0.15954861111111113 0.7458506944444444 0.25112847222222223 0.20680555555555563
6 0.7986689814814815 0.6909201388888888 0.25043402777777785 0.23945601851851847
6 0.4366608796296296 0.9026967592592593 0.25896990740740744 0.15506944444444457
6 0.33090277777777777 0.9120717592592591 0.23807870370370363 0.14620370370370353
6 0.6481770833333333 0.27457754629629627 0.2810185185185185 0.20057291666666668
6 0.641550925925926 0.10450231481481483 0.26420717592592596 0.20900462962962965
6 0.1074291087962963 0.2769907407407407 0.2148582175925926 0.20892939814814815
6 0.07149884259259259 0.1376388888888889 0.14299768518518519 0.22784722222222223
6 0.3388888888888889 0.01728009259259259 0.20972222222222223 0.03456018518518518
6 0.9137731481481481 0.2717013888888889 0.15130208333333356 0.3720659722222222
6 0.890625 0.9204050925925926 0.07939814814814809 0.06326388888888915