0 0.50859375 0.4828125 0.31328125 0.32265625
6 0.0984375 0.42421875 0.196875 0.20078125
6 0.04453125 0.1984375 0.08828125 0.2296875
6 0.175 0.1 0.225 0.2
6 0.6421875 0.09765625 0.2265625 0.19296875
6 0.93984375 0.2546875 0.1203125 0.19453125
6 0.78203125 0.43984375 0.209375 0.1875
6 0.875 0.6671875 0.215625 0.21875
6 0.9140625 0.88828125 0.171875 0.2234375
6 0.4671875 0.86484375 0.18515625 0.17578125
6 0.4609375 0.74609375 0.2421875 0.18125
6 0.66796875 0.95859375 0.23515625 0.0828125
6 0.271875 0.95078125 0.234375 0.0984375
6 0.18984375 0.81328125 0.2046875 0.19453125
6 0.05390625 0.67265625 0.10703125 0.24375
6 0.07421875 0.96484375 0.13515625 0.06953125