0 0.45526620370370374 0.44826967592592587 0.5086805555555556 0.46183449074074084
6 0.22280092592592596 0.6673900462962964 0.24134837962962957 0.24453703703703694
6 0.22589699074074074 0.7621006944444444 0.2366608796296296 0.22325810185185196
6 0.3491608796296296 0.9041377314814815 0.31053240740740745 0.15996527777777772
6 0.7905381944444445 0.9098726851851853 0.24094328703703702 0.09206018518518526
6 0.7986979166666667 0.8627199074074074 0.23929398148148148 0.18530092592592595
6 0.7046875 0.6512789351851852 0.2632233796296298 0.2248321759259259
6 0.8747106481481481 0.66609375 0.16053240740740762 0.23508101851851854
6 0.8359375 0.4334895833333333 0.27349537037037025 0.2479976851851852
6 0.6877025462962963 0.2820428240740741 0.2325231481481481 0.24090277777777783
6 0.849826388888889 0.10669560185185185 0.23862847222222214 0.2133912037037037
6 0.6431712962962963 0.09750578703703704 0.25506365740740744 0.19501157407407407
6 0.5666087962962962 0.014797453703703705 0.18943865740740745 0.02959490740740741
6 0.36200810185185184 0.07296875 0.24160879629629628 0.1459375
6 0.40902777777777777 0.1694386574074074 0.24131944444444448 0.2126446759259259
6 0.18935185185185185 0.07769097222222222 0.2150462962962963 0.15538194444444445
6 0.05529513888888889 0.16693287037037036 0.11059027777777777 0.25363425925925925
6 0.21383101851851852 0.3054571759259259 0.21672453703703703 0.21663194444444453
6 0.07413194444444444 0.45111111111111113 0.1482638888888889 0.24309027777777778
6 0.059743923611111104 0.6795601851851851 0.11948784722222221 0.22755208333333332
6 0.003964120370370366 0.8706655092592592 0.007928240740740732 0.14929398148148146
6 0.006423611111111105 0.9803124999999999 0.01284722222222221 0.03937500000000007