5 0.3642361111111111 0.08576388888888889 0.1108969907407407 0.10703125
5 0.8924594907407407 0.8452256944444445 0.08244791666666665 0.10015624999999986
0 0.5419849537037036 0.5119965277777778 0.4710763888888888 0.401423611111111
6 0.17307291666666666 0.41147569444444443 0.26157407407407407 0.2438194444444445
6 0.3433912037037037 0.241875 0.25721643518518517 0.18987847222222226
6 0.728443287037037 0.15588541666666667 0.23277777777777792 0.26034722222222223
6 0.5263599537037037 0.0973046875 0.28631365740740744 0.194609375
6 0.7515393518518518 0.0224609375 0.20229745370370367 0.044921875
6 0.8917187500000001 0.011875 0.12406250000000014 0.02375
6 0.9693446180555554 0.22307291666666665 0.06131076388888914 0.21869791666666671
6 0.9603240740740742 0.6266145833333333 0.07935185185185176 0.2601736111111112
6 0.7173668981481482 0.7568229166666667 0.2831828703703703 0.26927083333333324
6 0.7945370370370369 0.7668402777777777 0.19662615740740746 0.27046875000000004
6 0.8480902777777779 0.9549305555555556 0.2356481481481481 0.05986111111111114
6 0.5665104166666668 0.9095659722222222 0.3011516203703703 0.16432291666666643
6 0.4683333333333334 0.9469444444444445 0.2459432870370371 0.09286458333333343
6 0.22345486111111112 0.9758506944444445 0.23491898148148146 0.045798611111111144
6 0.27456597222222223 0.81515625 0.3172453703703704 0.24895833333333323
6 0.1307986111111111 0.5766666666666667 0.21561921296296296 0.27557291666666667
6 0.07114583333333332 0.3011111111111111 0.12381944444444444 0.2509027777777778
5 0.19229166666666667 0.28434027777777776 0.09085069444444445 0.08161458333333335
5 0.6847106481481482 0.18736111111111112 0.06668402777777782 0.06703125000000001
6 0.31071180555555555 0.023255208333333333 0.2018518518518519 0.046510416666666665