0 0.47009837962962964 0.5311284722222223 0.3358043981481481 0.3383506944444445
6 0.8778761574074074 0.6042418981481481 0.19420717592592568 0.2101273148148149
6 0.9213946759259258 0.8363541666666666 0.08550925925925909 0.2349884259259259
6 0.7906712962962963 0.9138368055555557 0.2389525462962963 0.1723263888888887
6 0.31707175925925923 0.9099537037037038 0.23784722222222215 0.1800925925925924
6 0.04384982638888889 0.7518055555555556 0.08769965277777778 0.20046296296296298
6 0.18974537037037037 0.5658564814814815 0.2224247685185185 0.19770254629629633
6 0.1113816550925926 0.3318055555555556 0.2227633101851852 0.22994212962962965
6 0.08671875 0.11194444444444444 0.1734375 0.2238888888888889
6 0.5325 0.14253472222222224 0.19755787037037037 0.1844849537037037
6 0.5324710648148148 0.26381365740740736 0.25565393518518514 0.1916666666666666
6 0.33395254629629634 0.048234953703703703 0.24142939814814818 0.08281828703703703
6 0.7367129629629628 0.06721064814814814 0.24450231481481488 0.09695023148148149
6 0.8118171296296296 0.2032349537037037 0.21884259259259267 0.20383680555555558
6 0.9363946759259261 0.35089699074074077 0.10576967592592582 0.2496296296296297
6 0.9350578703703704 0.059785879629629626 0.12972222222222207 0.06468750000000001