0 0.5078125 0.490625 0.50546875 0.4171875
6 0.1921875 0.36796875 0.20078125 0.30078125
6 0.77421875 0.27734375 0.2265625 0.18515625
6 0.9484375 0.296875 0.103125 0.18515625
6 0.9203125 0.58359375 0.159375 0.2359375
6 0.6875 0.7015625 0.21796875 0.2203125
6 0.78046875 0.7359375 0.19609375 0.20703125
5 0.9390625 0.803125 0.0765625 0.07578125
6 0.9484375 0.9375 0.103125 0.125
6 0.73046875 0.9328125 0.2078125 0.13125
6 0.50625 0.8546875 0.2046875 0.2375
6 0.37265625 0.9640625 0.18515625 0.07109375
6 0.2 0.8546875 0.20625 0.2375
6 0.328125 0.696875 0.20078125 0.1640625
6 0.0578125 0.5125 0.115625 0.221875
6 0.05703125 0.23828125 0.1140625 0.25625
6 0.33125 0.04375 0.2421875 0.0875
6 0.59765625 0.05625 0.23046875 0.1125
6 0.84921875 0.06796875 0.2640625 0.1359375