0 0.5128761574074074 0.49152199074074077 0.30478009259259264 0.4455439814814815
5 0.3196122685185185 0.44453125 0.11168981481481488 0.10567129629629637
5 0.33737268518518515 0.522511574074074 0.09510995370370372 0.08162615740740727
6 0.15886574074074072 0.4643518518518519 0.19048611111111108 0.19918981481481488
6 0.11299768518518519 0.2822337962962963 0.22369212962962964 0.25353009259259257
6 0.35413194444444446 0.2544560185185185 0.24685763888888895 0.21767939814814818
6 0.6162384259259259 0.21105324074074075 0.24910300925925916 0.20448495370370373
6 0.7417534722222223 0.17977430555555554 0.19104166666666664 0.16875
6 0.6648784722222223 0.7673900462962963 0.24011574074074069 0.2564814814814815
6 0.8217476851851853 0.7513310185185185 0.22133680555555557 0.25188078703703703
6 0.715457175925926 0.9378255208333333 0.22295717592592598 0.12434895833333356
6 0.4686400462962963 0.9405164930555555 0.2611284722222223 0.11896701388888893
6 0.2087326388888889 0.9698350694444444 0.20203703703703707 0.06032986111111107
6 0.040677083333333336 0.8520543981481481 0.0694849537037037 0.20720486111111108
6 0.10118634259259258 0.6910590277777777 0.19413773148148147 0.2703993055555555
6 0.02318287037037037 0.49369212962962966 0.04029513888888889 0.27329282407407407
6 0.32863425925925926 0.7135416666666667 0.24831018518518516 0.2028935185185185
6 0.8769791666666666 0.9139178240740741 0.2389814814814816 0.17216435185185192
6 0.17621527777777776 0.06510416666666667 0.24071180555555555 0.12607060185185187
6 0.09638888888888889 0.043402777777777776 0.19277199074074075 0.08602430555555556
6 0.5563252314814815 0.030758101851851856 0.2071817129629629 0.02798032407407408
6 0.9783391203703704 0.17607060185185186 0.043321759259259095 0.16568287037037033
6 0.8945370370370369 0.3682581018518518 0.2109259259259261 0.2531828703703704
6 0.9945775462962964 0.5328703703703704 0.010844907407407334 0.12395833333333321
6 0.9651967592592593 0.6638020833333333 0.06960648148148145 0.22459490740740726