0 0.5233217592592593 0.4830902777777778 0.41938657407407404 0.4266666666666666
6 0.7737557870370371 0.255625 0.27644675925925916 0.2840451388888889
6 0.3916377314814815 0.15503472222222223 0.3119791666666666 0.25914930555555554
6 0.20419560185185187 0.2488020833333333 0.32612847222222224 0.31350694444444444
6 0.16087962962962962 0.14020833333333332 0.30324074074074076 0.2673263888888889
6 0.12685185185185183 0.0248046875 0.25364583333333335 0.049609375
6 0.022395833333333334 0.21769097222222222 0.025491898148148145 0.1864583333333333
6 0.18130787037037038 0.7122743055555556 0.2756365740740741 0.2731076388888889
6 0.10286458333333334 0.9125 0.0821759259259259 0.16328125
6 0.2670138888888889 0.9169618055555556 0.28443287037037035 0.16059027777777785
6 0.5224537037037037 0.7888194444444444 0.2645543981481481 0.2391319444444445
6 0.7959780092592593 0.6826041666666667 0.3014467592592592 0.22208333333333333
6 0.9673900462962962 0.6062847222222223 0.06521990740740762 0.27802083333333344
6 0.9586299189814815 0.23104600694444444 0.08274016203703702 0.4620920138888889
6 0.9267722800925926 0.9032465277777778 0.14645543981481488 0.12269097222222207
6 0.720949074074074 0.9289236111111112 0.22421875 0.09406249999999972
5 0.12390046296296298 0.5298437500000001 0.0981770833333333 0.09546874999999985