0 0.5114583333333333 0.4658564814814815 0.5172106481481482 0.4516550925925927
6 0.18943287037037038 0.356724537037037 0.2069560185185185 0.3168634259259259
6 0.7809375000000001 0.23383101851851854 0.2310821759259259 0.2001909722222222
6 0.9507349537037036 0.24370949074074072 0.09853009259259267 0.19424768518518523
6 0.9253587962962964 0.5388368055555556 0.1492824074074072 0.24930555555555553
6 0.6958622685185185 0.6712210648148147 0.22354166666666658 0.23650462962962954
6 0.7906539351851852 0.7014756944444445 0.20078703703703712 0.22204861111111107
5 0.9528761574074075 0.7610590277777778 0.07869791666666685 0.08139467592592595
6 0.9548379629629629 0.8920659722222222 0.0903240740740742 0.11908564814814823
6 0.7397511574074074 0.898721064814815 0.21265625000000005 0.13754050925925937
6 0.512644675925926 0.8370312500000001 0.2103877314814815 0.2530034722222222
6 0.3759259259259259 0.9496296296296297 0.18951967592592595 0.0715219907407409
6 0.2009259259259259 0.8531944444444445 0.21195023148148148 0.25308449074074063
6 0.3302025462962963 0.6854918981481481 0.20592592592592593 0.17780092592592583
6 0.0577025462962963 0.5097048611111111 0.10871527777777779 0.23289351851851858
6 0.05564236111111111 0.23157986111111112 0.10896412037037037 0.2664872685185185
6 0.3260706018518519 0.033796296296296297 0.2458912037037037 0.06759259259259259
6 0.5980439814814815 0.03969184027777778 0.23514467592592608 0.07938368055555556
6 0.855167824074074 0.04597366898148148 0.2697048611111111 0.09194733796296296