0 0.4337673611111111 0.5098958333333334 0.395451388888889 0.3659375000000001
6 0.1738020833333333 0.4255324074074075 0.24041666666666667 0.213101851851852
6 0.048854166666666664 0.5849594907407407 0.09770833333333333 0.23008101851851848
6 0.24663194444444442 0.7705729166666666 0.23265624999999995 0.19648726851851847
6 0.3569791666666667 0.7805671296296296 0.23286458333333337 0.20117476851851848
6 0.8037500000000002 0.7345601851851852 0.2550868055555554 0.2096354166666668
6 0.5717187499999999 0.9169849537037036 0.23232638888888885 0.136400462962963
6 0.8975520833333335 0.9237152777777778 0.12447916666666643 0.09731481481481481
6 0.712673611111111 0.431412037037037 0.26057291666666665 0.22774305555555543
6 0.88984375 0.25451388888888893 0.20578125000000008 0.25888888888888884
6 0.6693749999999999 0.21189236111111112 0.25595486111111115 0.22916666666666669
6 0.8695486111111113 0.07643518518518519 0.2609027777777776 0.15287037037037038
6 0.4301388888888889 0.11755208333333333 0.21994791666666663 0.22653935185185187
6 0.11109374999999999 0.11608217592592593 0.21541666666666667 0.17725115740740743
6 0.0578125 0.11328125 0.115625 0.2265625
6 0.10084201388888889 0.9428703703703704 0.20168402777777777 0.11254629629629634
6 0.32439236111111114 0.9344560185185184 0.21970486111111115 0.11574074074074048