0 0.503125 0.48984375 0.40078125 0.41328125
6 0.215625 0.2109375 0.18515625 0.1546875
6 0.21796875 0.34453125 0.21796875 0.19296875
6 0.41171875 0.1015625 0.1796875 0.203125
6 0.6125 0.0921875 0.196875 0.184375
6 0.8 0.31796875 0.23046875 0.16953125
6 0.83984375 0.44375 0.2140625 0.20625
6 0.97421875 0.3234375 0.0515625 0.19296875
6 0.95703125 0.6453125 0.0859375 0.20703125
6 0.7921875 0.6828125 0.17734375 0.2109375
6 0.6171875 0.81171875 0.21015625 0.2125
6 0.825 0.88984375 0.18359375 0.20859375
6 0.3765625 0.91328125 0.2140625 0.1734375
6 0.11015625 0.846875 0.2203125 0.1875
6 0.21640625 0.77890625 0.2046875 0.18203125
6 0.18515625 0.56484375 0.1796875 0.2265625
6 0.0484375 0.20078125 0.096875 0.20234375
6 0.04140625 0.4796875 0.0828125 0.21875
6 0.06796875 0.975 0.1359375 0.04375
6 0.5546875 0.97890625 0.128125 0.0421875