0 0.47957175925925927 0.4731597222222222 0.4329166666666667 0.29756944444444444
6 0.813582175925926 0.5781076388888888 0.2844560185185184 0.3239236111111111
6 0.8444502314814815 0.6148784722222222 0.201701388888889 0.24795138888888885
6 0.660005787037037 0.7407118055555555 0.22924768518518518 0.2524652777777778
6 0.9033912037037037 0.8476736111111111 0.11673611111111129 0.2647916666666667
6 0.8413368055555555 0.9458159722222224 0.22071180555555542 0.072795138888889
6 0.5873263888888889 0.9233680555555555 0.2838252314814815 0.1311631944444443
6 0.4693287037037037 0.9415972222222223 0.2587673611111111 0.09939236111111108
6 0.23162037037037037 0.7853472222222222 0.2580613425925926 0.26637152777777773
6 0.2149884259259259 0.8653124999999999 0.28360532407407407 0.20217013888888893
6 0.13140625 0.9604340277777779 0.2628125 0.07843750000000008
6 0.06754774305555555 0.6872569444444444 0.1350954861111111 0.32470486111111113
6 0.8040914351851851 0.21935763888888887 0.2944618055555555 0.30619791666666674
6 0.8891377314814815 0.12928819444444445 0.21741898148148167 0.23503472222222221
6 0.9316435185185185 0.37805555555555553 0.10754629629629626 0.23805555555555555
6 0.8196643518518518 0.004791666666666666 0.2544212962962963 0.009583333333333333
6 0.15314814814814814 0.34229166666666666 0.25785879629629627 0.26246527777777773
6 0.045202546296296296 0.4175694444444445 0.09040509259259259 0.24375
6 0.09842737268518519 0.0740234375 0.19685474537037037 0.148046875
6 0.28980902777777773 0.05918836805555555 0.2774131944444445 0.1183767361111111