0 0.5101041666666667 0.47609375 0.43869791666666663 0.45921874999999995
6 0.7987152777777778 0.16458333333333336 0.20093749999999985 0.17463541666666665
6 0.8025520833333333 0.30380208333333336 0.23704861111111128 0.21598958333333335
6 0.5882465277777778 0.08838541666666666 0.1983680555555555 0.17677083333333332
6 0.3776388888888889 0.08552083333333334 0.2146527777777778 0.17104166666666668
6 0.19196180555555556 0.31708333333333333 0.24847222222222226 0.19260416666666663
6 0.1556076388888889 0.45114583333333336 0.23376736111111113 0.22979166666666656
6 0.026545138888888892 0.3328125 0.03236111111111112 0.20234375
6 0.05859375 0.6660416666666666 0.06739583333333332 0.21947916666666673
6 0.2166840277777778 0.69703125 0.19494791666666664 0.23265624999999995
6 0.40625 0.8191666666666666 0.23017361111111115 0.23656250000000015
6 0.19425347222222222 0.8975520833333333 0.20034722222222223 0.19640625000000006
6 0.6616319444444445 0.8883333333333333 0.23046875 0.15557291666666656
6 0.9097612847222223 0.8202083333333334 0.18047743055555543 0.20963541666666644
6 0.8242534722222221 0.7568229166666667 0.22328125000000015 0.20416666666666677
6 0.8471354166666666 0.5311979166666667 0.19880208333333335 0.24927083333333327
6 0.9600434027777778 0.14161458333333335 0.07991319444444436 0.21578124999999998
6 0.9719574652777778 0.43109374999999994 0.05608506944444436 0.23218750000000005