0 0.507986111111111 0.4964409722222222 0.5290972222222223 0.4535590277777777
6 0.18017361111111113 0.6374479166666667 0.21392361111111113 0.3193576388888889
6 0.7773090277777778 0.7045659722222222 0.23704861111111128 0.20097222222222227
6 0.9425868055555554 0.6777083333333334 0.08704861111111128 0.19430555555555565
6 0.9218402777777779 0.3820486111111111 0.14293402777777758 0.2506423611111111
6 0.6972048611111111 0.27027777777777773 0.22927083333333337 0.2373090277777777
6 0.7940798611111111 0.23085069444444445 0.2063194444444445 0.22302083333333336
5 0.9565104166666668 0.15651041666666665 0.07989583333333314 0.08315972222222223
6 0.9588020833333333 0.04048611111111111 0.08239583333333336 0.08097222222222222
6 0.7446006944444445 0.05298611111111111 0.217048611111111 0.10597222222222222
6 0.5139756944444445 0.12424913194444445 0.21637152777777774 0.2484982638888889
6 0.3781423611111111 0.02788628472222222 0.1929166666666667 0.05577256944444444
6 0.19913194444444443 0.13553819444444445 0.2179340277777778 0.25397569444444446
6 0.32756944444444447 0.29138888888888886 0.21078124999999998 0.17795138888888892
6 0.0527734375 0.4959027777777778 0.105546875 0.2355381944444444
6 0.04983506944444445 0.7771527777777777 0.0996701388888889 0.26913194444444455
6 0.31440972222222224 0.9538194444444444 0.24982638888888892 0.07354166666666657
6 0.588125 0.9291666666666668 0.23944444444444457 0.09805555555555542
6 0.8462326388888888 0.9044270833333332 0.26814236111111106 0.1250868055555557