0 0.4913773148148148 0.4595254629629629 0.4170717592592593 0.5869444444444444
5 0.14447337962962964 0.5835590277777778 0.12063078703703703 0.12009837962962955
6 0.22618634259259257 0.7352719907407408 0.24513888888888893 0.19751157407407405
6 0.19927662037037036 0.8302372685185185 0.26655092592592594 0.1650925925925925
6 0.2588541666666667 0.9059027777777778 0.24360532407407404 0.15610532407407404
6 0.05318287037037037 0.7965972222222222 0.10636574074074075 0.26305555555555565
6 0.7421585648148149 0.6781076388888889 0.24172453703703703 0.2526967592592593
6 0.7694733796296296 0.4458854166666667 0.2317418981481481 0.19369791666666672
6 0.7439814814814815 0.37625000000000003 0.21226851851851833 0.17319444444444443
6 0.9157407407407409 0.1809837962962963 0.15963541666666642 0.22582754629629628
6 0.926244212962963 0.3395081018518519 0.12355324074074084 0.15689814814814812
6 0.709693287037037 0.018655960648148145 0.27201967592592596 0.03731192129629629
6 0.421556712962963 0.04300347222222222 0.250636574074074 0.08600694444444444
6 0.38535879629629627 0.1850925925925926 0.30176504629629636 0.21058449074074073
6 0.15251736111111108 0.19794560185185187 0.3032986111111111 0.25199074074074074
6 0.05760995370370371 0.08807581018518519 0.11521990740740742 0.17615162037037038
6 0.03388310185185185 0.387037037037037 0.0677662037037037 0.22280092592592596
6 0.7512731481481482 0.8741319444444444 0.2953703703703704 0.18530092592592595
6 0.8828125 0.9226736111111112 0.13107638888888892 0.06527777777777785
6 0.9512152777777778 0.8863773148148149 0.03275462962962976 0.12645833333333342