0 0.5046875 0.478125 0.40625 0.2796875
6 0.83515625 0.58671875 0.2609375 0.30859375
6 0.8671875 0.6234375 0.18359375 0.2359375
6 0.69375 0.7421875 0.21015625 0.23984375
6 0.94296875 0.86171875 0.1140625 0.2765625
6 0.88203125 0.95625 0.21171875 0.08671875
6 0.63359375 0.92734375 0.26953125 0.1390625
6 0.5203125 0.94453125 0.24765625 0.1109375
6 0.27890625 0.77578125 0.23828125 0.253125
6 0.26640625 0.853125 0.265625 0.18984375
6 0.1734375 0.9546875 0.2859375 0.090625
6 0.0875 0.678125 0.175 0.3125
6 0.8078125 0.2390625 0.27109375 0.29140625
6 0.89296875 0.153125 0.2140625 0.2234375
6 0.9484375 0.396875 0.103125 0.2296875
6 0.81328125 0.0171875 0.2484375 0.034375
6 0.1796875 0.34375 0.23828125 0.24921875
6 0.059375 0.415625 0.11875 0.2359375
6 0.103125 0.07578125 0.20546875 0.1515625
6 0.3 0.06328125 0.265625 0.1265625