0 0.48622106481481475 0.4728587962962963 0.4298611111111111 0.6012152777777778
5 0.12594907407407407 0.595457175925926 0.12458912037037036 0.12245370370370381
6 0.2125636574074074 0.7537905092592593 0.2533275462962963 0.20057870370370362
6 0.1854513888888889 0.85234375 0.27652777777777776 0.16710069444444428
6 0.245775462962963 0.9234664351851851 0.25237268518518513 0.14201388888888894
6 0.04380208333333334 0.8128472222222222 0.08760416666666668 0.26961805555555574
6 0.7494270833333333 0.7026909722222222 0.24957175925925945 0.25818865740740743
6 0.7760648148148148 0.46212384259259254 0.23917245370370388 0.1969328703703704
6 0.7493344907407407 0.3897569444444444 0.21903935185185192 0.17589699074074075
6 0.9198726851851852 0.19146412037037036 0.1527835648148148 0.2311921296296296
6 0.9329803240740742 0.3548611111111111 0.11556712962962976 0.1603587962962963
6 0.7092997685185185 0.018352141203703702 0.2821817129629629 0.036704282407407404
6 0.4111342592592592 0.040834780092592594 0.25976273148148155 0.08166956018518519
6 0.3737152777777778 0.1875 0.31224537037037037 0.21368634259259256
6 0.1433275462962963 0.19855324074074074 0.2866550925925926 0.25601851851851853
6 0.0453125 0.08515625 0.090625 0.1703125
6 0.02226417824074074 0.38885995370370374 0.04452835648148148 0.22771990740740744
6 0.7609201388888889 0.8942418981481481 0.3053182870370369 0.16426504629629618
6 0.8974884259259259 0.9469328703703704 0.13548611111111128 0.042476851851851904
6 0.9633506944444445 0.91015625 0.020335648148148165 0.10688657407407405