0 0.5143344907407407 0.5434375 0.428900462962963 0.31786458333333323
6 0.8531655092592592 0.45296875 0.27899884259259267 0.3375
6 0.8848668981481481 0.41765625 0.19708912037037046 0.2571875
6 0.7015219907407407 0.2822395833333333 0.22457175925925926 0.26369791666666664
6 0.9468807870370369 0.19046875 0.1062384259259261 0.26098958333333333
6 0.8884027777777778 0.08963541666666666 0.22055555555555556 0.07552083333333333
6 0.6322048611111111 0.10062499999999999 0.2823784722222221 0.13578125000000002
6 0.5145543981481481 0.07718749999999999 0.2580150462962962 0.10296874999999998
6 0.2715740740740741 0.21848958333333335 0.2538715277777778 0.27890625
6 0.25590856481481483 0.13713541666666668 0.2808564814814815 0.21598958333333332
6 0.15717592592592594 0.04166666666666667 0.29794560185185187 0.08223958333333334
6 0.08637152777777778 0.30984375000000003 0.16422453703703704 0.3321875
6 0.8349537037037036 0.8119791666666666 0.28942708333333333 0.3210416666666667
6 0.9053645833333335 0.8919270833333334 0.18927083333333314 0.2161458333333332
6 0.9580483217592594 0.6594791666666666 0.08390335648148124 0.24401041666666662
6 0.1825173611111111 0.6601041666666666 0.25375578703703705 0.275
6 0.0662789351851852 0.5790625 0.10485532407407408 0.24947916666666678
6 0.12191550925925924 0.92421875 0.19355324074074076 0.1515625
6 0.3129340277777778 0.9424479166666668 0.27714120370370365 0.11510416666666642