0 0.44751157407407405 0.4899537037037037 0.42748842592592595 0.4788020833333334
6 0.5990162037037037 0.1457349537037037 0.2986979166666668 0.22071180555555556
6 0.1046875 0.31130208333333337 0.209375 0.2273958333333333
6 0.14210069444444445 0.528275462962963 0.24693287037037037 0.2464236111111111
6 0.06966869212962963 0.751568287037037 0.13933738425925926 0.3194733796296296
6 0.37667824074074074 0.8791724537037038 0.31550925925925916 0.20615162037037038
6 0.6260706018518519 0.799056712962963 0.23284143518518513 0.23469907407407398
6 0.8388599537037038 0.8245601851851851 0.21024305555555572 0.2551388888888887
6 0.7025752314814815 0.9423090277777778 0.16261574074074084 0.032193287037037166
6 0.8490162037037038 0.5719444444444445 0.22581018518518547 0.23428240740740733
6 0.7352430555555556 0.3437847222222222 0.23041087962962975 0.24388888888888882
6 0.910619212962963 0.33883680555555556 0.1427662037037038 0.31025462962962963
6 0.6636284722222222 0.020962094907407407 0.2351851851851851 0.04192418981481481
6 0.43938078703703703 0.01734519675925926 0.22508680555555555 0.03469039351851852
5 0.05075231481481481 0.04988425925925926 0.0921875 0.0894675925925926