0 0.55625 0.5117881944444445 0.39969328703703705 0.46729166666666655
6 0.8213715277777778 0.402974537037037 0.268894675925926 0.23413194444444443
6 0.8475231481481481 0.7254224537037037 0.2881076388888889 0.24249999999999988
6 0.890804398148148 0.9143171296296296 0.2142534722222223 0.12800925925925916
6 0.7121412037037036 0.9501331018518518 0.17939236111111115 0.06614583333333321
6 0.29076388888888893 0.9446180555555556 0.2346469907407407 0.10365740740740748
6 0.10767361111111111 0.9453472222222222 0.109375 0.1085243055555555
6 0.13369791666666667 0.7637905092592593 0.19059606481481478 0.2552083333333332
6 0.2839814814814815 0.6716840277777778 0.2106076388888889 0.3033738425925927
6 0.0900462962962963 0.35733796296296294 0.1480613425925926 0.19545717592592596
6 0.3269155092592593 0.2736226851851852 0.24879050925925927 0.1844039351851851
6 0.0828761574074074 0.14389467592592592 0.1613136574074074 0.23484374999999996
6 0.3639641203703704 0.08724681712962963 0.29819444444444443 0.17449363425925926
6 0.11379629629629631 0.021689814814814815 0.2025925925925926 0.04337962962962963
6 0.5944212962962963 0.15221643518518518 0.27616319444444437 0.2515046296296296