0 0.5359780092592592 0.5335648148148149 0.43524884259259267 0.4386284722222221
6 0.8466261574074074 0.8296006944444445 0.19846064814814818 0.16559606481481487
6 0.8370081018518519 0.693605324074074 0.23515046296296305 0.20593171296296298
6 0.6512210648148148 0.9132667824074074 0.1957638888888889 0.17346643518518512
6 0.4486979166666666 0.9195023148148149 0.2117476851851851 0.16099537037037023
6 0.2424884259259259 0.6980902777777779 0.24543402777777779 0.18214699074074084
6 0.19422453703703701 0.5676793981481482 0.23203125 0.219068287037037
6 0.06647569444444444 0.687673611111111 0.06249421296296296 0.199537037037037
6 0.06412615740740742 0.3586226851851852 0.0977025462962963 0.21487268518518512
6 0.228125 0.3241608796296296 0.19407407407407407 0.22311921296296297
6 0.39998842592592593 0.19878472222222224 0.22776041666666663 0.22592592592592595
6 0.1852025462962963 0.11287615740740739 0.20004629629629633 0.21866319444444446
6 0.6409837962962963 0.10870949074074074 0.22884259259259263 0.17841435185185187
6 0.8992534722222223 0.18324652777777778 0.2014930555555555 0.1997685185185185
6 0.811400462962963 0.24832175925925926 0.22043981481481473 0.19447337962962968
6 0.856394675925926 0.4682581018518518 0.19739004629629625 0.23961226851851852
6 0.9827372685185185 0.848119212962963 0.034525462962962904 0.2090856481481481
6 0.9794791666666667 0.5623842592592593 0.04104166666666664 0.22586805555555553
6 0.940625 0.05515046296296298 0.11875 0.04502314814814814
6 0.45414351851851853 0.03396990740740741 0.13011574074074073 0.03833912037037037