5 0.3546875 0.096875 0.103125 0.10234375
5 0.83125 0.8484375 0.075 0.09609375
0 0.50625 0.51640625 0.440625 0.38203125
6 0.15078125 0.41015625 0.24375 0.23203125
6 0.32578125 0.2484375 0.2421875 0.1796875
6 0.70625 0.1734375 0.2140625 0.24921875
6 0.51328125 0.103125 0.26953125 0.20625
6 0.7359375 0.03203125 0.19453125 0.06328125
6 0.875 0.02421875 0.11796875 0.0484375
6 0.9578125 0.2453125 0.084375 0.2125
6 0.9390625 0.6375 0.121875 0.25078125
6 0.66484375 0.75859375 0.26328125 0.25703125
6 0.73984375 0.7703125 0.17890625 0.259375
6 0.784375 0.96484375 0.22734375 0.06953125
6 0.509375 0.91328125 0.2859375 0.1734375
6 0.4125 0.94765625 0.2359375 0.1046875
6 0.1734375 0.97109375 0.228125 0.0578125
6 0.2296875 0.80546875 0.29765625 0.2359375
6 0.1015625 0.5703125 0.20234375 0.26484375
6 0.05625 0.3015625 0.1125 0.24375
5 0.17578125 0.28671875 0.084375 0.07734375
5 0.66171875 0.20234375 0.0625 0.0640625
6 0.30625 0.02734375 0.19375 0.0546875
6 0.98125 0.95390625 0.03671875 0.0921875