0 0.5314583333333334 0.5107175925925926 0.4223958333333334 0.4560300925925926
6 0.6349479166666667 0.17727430555555557 0.2947916666666666 0.20520833333333335
6 0.13932291666666669 0.3094733796296296 0.25171875 0.21504050925925924
6 0.23046875 0.5287905092592593 0.24432291666666667 0.23294560185185187
6 0.14973958333333331 0.7468344907407407 0.21333333333333332 0.30689814814814814
6 0.5154166666666666 0.9003501157407406 0.31343750000000004 0.19929976851851877
6 0.7543229166666666 0.8317418981481481 0.22953125000000013 0.2219039351851851
6 0.9333984375 0.8750969328703704 0.133203125 0.24980613425925924
6 0.8513541666666666 0.9840596064814815 0.16260416666666658 0.031880787037037096
6 0.9167447916666667 0.6199479166666666 0.16651041666666658 0.2233564814814816
6 0.7986458333333333 0.3838541666666667 0.22781249999999992 0.23126157407407408
6 0.9522916666666668 0.3898090277777778 0.09541666666666657 0.3008217592592593
6 0.6795312499999999 0.03782986111111111 0.23328124999999994 0.06732060185185186
6 0.45463541666666674 0.026012731481481484 0.22333333333333344 0.04694444444444444
5 0.07088541666666667 0.04425347222222222 0.09151041666666668 0.08423032407407408