0 0.5109375 0.50078125 0.45 0.4109375
6 0.30546875 0.3046875 0.21171875 0.21875
6 0.31484375 0.21484375 0.209375 0.19921875
6 0.44375 0.071875 0.284375 0.14296875
6 0.8609375 0.03984375 0.221875 0.0796875
6 0.865625 0.084375 0.2140625 0.16796875
6 0.7609375 0.29375 0.234375 0.19921875
6 0.92734375 0.26953125 0.1453125 0.2140625
6 0.87578125 0.49453125 0.2484375 0.2203125
6 0.71953125 0.64609375 0.20390625 0.21640625
6 0.86015625 0.8109375 0.21015625 0.2046875
6 0.93984375 0.97109375 0.1203125 0.0578125
6 0.6625 0.85234375 0.225 0.22578125
6 0.5859375 0.95 0.175 0.1
6 0.39609375 0.9015625 0.21796875 0.196875
6 0.446875 0.76875 0.2140625 0.1890625
6 0.23203125 0.9015625 0.1921875 0.196875
6 0.078125 0.79375 0.15625 0.23359375
6 0.27109375 0.65078125 0.190625 0.19453125
6 0.1078125 0.521875 0.2078125 0.21796875
6 0.1046875 0.30546875 0.19296875 0.2046875
6 0.05546875 0.12890625 0.1109375 0.1390625
6 0.0640625 0.0203125 0.128125 0.040625