0 0.50546875 0.525 0.36796875 0.38828125
6 0.253125 0.32109375 0.2421875 0.25859375
6 0.60546875 0.21015625 0.278125 0.23359375
6 0.7890625 0.290625 0.28671875 0.284375
6 0.821875 0.1859375 0.26875 0.24140625
6 0.8640625 0.046875 0.271875 0.09375
6 0.97734375 0.2546875 0.0453125 0.17578125
6 0.85859375 0.72890625 0.26953125 0.2453125
6 0.94921875 0.91328125 0.1015625 0.1515625
6 0.778125 0.9265625 0.25625 0.146875
6 0.52734375 0.8140625 0.234375 0.21640625
6 0.26171875 0.725 0.26953125 0.1984375
6 0.059375 0.66328125 0.11875 0.25859375
6 0.05 0.30390625 0.1 0.4421875
6 0.11640625 0.94453125 0.209375 0.1109375
6 0.3515625 0.9578125 0.2078125 0.084375
5 0.884375 0.55234375 0.0859375 0.08671875