0 0.54125 0.49471064814814814 0.40950231481481475 0.4923553240740741
6 0.8278472222222224 0.6145023148148148 0.2761342592592591 0.24846064814814817
6 0.816880787037037 0.2828414351851852 0.29607060185185186 0.2574305555555555
6 0.8409548611111111 0.10123842592592591 0.21940972222222221 0.1158101851851852
6 0.6526157407407407 0.05892361111111111 0.18409722222222236 0.05063078703703705
6 0.21921296296296297 0.051932870370370365 0.24155092592592595 0.09219907407407406
6 0.042853009259259264 0.04537615740740741 0.08570601851851853 0.09075231481481481
6 0.08938657407407408 0.22181712962962963 0.16957754629629632 0.26629050925925923
6 0.24248263888888885 0.32045717592592593 0.21509837962962966 0.31805555555555554
6 0.09078703703703704 0.639363425925926 0.12583333333333335 0.20372685185185196
6 0.3323784722222222 0.7323437500000001 0.25553240740740735 0.1966145833333332
6 0.10846064814814815 0.8600462962962963 0.1404398148148148 0.24509259259259258
6 0.3925057870370371 0.9159780092592593 0.3069733796296297 0.16804398148148145
6 0.1476736111111111 0.9798828125 0.19581597222222222 0.040234375
6 0.6220486111111111 0.8663368055555555 0.284056712962963 0.2660648148148148