0 0.5175868055555556 0.45597222222222217 0.49182291666666667 0.4643171296296297
6 0.3049942129629629 0.2611226851851852 0.23267939814814814 0.2461921296296296
6 0.31797453703703704 0.16520833333333335 0.22892939814814817 0.2249131944444444
6 0.4570428240740741 0.04322337962962963 0.3046643518518518 0.08644675925925926
6 0.8956655092592593 0.043611111111111114 0.20788773148148146 0.08722222222222223
6 0.7912789351851852 0.22060763888888885 0.25549189814814816 0.22648726851851855
6 0.942042824074074 0.1859375 0.10832175925925931 0.2341435185185185
6 0.8787789351851852 0.4259895833333333 0.22096064814814795 0.24549768518518517
6 0.7356597222222222 0.5974652777777777 0.22399305555555565 0.2425578703703703
6 0.8703877314814814 0.7618344907407408 0.21737268518518532 0.2296875
6 0.9327835648148148 0.9195717592592594 0.07795138888888893 0.051412037037037096
6 0.6682407407407407 0.8198263888888888 0.24695023148148146 0.2540567129629629
6 0.582650462962963 0.9184837962962963 0.1894039351851852 0.10168981481481473
6 0.3818344907407408 0.8789120370370369 0.23618634259259252 0.2066261574074076
6 0.4411921296296296 0.744375 0.23407407407407402 0.21429976851851862
6 0.20839699074074075 0.8891898148148147 0.20962384259259254 0.20505208333333336
6 0.0666087962962963 0.7915567129629629 0.1332175925925926 0.2575115740740742
6 0.25817708333333333 0.6304398148148148 0.20923611111111118 0.21828703703703703
6 0.10046296296296295 0.5015162037037036 0.2009259259259259 0.24696759259259266
6 0.09827546296296297 0.27293402777777775 0.19655092592592593 0.23147569444444444
6 0.05286458333333334 0.08747685185185186 0.10572916666666668 0.1523900462962963