0 0.5078125 0.50546875 0.38125 0.4390625
6 0.3859375 0.18125 0.2734375 0.196875
6 0.88125 0.3140625 0.23671875 0.20625
6 0.8015625 0.525 0.221875 0.22421875
6 0.89453125 0.7375 0.1875 0.29609375
6 0.55 0.89453125 0.28984375 0.21015625
6 0.3125 0.815625 0.209375 0.2140625
6 0.1 0.86796875 0.2 0.2640625
6 0.2296875 0.97421875 0.1546875 0.05078125
6 0.1078125 0.6109375 0.215625 0.21640625
6 0.2390625 0.38046875 0.20625 0.22265625
6 0.0640625 0.3859375 0.128125 0.2921875
6 0.33359375 0.0390625 0.2234375 0.078125
6 0.5515625 0.02890625 0.2140625 0.0578125
5 0.925 0.05625 0.08359375 0.08125