0 0.46171875 0.534375 0.3625 0.33984375
6 0.209375 0.446875 0.22109375 0.1984375
6 0.07109375 0.5984375 0.14140625 0.21796875
6 0.29375 0.7796875 0.2140625 0.18203125
6 0.39921875 0.7921875 0.2140625 0.1859375
6 0.825 0.7609375 0.23515625 0.19453125
6 0.6109375 0.93359375 0.21640625 0.13203125
6 0.934375 0.95078125 0.13125 0.0984375
6 0.72578125 0.46796875 0.2390625 0.2109375
6 0.896875 0.303125 0.20546875 0.2421875
6 0.675 0.25546875 0.23515625 0.2125
6 0.865625 0.10078125 0.25 0.2015625
6 0.4421875 0.1578125 0.20078125 0.2109375
6 0.1359375 0.14765625 0.1984375 0.1640625
6 0.06796875 0.13359375 0.1359375 0.234375
6 0.02109375 0.9 0.0421875 0.16015625
6 0.15546875 0.94609375 0.2046875 0.1078125
6 0.37734375 0.94375 0.20625 0.11171875