0 0.5027604166666666 0.5051678240740741 0.32281250000000006 0.4329456018518519
5 0.31265625 0.5497858796296297 0.11520833333333336 0.10243634259259267
5 0.3341145833333333 0.47351851851851856 0.09729166666666664 0.07929398148148152
6 0.1565625 0.5286805555555556 0.196875 0.19296296296296306
6 0.10811197916666666 0.7044039351851852 0.21622395833333333 0.24660300925925932
6 0.3353645833333333 0.735462962962963 0.2534375000000001 0.21101273148148145
6 0.5873958333333333 0.7794560185185185 0.2548958333333333 0.19780092592592596
6 0.7084374999999999 0.8117361111111112 0.19645833333333335 0.16332175925925937
6 0.6672395833333333 0.23675347222222226 0.24895833333333323 0.24908564814814813
6 0.8189583333333333 0.2533101851851852 0.2307291666666668 0.24464699074074076
6 0.7278645833333334 0.06496527777777777 0.2263020833333332 0.12993055555555555
6 0.48692708333333334 0.061793981481481484 0.26364583333333336 0.12358796296296297
6 0.23442708333333334 0.03232638888888889 0.20145833333333335 0.06465277777777778
6 0.0521875 0.14996527777777777 0.104375 0.20319444444444446
6 0.10798177083333334 0.30647569444444445 0.21596354166666668 0.26162615740740736
6 0.026770833333333334 0.5004050925925926 0.05354166666666667 0.2679398148148149
6 0.3371875 0.28707754629629634 0.25322916666666667 0.19619212962962962
6 0.8808333333333334 0.08851851851851852 0.23833333333333329 0.17703703703703705
6 0.15020833333333333 0.9280787037037037 0.24312499999999998 0.1381944444444443
6 0.08463541666666667 0.9496759259259259 0.16927083333333334 0.10046296296296298
6 0.5181770833333333 0.9639583333333335 0.20484375000000005 0.043495370370370524
6 0.7450520833333334 0.9642534722222222 0.2124479166666667 0.02890625
6 0.9303125000000001 0.8168576388888888 0.03645833333333357 0.1609201388888888
6 0.86109375 0.6271006944444444 0.20661458333333335 0.24549189814814804
6 0.9480729166666666 0.3399305555555555 0.06916666666666664 0.21880787037037042