0 0.475 0.4890625 0.2828125 0.409375
5 0.65546875 0.4515625 0.1046875 0.09609375
5 0.63984375 0.525 0.08828125 0.0734375
6 0.80703125 0.4765625 0.17734375 0.18125
6 0.85546875 0.30859375 0.21953125 0.23125
6 0.621875 0.271875 0.23046875 0.196875
6 0.37578125 0.221875 0.2328125 0.18359375
6 0.25703125 0.1875 0.17890625 0.15234375
6 0.334375 0.74375 0.2234375 0.23359375
6 0.18671875 0.7234375 0.20625 0.2296875
6 0.2875 0.92421875 0.20859375 0.1515625
6 0.5203125 0.93046875 0.24453125 0.13671875
6 0.765625 0.96328125 0.190625 0.0734375
6 0.94453125 0.84609375 0.1109375 0.19296875
6 0.87265625 0.69296875 0.2 0.246875
6 0.95859375 0.5078125 0.0828125 0.25625
6 0.98671875 0.2578125 0.0265625 0.140625
6 0.6484375 0.70546875 0.23125 0.18203125
6 0.1359375 0.89921875 0.221875 0.20078125
6 0.7890625 0.07734375 0.2234375 0.1546875
6 0.88125 0.059375 0.215625 0.11875
6 0.43046875 0.03203125 0.19453125 0.06328125
6 0.2140625 0.025 0.20390625 0.05
6 0.028125 0.17734375 0.05625 0.1546875
6 0.10859375 0.36328125 0.2140625 0.23125
6 0.0140625 0.5140625 0.028125 0.115625
6 0.04296875 0.63828125 0.0859375 0.20859375