0 0.5273784722222222 0.5042013888888889 0.45625 0.3964756944444446
6 0.15390625 0.3897569444444445 0.23312499999999997 0.22293402777777782
6 0.3215451388888889 0.22802083333333334 0.25692708333333325 0.21409722222222224
6 0.06930555555555555 0.08427083333333332 0.1386111111111111 0.16854166666666665
6 0.25833333333333336 0.7198784722222223 0.2696527777777778 0.23701388888888886
6 0.11020833333333332 0.7587326388888889 0.1651388888888889 0.2737152777777778
6 0.07491319444444444 0.9296918402777777 0.07265625 0.14061631944444458
6 0.3234201388888889 0.9331032986111112 0.23657986111111118 0.1337934027777777
6 0.5047395833333332 0.8026215277777778 0.2561458333333334 0.17895833333333327
6 0.6541666666666666 0.9120138888888889 0.26885416666666656 0.17597222222222228
6 0.8140104166666667 0.9735590277777778 0.1171180555555555 0.052881944444444426
6 0.903984375 0.8353645833333333 0.19203125000000015 0.22293402777777765
6 0.9651736111111111 0.9567708333333332 0.06965277777777779 0.08645833333333357
6 0.7229513888888889 0.7075694444444445 0.296232638888889 0.2204340277777778
6 0.8226388888888888 0.4569097222222222 0.19888888888888873 0.1901736111111111
6 0.86 0.2438888888888889 0.2378298611111113 0.2058680555555556
6 0.9576302083333333 0.43989583333333326 0.08473958333333335 0.2935590277777777
6 0.5725347222222222 0.09779513888888888 0.21381944444444442 0.17489583333333333