6 0.5578125 0.2203125 0.2421875 0.21484375
6 0.85234375 0.3921875 0.2234375 0.23125
6 0.76875 0.5609375 0.1640625 0.25546875
6 0.9125 0.721875 0.175 0.1859375
6 0.7828125 0.8953125 0.221875 0.20859375
6 0.965625 0.90546875 0.06875 0.1890625
6 0.55546875 0.83125 0.20078125 0.23984375
6 0.39921875 0.76953125 0.240625 0.22421875
6 0.2546875 0.90234375 0.27890625 0.19453125
6 0.0453125 0.7984375 0.090625 0.215625
6 0.2265625 0.56796875 0.2171875 0.18359375
6 0.096875 0.4140625 0.19296875 0.19296875
6 0.16171875 0.21875 0.1828125 0.20625
6 0.315625 0.0828125 0.23125 0.165625
6 0.9484375 0.0390625 0.103125 0.078125
4 0.50390625 0.51328125 0.36796875 0.375
5 0.31015625 0.21875 0.11484375 0.12578125
5 0.04453125 0.9546875 0.059375 0.06015625