6 0.2650520833333333 0.9650274884259259 0.19848958333333327 0.06994502314814817
6 0.69703125 0.9435677083333334 0.27130208333333333 0.11286458333333335
6 0.8647395833333332 0.9410648148148149 0.22885416666666672 0.11787037037037038
6 0.96703125 0.7975868055555556 0.06593750000000007 0.21883101851851858
6 0.9946354166666665 0.4676851851851852 0.010729166666666855 0.19738425925925931
6 0.9686067708333332 0.19869212962962962 0.06278645833333343 0.24942129629629634
6 0.8870833333333333 0.41664930555555557 0.2107291666666665 0.2107291666666667
6 0.84296875 0.18809606481481483 0.23583333333333342 0.21266203703703704
6 0.6163541666666668 0.10200810185185186 0.24364583333333342 0.18936342592592595
6 0.5346354166666666 0.18743055555555554 0.21062499999999992 0.2325810185185185
6 0.4866666666666667 0.8376388888888888 0.25322916666666656 0.19262731481481482
6 0.2440625 0.7692650462962962 0.2489583333333334 0.21051504629629642
6 0.21984375000000003 0.5113483796296296 0.21729166666666666 0.22721643518518525
6 0.2939583333333334 0.19479166666666664 0.23036458333333334 0.1540451388888889
6 0.2685416666666667 0.08280671296296296 0.21828124999999998 0.1601099537037037
6 0.095 0.3011111111111111 0.165625 0.2365972222222222
6 0.03166666666666666 0.06524884259259259 0.06333333333333332 0.13049768518518517
6 0.08208333333333333 0.5405266203703704 0.1078125 0.23574074074074075
6 0.09927083333333334 0.903125 0.09104166666666665 0.19375
6 0.11479166666666667 0.9601591435185185 0.10609374999999996 0.07968171296296304
6 0.8127604166666668 0.7769097222222221 0.22432291666666657 0.22732060185185182
4 0.5414583333333333 0.5239178240740741 0.5067708333333332 0.42506365740740737