6 0.3078125 0.13984375 0.21015625 0.20625
6 0.64453125 0.1828125 0.18125 0.16171875
6 0.66640625 0.0359375 0.1796875 0.071875
6 0.8703125 0.153125 0.15625 0.1890625
6 0.9375 0.021875 0.12421875 0.04296875
6 0.965625 0.5390625 0.06875 0.14921875
6 0.82890625 0.50390625 0.18359375 0.1890625
6 0.77109375 0.80703125 0.2328125 0.19140625
6 0.9359375 0.92578125 0.128125 0.1484375
6 0.50234375 0.8125 0.18671875 0.19140625
6 0.60234375 0.91640625 0.2046875 0.16640625
6 0.30859375 0.715625 0.2046875 0.19453125
6 0.190625 0.56484375 0.23515625 0.19453125
6 0.1734375 0.88984375 0.19609375 0.19453125
6 0.09921875 0.28671875 0.19609375 0.1875
6 0.021875 0.14140625 0.04375 0.11953125
6 0.03046875 0.4421875 0.0609375 0.140625
6 0.01484375 0.59140625 0.0296875 0.1296875
6 0.03515625 0.95625 0.0703125 0.0875
4 0.5078125 0.51328125 0.42890625 0.45625