6 0.1046875 0.40078125 0.209375 0.2375
6 0.16015625 0.309375 0.21328125 0.2203125
6 0.49765625 0.1984375 0.1796875 0.23125
6 0.78515625 0.3546875 0.2375 0.24375
6 0.94765625 0.44921875 0.1046875 0.2375
6 0.9796875 0.37734375 0.040625 0.165625
6 0.8609375 0.109375 0.18828125 0.2140625
6 0.40546875 0.06015625 0.2140625 0.1203125
6 0.06953125 0.11015625 0.1390625 0.2203125
6 0.371875 0.8953125 0.24375 0.209375
6 0.6328125 0.9078125 0.2390625 0.18046875
6 0.875 0.91015625 0.2328125 0.171875
4 0.503125 0.51015625 0.3875 0.390625