6 0.674068287037037 0.9588831018518519 0.25180555555555556 0.0822337962962962
6 0.22315972222222222 0.9346354166666668 0.19581018518518514 0.13072916666666642
6 0.21046874999999998 0.7741319444444444 0.20984375000000002 0.2051793981481481
6 0.13559606481481484 0.4611111111111111 0.23699652777777777 0.24699074074074084
6 0.15696759259259258 0.16536458333333334 0.19909143518518518 0.21686921296296297
6 0.008969907407407407 0.0787037037037037 0.01789351851851852 0.15428240740740742
6 0.3767361111111111 0.250318287037037 0.20752314814814818 0.20656828703703703
6 0.5594155092592592 0.3075520833333333 0.20347222222222214 0.14383680555555553
6 0.5095428240740741 0.10173611111111111 0.15502314814814824 0.13946759259259262
6 0.7085011574074074 0.1515914351851852 0.19980324074074077 0.21223958333333334
6 0.8677372685185185 0.7861400462962963 0.24260995370370358 0.20448495370370362
6 0.9591550925925926 0.9405960648148148 0.08168981481481481 0.11880787037037024
6 0.8985662615740739 0.5678819444444445 0.20286747685185205 0.19279513888888894
6 0.8965393518518517 0.14913194444444444 0.1821412037037035 0.17893518518518517
4 0.4911979166666667 0.5491030092592593 0.4322627314814815 0.4690393518518519