6 0.9369444444444444 0.08091724537037037 0.12534722222222214 0.16183449074074074
6 0.8742534722222223 0.2498263888888889 0.22218750000000007 0.23370949074074074
6 0.6623611111111112 0.19933449074074075 0.21284722222222213 0.19875578703703703
6 0.4049652777777778 0.12196903935185185 0.2374826388888888 0.2439380787037037
6 0.14857638888888888 0.06579861111111111 0.23409722222222223 0.13159722222222223
6 0.23677083333333332 0.27913773148148147 0.2300694444444445 0.23585069444444445
6 0.14149305555555555 0.4956597222222222 0.21263888888888888 0.22910879629629619
6 0.39196180555555554 0.7644386574074075 0.25934027777777774 0.22867476851851834
6 0.6131423611111111 0.86875 0.2307986111111111 0.18217592592592596
6 0.7869097222222223 0.7258391203703703 0.20581597222222214 0.19823495370370364
6 0.9264930555555555 0.8439814814814814 0.07234375000000029 0.17355324074074083
4 0.47000000000000003 0.4627604166666667 0.43375 0.438599537037037
5 0.4901041666666666 0.02981770833333333 0.08847222222222229 0.05963541666666666
5 0.9665277777777778 0.3286458333333333 0.0360069444444445 0.10934606481481488