6 0.5725462962962963 0.9010026041666667 0.20094328703703698 0.19799479166666673
6 0.7999826388888888 0.7253298611111111 0.20629629629629634 0.22459490740740726
6 0.9568967013888889 0.6377025462962963 0.08620659722222221 0.21575810185185187
6 0.9393561921296296 0.37126736111111114 0.12128761574074076 0.2033159722222222
6 0.9845225694444444 0.15104166666666669 0.03095486111111114 0.16177662037037038
6 0.7814814814814814 0.056134259259259266 0.16686921296296298 0.039878472222222225
6 0.3598090277777778 0.100625 0.2255208333333334 0.15221064814814814
6 0.37791087962962966 0.05784722222222222 0.20190393518518518 0.08619212962962963
6 0.19918402777777777 0.429537037037037 0.18196180555555555 0.21552662037037038
6 0.05754050925925926 0.4588831018518519 0.10435185185185185 0.1935474537037038
6 0.08052083333333333 0.2711574074074074 0.15542245370370372 0.21571180555555552
6 0.2644560185185185 0.9806655092592592 0.13898726851851856 0.038668981481481526
4 0.5055324074074073 0.5047511574074074 0.3906944444444445 0.4464930555555554
5 0.38899884259259265 0.9116724537037036 0.09140625 0.11012731481481489