6 0.3105497685185185 0.08583333333333333 0.21248263888888888 0.1617013888888889
6 0.5421180555555555 0.12223958333333333 0.19286458333333342 0.20812500000000003
6 0.7817939814814815 0.08614583333333334 0.18328703703703705 0.14152777777777775
6 0.9099884259259259 0.08430555555555556 0.18002314814814824 0.13208333333333333
6 0.956574074074074 0.21038194444444444 0.08416666666666686 0.19868055555555558
6 0.8086574074074075 0.2774305555555555 0.22537615740740763 0.1885416666666666
6 0.7616898148148149 0.3881423611111111 0.1961747685185184 0.22069444444444447
6 0.9143692129629629 0.47437500000000005 0.16034722222222228 0.1746006944444444
6 0.9073090277777777 0.6344270833333333 0.1695428240740739 0.2154166666666665
6 0.757650462962963 0.7663020833333334 0.2 0.21531249999999993
6 0.5835648148148149 0.8061979166666667 0.23800347222222235 0.19741319444444444
6 0.33409143518518525 0.8178472222222222 0.19259259259259257 0.24248263888888885
6 0.22010416666666668 0.7574826388888889 0.21659143518518514 0.22817708333333328
6 0.07602141203703704 0.8932291666666667 0.15204282407407407 0.16380208333333357
6 0.11192708333333332 0.9354687500000001 0.1972337962962963 0.12906249999999986
6 0.4072800925925926 0.9888194444444445 0.18481481481481482 0.022361111111111144
6 0.7852488425925926 0.9510199652777779 0.15090856481481474 0.09796006944444428
6 0.893767361111111 0.9043749999999999 0.18591435185185184 0.19125000000000014
6 0.09765335648148148 0.10529513888888889 0.19530671296296295 0.20980902777777777
6 0.3294270833333333 0.28866319444444444 0.202962962962963 0.20444444444444443
6 0.11230324074074075 0.3322916666666667 0.20208333333333334 0.2505034722222222
6 0.06866030092592593 0.3390625 0.13732060185185185 0.23203125
6 0.06813078703703704 0.5984722222222223 0.13626157407407408 0.1860069444444445
4 0.4877199074074074 0.5235069444444445 0.375619212962963 0.41914930555555563