6 0.45753472222222225 0.8422395833333333 0.22920138888888886 0.23418402777777772
6 0.22300347222222222 0.8036631944444445 0.2583506944444444 0.24640625000000008
6 0.10762152777777778 0.6331597222222223 0.21524305555555556 0.24756944444444445
6 0.15836805555555555 0.4043055555555556 0.22914930555555557 0.23184027777777771
6 0.25338541666666664 0.3514409722222222 0.22145833333333337 0.23696180555555557
6 0.11521267361111112 0.1652951388888889 0.23042534722222224 0.2563715277777778
6 0.025060763888888886 0.4544097222222222 0.05012152777777777 0.21663194444444436
6 0.3474131944444444 0.9659461805555555 0.21817708333333333 0.068107638888889
6 0.5437152777777777 0.9964236111111111 0.18812500000000015 0.007152777777777786
6 0.9412847222222223 0.911892361111111 0.08263888888888893 0.17621527777777785
6 0.8638888888888889 0.7500347222222222 0.23383680555555558 0.2671701388888888
6 0.7815277777777778 0.6556597222222222 0.2640104166666667 0.25524305555555565
6 0.9098263888888889 0.26644097222222224 0.1750173611111112 0.21928819444444442
6 0.68453125 0.2697222222222222 0.2343055555555555 0.21802083333333327
6 0.5651215277777778 0.22374999999999998 0.24494791666666665 0.24034722222222218
6 0.6172916666666667 0.093125 0.2685416666666667 0.14305555555555555
6 0.2546701388888889 0.04729166666666666 0.2070486111111111 0.08022569444444445
4 0.47605902777777775 0.5365104166666667 0.38116319444444446 0.4344965277777778