6 0.08671875 0.9116030092592592 0.13572916666666668 0.1712962962962962
6 0.18133680555555556 0.8768229166666668 0.20416666666666666 0.1949074074074076
6 0.3125347222222222 0.9751736111111111 0.13420138888888894 0.03229166666666643
6 0.6029861111111112 0.8862268518518519 0.23222222222222227 0.19282407407407404
6 0.8099652777777777 0.8410300925925925 0.19755208333333343 0.2485243055555557
6 0.9627864583333334 0.7091435185185185 0.07442708333333314 0.21030092592592595
6 0.8284548611111111 0.5823206018518519 0.20265625000000007 0.19719328703703703
6 0.9640711805555554 0.40662615740740743 0.07185763888888914 0.18263888888888893
6 0.94453125 0.13041087962962963 0.1109375 0.26082175925925927
6 0.7660416666666666 0.3422453703703704 0.20263888888888887 0.19641203703703702
6 0.6504861111111111 0.24409722222222224 0.20217013888888893 0.17531828703703703
6 0.7821875 0.09947193287037037 0.17842013888888886 0.19894386574074074
6 0.5730034722222223 0.07724971064814815 0.20772569444444447 0.1544994212962963
6 0.42295138888888884 0.20873842592592595 0.2138020833333334 0.20697337962962958
6 0.18413194444444445 0.22853009259259255 0.23758680555555559 0.2234664351851851
6 0.05197916666666667 0.12239583333333334 0.10065972222222222 0.13877314814814817
6 0.10305555555555554 0.03139467592592592 0.1373611111111111 0.06278935185185185
6 0.22984374999999999 0.039467592592592596 0.1659375 0.07893518518518519
6 0.1054861111111111 0.6653935185185185 0.18029513888888887 0.2096354166666666
6 0.24184027777777778 0.6791087962962964 0.19774305555555555 0.22199074074074082
4 0.511892361111111 0.4814525462962963 0.4944791666666667 0.4375