6 0.7052083333333334 0.1090972222222222 0.2124016203703704 0.19045138888888888
6 0.7189525462962963 0.30354166666666665 0.22173032407407406 0.18930555555555556
6 0.3217071759259259 0.22835069444444445 0.1737962962962963 0.1778125
6 0.11469907407407406 0.34210069444444446 0.20556134259259262 0.2229166666666666
6 0.0646484375 0.07967881944444445 0.129296875 0.1593576388888889
6 0.9508680555555558 0.19180555555555556 0.08999999999999986 0.19359374999999995
6 0.768449074074074 0.6079687500000001 0.21391782407407406 0.18895833333333342
6 0.8292418981481482 0.8471354166666668 0.21681134259259238 0.18128472222222242
6 0.5322685185185185 0.889982638888889 0.21832754629629622 0.17979166666666657
6 0.27277199074074077 0.9319444444444442 0.23368634259259258 0.11883680555555572
6 0.33241898148148147 0.7357986111111111 0.18050925925925929 0.19371527777777775
6 0.12054976851851854 0.6976215277777778 0.1875173611111111 0.19324652777777765
6 0.06377893518518518 0.8919444444444444 0.12755787037037036 0.17704861111111114
4 0.4841956018518518 0.4848437499999999 0.3947974537037037 0.395173611111111