6 0.2 0.4375 0.25859375 0.2734375
6 0.29921875 0.19609375 0.2609375 0.2265625
6 0.33828125 0.0921875 0.24609375 0.184375
6 0.79453125 0.43125 0.20078125 0.21796875
6 0.86328125 0.390625 0.221875 0.19296875
6 0.925 0.30546875 0.15 0.209375
6 0.759375 0.134375 0.30546875 0.19296875
6 0.9390625 0.06640625 0.121875 0.13203125
6 0.73515625 0.684375 0.24375 0.2375
6 0.63984375 0.8921875 0.20703125 0.21171875
6 0.37109375 0.9109375 0.22890625 0.178125
6 0.51796875 0.9734375 0.12578125 0.053125
6 0.0296875 0.53828125 0.059375 0.2046875
4 0.50234375 0.5046875 0.36796875 0.4015625