6 0.9011805555555557 0.9018865740740741 0.11621527777777771 0.09026041666666665
6 0.7262152777777777 0.9114756944444444 0.24756944444444445 0.10038194444444457
6 0.5219444444444444 0.8090393518518517 0.20225694444444448 0.20288773148148137
6 0.3541840277777778 0.8844328703703704 0.1792881944444445 0.1945138888888888
6 0.2594097222222222 0.8604398148148148 0.19151041666666666 0.18900462962962977
6 0.1122873263888889 0.9313715277777778 0.2245746527777778 0.13461805555555556
6 0.05864583333333333 0.8221180555555556 0.11729166666666666 0.19013888888888886
6 0.09670138888888888 0.6293113425925926 0.1875173611111111 0.16928819444444443
6 0.1856423611111111 0.5391087962962964 0.21942708333333333 0.22104745370370366
6 0.18550347222222222 0.40197916666666667 0.1937847222222222 0.18758101851851858
6 0.05992621527777777 0.28678240740740735 0.11985243055555554 0.16388888888888892
6 0.010729166666666666 0.53234375 0.021458333333333333 0.13687500000000002
6 0.2048090277777778 0.17798611111111112 0.2058506944444444 0.16102430555555558
6 0.14939236111111112 0.029907407407407403 0.21371527777777777 0.05981481481481481
6 0.4334722222222222 0.1698900462962963 0.23069444444444454 0.21158564814814812
6 0.6100694444444444 0.06213107638888889 0.16758680555555544 0.12426215277777777
6 0.4450173611111111 0.014542824074074073 0.2412152777777777 0.029085648148148145
6 0.8571875 0.13854745370370372 0.18064236111111107 0.1899189814814815
6 0.874375 0.025713252314814816 0.18402777777777785 0.05142650462962963
6 0.9659895833333334 0.01679976851851852 0.06802083333333328 0.03359953703703704
6 0.9422048611111112 0.1366261574074074 0.10885416666666643 0.24020833333333336
6 0.7886284722222223 0.33117476851851857 0.17012152777777773 0.19864583333333333
6 0.684375 0.27501736111111114 0.23149305555555558 0.19449074074074071
6 0.77828125 0.4938599537037037 0.19277777777777771 0.19998842592592592
6 0.7032291666666667 0.6923263888888889 0.21866319444444446 0.20385995370370366
6 0.8985243055555557 0.7688020833333333 0.13758680555555572 0.20295138888888892
6 0.9351041666666667 0.4892418981481482 0.09079861111111107 0.21965856481481474
4 0.47045138888888893 0.4598958333333334 0.3748090277777777 0.42115740740740754