6 0.13473379629629628 0.6610474537037037 0.24197337962962964 0.23553240740740744
6 0.8627546296296297 0.3795775462962963 0.2417071759259258 0.26043981481481476
6 0.9022337962962963 0.5945370370370371 0.14080439814814802 0.2521238425925926
6 0.8321701388888888 0.7591319444444444 0.19669560185185198 0.18845486111111107
6 0.7020486111111112 0.07842158564814815 0.24429976851851834 0.1568431712962963
6 0.8347106481481482 0.093125 0.2797974537037035 0.18625
6 0.26734375 0.13135995370370374 0.29098958333333325 0.23454282407407406
6 0.13828125 0.05 0.2765625 0.1
6 0.16171296296296295 0.3510243055555555 0.21574652777777778 0.2254108796296296
6 0.008246527777777776 0.6829861111111111 0.016493055555555552 0.19965277777777785
6 0.026393229166666664 0.40347800925925925 0.05278645833333333 0.25945023148148144
6 0.13474537037037038 0.8861342592592593 0.21768518518518518 0.21773726851851868
6 0.2889351851851852 0.8715451388888888 0.2510648148148148 0.2306192129629629
6 0.613917824074074 0.882662037037037 0.2814988425925925 0.17167245370370382
6 0.018668981481481477 0.9210300925925926 0.037337962962962955 0.15793981481481473
6 0.949837962962963 0.15711805555555555 0.09108796296296298 0.25462962962962965
4 0.48224537037037035 0.29776041666666664 0.44751157407407405 0.36921296296296297
2 0.4499826388888889 0.6345775462962961 0.4408854166666666 0.37660879629629634