6 0.5908796296296297 0.8723842592592593 0.24759259259259245 0.2552314814814814
6 0.27295138888888887 0.7132465277777778 0.2511631944444444 0.2440567129629631
6 0.27932291666666664 0.24723379629629633 0.17708912037037033 0.19891203703703705
6 0.21144097222222222 0.09294560185185186 0.2697569444444444 0.18135416666666665
6 0.12486689814814815 0.3636979166666667 0.24234375 0.2812789351851852
6 0.44766203703703705 0.17178819444444443 0.20421296296296293 0.18487847222222223
6 0.6625347222222222 0.23281828703703705 0.22462962962962968 0.19251157407407407
6 0.7401157407407408 0.09299189814814815 0.2646064814814816 0.1499652777777778
6 0.8739814814814816 0.273443287037037 0.20637731481481475 0.22554976851851852
6 0.7865219907407408 0.43171874999999993 0.20252893518518497 0.22934027777777785
6 0.9416044560185185 0.12008101851851852 0.11679108796296304 0.18704282407407408
6 0.025515046296296296 0.0882175925925926 0.05103009259259259 0.1764351851851852
6 0.05101273148148148 0.7550868055555555 0.08287037037037037 0.21720486111111104
6 0.10792824074074074 0.8543865740740741 0.19393518518518515 0.22908564814814839
6 0.4579629629629629 0.9643981481481483 0.2105787037037036 0.07120370370370352
6 0.8108680555555555 0.8627199074074074 0.18614583333333315 0.23041666666666671
6 0.9527256944444445 0.8241724537037036 0.09454861111111086 0.22653935185185184
6 0.8700231481481481 0.6387905092592593 0.21212384259259273 0.2444618055555555
6 0.9499016203703704 0.45151620370370366 0.10019675925925924 0.24372685185185183
4 0.5002372685185186 0.5052314814814814 0.3871296296296297 0.4081712962962962