6 0.19609375 0.51328125 0.1796875 0.221875
6 0.21875 0.415625 0.23671875 0.20703125
6 0.0671875 0.26640625 0.13359375 0.2703125
6 0.2140625 0.06328125 0.221875 0.1265625
6 0.31875 0.075 0.21171875 0.14921875
6 0.6140625 0.18125 0.19609375 0.20703125
6 0.509375 0.1296875 0.23515625 0.19921875
6 0.7734375 0.29921875 0.2390625 0.228125
6 0.9078125 0.1859375 0.18359375 0.25703125
6 0.9265625 0.3875 0.146875 0.25859375
6 0.940625 0.70703125 0.11875 0.2234375
6 0.9078125 0.9 0.18359375 0.2
6 0.34609375 0.8 0.21796875 0.24140625
6 0.11171875 0.7828125 0.215625 0.221875
6 0.1890625 0.9421875 0.2484375 0.115625
6 0.6765625 0.02265625 0.26875 0.0453125
4 0.5078125 0.503125 0.34140625 0.40546875