6 0.7928993055555555 0.4844328703703704 0.2734895833333333 0.3033854166666668
6 0.6953298611111111 0.2267939814814815 0.27475694444444443 0.25512152777777775
6 0.6583854166666667 0.128587962962963 0.2582291666666666 0.17824074074074076
6 0.17741319444444445 0.4325810185185185 0.21284722222222224 0.2419560185185185
6 0.11216145833333332 0.38512731481481477 0.22432291666666665 0.21701388888888892
6 0.06284722222222222 0.2930844907407407 0.12569444444444444 0.2267939814814815
6 0.22019097222222223 0.12743055555555555 0.3208506944444444 0.2234375
6 0.05078125 0.05766782407407407 0.1015625 0.11533564814814815
6 0.2332986111111111 0.6996527777777778 0.2578125 0.2647858796296296
6 0.32781249999999995 0.9019097222222221 0.2172569444444444 0.19618055555555572
6 0.6071006944444445 0.9298032407407408 0.23989583333333328 0.14039351851851833
6 0.4525347222222222 0.9908998842592591 0.13310763888888885 0.018200231481481664
6 0.9624479166666667 0.6018518518518519 0.0563194444444445 0.21788194444444428
4 0.4772743055555556 0.5314814814814814 0.3897222222222222 0.4445891203703704