6 0.30625 0.2625 0.22421875 0.2078125
6 0.73046875 0.34609375 0.15390625 0.171875
6 0.83984375 0.48125 0.1921875 0.21640625
6 0.94453125 0.28359375 0.1109375 0.22890625
6 0.6140625 0.7609375 0.18125 0.18671875
6 0.70546875 0.70390625 0.15390625 0.2078125
6 0.84296875 0.9046875 0.18984375 0.18671875
6 0.6078125 0.93125 0.2203125 0.1375
6 0.403125 0.8234375 0.215625 0.2015625
6 0.21484375 0.76171875 0.16015625 0.1671875
6 0.09765625 0.92109375 0.1921875 0.1578125
6 0.04375 0.74453125 0.0875 0.21015625
6 0.2375 0.41875 0.16640625 0.28203125
6 0.51484375 0.1359375 0.23515625 0.2546875
6 0.7609375 0.19921875 0.1921875 0.203125
6 0.6984375 0.05859375 0.2265625 0.11640625
6 0.1328125 0.10703125 0.18828125 0.2140625
6 0.071875 0.325 0.14296875 0.2609375
6 0.9375 0.775 0.125 0.203125
4 0.50625 0.50703125 0.34921875 0.3453125
5 0.40390625 0.70703125 0.08046875 0.0734375