6 0.46328125 0.16796875 0.21171875 0.1734375
6 0.63359375 0.225 0.29375 0.1875
6 0.8640625 0.1828125 0.19296875 0.2296875
6 0.9625 0.303125 0.075 0.20625
6 0.909375 0.51328125 0.18125 0.20078125
6 0.8640625 0.42265625 0.22890625 0.19140625
6 0.94453125 0.7328125 0.1109375 0.228125
6 0.6671875 0.7171875 0.26328125 0.25546875
6 0.72421875 0.95234375 0.24765625 0.09453125
6 0.62109375 0.92578125 0.2765625 0.1484375
6 0.39375 0.93046875 0.2046875 0.1390625
6 0.19921875 0.95234375 0.1921875 0.09453125
6 0.07890625 0.78984375 0.15703125 0.259375
6 0.1828125 0.5375 0.2 0.2109375
6 0.1125 0.45703125 0.225 0.2421875
6 0.03828125 0.2921875 0.0765625 0.22578125
6 0.16171875 0.04140625 0.2140625 0.0828125
6 0.52890625 0.0875 0.2484375 0.17421875
6 0.7578125 0.04609375 0.22734375 0.0921875
4 0.4921875 0.50234375 0.37265625 0.40703125