6 0.30625 0.15078125 0.18671875 0.19921875
6 0.521875 0.16171875 0.23125 0.2125
6 0.81484375 0.37578125 0.25390625 0.23203125
6 0.1359375 0.44765625 0.25390625 0.2140625
6 0.1625 0.65234375 0.2515625 0.23515625
6 0.12578125 0.89296875 0.2453125 0.2140625
6 0.471875 0.9375 0.22734375 0.125
6 0.78359375 0.93828125 0.25234375 0.1234375
6 0.940625 0.90546875 0.11875 0.1890625
6 0.92265625 0.80390625 0.1546875 0.228125
6 0.73359375 0.746875 0.215625 0.2375
6 0.29765625 0.9640625 0.14296875 0.07109375
6 0.1390625 0.03203125 0.16640625 0.0640625
6 0.34453125 0.0359375 0.17890625 0.071875
6 0.4828125 0.03203125 0.16953125 0.0640625
6 0.77109375 0.05625 0.1984375 0.1125
6 0.91171875 0.153125 0.17578125 0.21015625
6 0.96171875 0.03203125 0.0765625 0.0640625
6 0.06796875 0.22734375 0.1359375 0.25625
4 0.50078125 0.5015625 0.4375 0.415625