6 0.9307508680555555 0.7050520833333334 0.13849826388888892 0.21770833333333323
6 0.8906553819444444 0.7915798611111111 0.2186892361111113 0.22381944444444457
6 0.601388888888889 0.8452256944444445 0.2666145833333335 0.2670659722222222
6 0.7556944444444443 0.9267361111111111 0.17680555555555558 0.08902777777777757
6 0.8854340277777778 0.9233159722222222 0.2165277777777778 0.08532986111111107
6 0.39612847222222225 0.8989236111111112 0.25765625 0.18003472222222214
6 0.15687500000000001 0.8657638888888888 0.2430381944444444 0.22465277777777787
6 0.09645833333333334 0.6455729166666666 0.16942708333333334 0.2486979166666668
6 0.17690972222222223 0.4652604166666666 0.23958333333333331 0.2447916666666668
6 0.04914930555555556 0.4169791666666667 0.08340277777777778 0.2058506944444444
6 0.12083333333333332 0.2644270833333333 0.17807291666666666 0.21630208333333334
6 0.12590277777777778 0.10555121527777778 0.24118055555555556 0.21110243055555555
6 0.4370659722222222 0.07877170138888889 0.24677083333333324 0.15754340277777779
6 0.7847222222222221 0.5790104166666666 0.2514409722222222 0.2515625
6 0.843125 0.35666666666666663 0.2754513888888887 0.24326388888888886
6 0.8928125 0.16442708333333333 0.19960069444444456 0.20164930555555557
6 0.9638411458333334 0.25491319444444444 0.07231770833333329 0.21668402777777773
6 0.71703125 0.1370486111111111 0.24329861111111128 0.23637152777777776
6 0.8434722222222222 0.041410590277777784 0.2283333333333335 0.08282118055555557
6 0.24265625000000002 0.25666666666666665 0.24657986111111113 0.20842013888888894
4 0.5127430555555555 0.4104513888888889 0.3613715277777777 0.4219097222222222