6 0.973292824074074 0.9306770833333335 0.05341435185185191 0.09954861111111128
6 0.9492549189814815 0.8060590277777777 0.10149016203703702 0.23076388888888885
6 0.7919270833333334 0.8345833333333333 0.21050347222222215 0.19888888888888906
6 0.48237847222222224 0.8602430555555556 0.2302372685185185 0.1915277777777778
6 0.4713252314814815 0.9856944444444444 0.16174768518518512 0.014513888888888715
6 0.242505787037037 0.9180034722222221 0.24048032407407405 0.16133680555555543
6 0.11750578703703704 0.7940104166666666 0.13148148148148148 0.1955729166666668
6 0.2999710648148148 0.721875 0.2049768518518519 0.21904513888888885
6 0.13981481481481484 0.55640625 0.21307870370370371 0.22312499999999993
6 0.27314814814814814 0.2646875 0.21889467592592596 0.1858159722222222
6 0.12725694444444444 0.09368489583333334 0.24279513888888887 0.18736979166666667
6 0.48220486111111105 0.04024305555555556 0.19253472222222215 0.08048611111111112
6 0.6786747685185185 0.23532986111111112 0.25515046296296295 0.15932291666666662
6 0.8890625 0.38935763888888886 0.221875 0.21036458333333333
6 0.8583912037037038 0.6226041666666667 0.23914930555555572 0.20654513888888887
6 0.8171296296296298 0.05469618055555555 0.22957175925925952 0.1093923611111111
4 0.5387731481481481 0.4911979166666667 0.4421296296296296 0.4302256944444444