6 0.39973958333333337 0.8207349537037038 0.21531250000000002 0.203125
6 0.6297569444444445 0.7232349537037036 0.21687499999999993 0.20317129629629632
6 0.79875 0.5532754629629629 0.19730902777777767 0.16589699074074069
6 0.8044444444444444 0.35219328703703706 0.19604166666666673 0.21426504629629628
6 0.9499696180555557 0.2867650462962963 0.10006076388888871 0.21638310185185183
6 0.9442230902777778 0.6565972222222222 0.11155381944444435 0.19743055555555564
6 0.8869444444444443 0.8633680555555555 0.1813194444444445 0.21929398148148138
6 0.9786805555555557 0.9181712962962962 0.04263888888888871 0.10810185185185191
6 0.43994791666666666 0.9063194444444445 0.22079861111111115 0.16893518518518533
6 0.1914409722222222 0.6291203703703704 0.20135416666666667 0.2425289351851852
6 0.07335069444444445 0.4864293981481481 0.13034722222222223 0.2443287037037038
6 0.34899305555555554 0.12021412037037035 0.23604166666666676 0.22247685185185184
6 0.8052256944444445 0.04896556712962963 0.23152777777777764 0.09793113425925926
6 0.96328125 0.04252314814814815 0.0734375 0.0850462962962963
6 0.05925347222222223 0.0646484375 0.11848958333333333 0.129296875
6 0.059201388888888894 0.9050925925925926 0.08229166666666668 0.18981481481481488
4 0.5166319444444445 0.4170081018518518 0.40164930555555556 0.4022685185185185