6 0.7703125 0.9492650462962964 0.25 0.10146990740740733
6 0.67734375 0.7651736111111112 0.23671875 0.24003472222222227
6 0.44375 0.8235995370370371 0.20234375 0.2038425925925928
6 0.33203125 0.8594907407407408 0.2078125 0.21247685185185183
6 0.1671875 0.9244560185185187 0.20625 0.15108796296296276
6 0.021875 0.984375 0.04375 0.03125
6 0.121875 0.6798090277777777 0.2171875 0.18364004629629632
6 0.171875 0.5668981481481481 0.23359375 0.23454282407407412
6 0.01875 0.5431076388888889 0.0375 0.23621527777777782
6 0.88125 0.5799652777777778 0.1828125 0.1888541666666665
6 0.74765625 0.3688194444444445 0.21171875 0.19063078703703704
6 0.90390625 0.26216435185185183 0.1921875 0.20845486111111108
6 0.74140625 0.13517939814814814 0.19921875 0.2131944444444444
6 0.5578125 0.07210069444444445 0.203125 0.13744212962962962
6 0.33515625 0.08920138888888889 0.2328125 0.17516203703703703
6 0.32421875 0.27662037037037035 0.228125 0.19856481481481483
6 0.1453125 0.21357638888888886 0.21875 0.1656828703703704
6 0.03046875 0.10335069444444445 0.0609375 0.19029513888888888
6 0.128125 0.028292824074074074 0.22109375 0.056325231481481476
6 0.92734375 0.058431712962962956 0.1453125 0.10420138888888889
6 0.9765625 0.46270254629629626 0.046875 0.15269097222222233
6 0.953125 0.8738657407407407 0.09296875 0.25226851851851856
4 0.48984375 0.49112847222222217 0.38515625 0.3926967592592593
5 0.90078125 0.1074537037037037 0.08046875 0.0716898148148148