6 0.6875 0.29427083333333337 0.23046875 0.2294270833333333
6 0.2515625 0.3511458333333334 0.15859375 0.18791666666666665
6 0.1390625 0.48270833333333335 0.19765625 0.23583333333333326
6 0.04453125 0.27171875 0.08828125 0.24182291666666664
6 0.37109375 0.7864583333333334 0.18671875 0.2046354166666667
6 0.27734375 0.7216145833333334 0.15859375 0.22463541666666664
6 0.1375 0.9075911458333333 0.19453125 0.18481770833333327
6 0.3796875 0.94171875 0.225 0.11656249999999986
6 0.58828125 0.8657812500000001 0.221875 0.22260416666666671
6 0.78203125 0.8154166666666667 0.16484375 0.18364583333333329
6 0.9015625 0.9502083333333333 0.196875 0.09958333333333336
6 0.95703125 0.8083333333333332 0.0859375 0.22135416666666644
6 0.75859375 0.45916666666666667 0.17109375 0.3020312499999999
6 0.47421875 0.15505208333333334 0.23984375 0.2628645833333333
6 0.2203125 0.1975 0.19765625 0.22333333333333333
6 0.2859375 0.0675 0.234375 0.1125
6 0.86953125 0.15562499999999999 0.1953125 0.20833333333333331
6 0.92890625 0.3720833333333333 0.1421875 0.27979166666666677
6 0.0515625 0.77921875 0.103125 0.21703124999999995
4 0.48203125 0.5321354166666666 0.359375 0.3794270833333334
5 0.5875 0.7454166666666666 0.0828125 0.08130208333333329