6 0.22121527777777777 0.9106076388888888 0.2418576388888889 0.17152777777777786
6 0.5701562499999999 0.9177777777777777 0.2580208333333333 0.12619791666666663
6 0.94109375 0.9015798611111112 0.11781250000000014 0.120173611111111
6 0.34727430555555555 0.7415625 0.22907986111111117 0.22871527777777773
6 0.7678993055555555 0.7369444444444445 0.3055902777777778 0.2648958333333333
6 0.8644270833333334 0.6818229166666667 0.2517534722222223 0.265625
6 0.7352777777777778 0.21913194444444445 0.25581597222222213 0.20258680555555558
6 0.867326388888889 0.23194444444444445 0.265347222222222 0.2812326388888889
6 0.9359375 0.040781250000000005 0.128125 0.08156250000000001
6 0.3339930555555556 0.04886284722222222 0.2843923611111111 0.09772569444444444
6 0.0853125 0.0421875 0.170625 0.084375
6 0.042881944444444445 0.24052083333333335 0.08152777777777778 0.2970833333333333
6 0.04352430555555556 0.5157638888888889 0.06904513888888889 0.2270659722222222
6 0.14390624999999999 0.38774305555555555 0.2087152777777778 0.26059027777777766
6 0.3565277777777778 0.2430034722222222 0.2852951388888889 0.3350173611111111
6 0.22734375 0.20104166666666665 0.1710243055555556 0.21520833333333336
6 0.06916666666666667 0.7547048611111111 0.1098611111111111 0.23746527777777776
4 0.5369444444444444 0.47897569444444443 0.3407638888888888 0.40772569444444445