6 0.07890625 0.08046875 0.1546875 0.15859375
6 0.2125 0.16953125 0.2078125 0.20703125
6 0.42109375 0.18125 0.2390625 0.19921875
6 0.575 0.11484375 0.24765625 0.2296875
6 0.71640625 0.325 0.2390625 0.28359375
6 0.90859375 0.315625 0.1828125 0.1953125
6 0.89453125 0.53984375 0.2078125 0.20859375
6 0.6875 0.03046875 0.203125 0.0609375
6 0.90859375 0.0296875 0.16640625 0.05625
6 0.94765625 0.159375 0.1046875 0.16953125
6 0.96640625 0.7609375 0.0671875 0.18125
6 0.96875 0.94453125 0.0625 0.1109375
6 0.64140625 0.79609375 0.24609375 0.18984375
6 0.8203125 0.921875 0.21171875 0.15546875
6 0.47265625 0.9046875 0.2015625 0.190625
6 0.2984375 0.9734375 0.17890625 0.053125
6 0.1171875 0.91640625 0.203125 0.1671875
6 0.1671875 0.35234375 0.21015625 0.196875
6 0.23515625 0.57265625 0.18125 0.30703125
6 0.0875 0.55 0.153125 0.24296875
6 0.06875 0.37109375 0.1375 0.15703125
4 0.49765625 0.503125 0.47734375 0.45546875