6 0.7597916666666666 0.0020428240740740745 0.17416666666666672 0.004085648148148149
6 0.4611168981481482 0.069453125 0.2832349537037036 0.13890625
6 0.3754050925925926 0.09544126157407408 0.2257118055555556 0.19088252314814816
6 0.11983217592592592 0.06921151620370371 0.22045138888888888 0.13842303240740741
6 0.2249884259259259 0.2979976851851852 0.2343865740740741 0.19941550925925924
6 0.02310474537037037 0.3284664351851852 0.04620949074074074 0.1508796296296296
6 0.050276331018518514 0.569386574074074 0.10055266203703703 0.19950810185185192
6 0.1534201388888889 0.8501967592592592 0.23405092592592594 0.20799768518518533
6 0.07854166666666666 0.9274131944444445 0.15708333333333332 0.145173611111111
6 0.6215798611111112 0.8245254629629629 0.245775462962963 0.25344907407407397
6 0.43701388888888887 0.9513831018518519 0.23085648148148152 0.08616898148148167
6 0.34307291666666667 0.7607349537037037 0.19653935185185195 0.2222743055555556
6 0.7401967592592593 0.5995023148148148 0.24402777777777765 0.1745775462962964
6 0.7861863425925926 0.46532986111111113 0.25229745370370366 0.2738425925925926
6 0.869820601851852 0.8848611111111111 0.17771990740740762 0.2056018518518517
6 0.9303472222222222 0.6208854166666666 0.08372685185185169 0.19952546296296295
6 0.9342708333333334 0.27421875 0.11152777777777771 0.19369212962962967
6 0.783275462962963 0.1601388888888889 0.22134837962962947 0.20390625
4 0.47185185185185186 0.49028356481481483 0.45521412037037035 0.438443287037037