6 0.50625 0.09765625 0.2265625 0.1953125
6 0.77265625 0.10859375 0.17734375 0.16953125
6 0.72265625 0.30625 0.215625 0.18984375
6 0.84609375 0.70625 0.2078125 0.253125
6 0.98515625 0.684375 0.02890625 0.125
6 0.53046875 0.97890625 0.1640625 0.0421875
6 0.3640625 0.721875 0.2 0.171875
6 0.23828125 0.8484375 0.175 0.14140625
6 0.1109375 0.9546875 0.221875 0.090625
6 0.0671875 0.5921875 0.134375 0.19375
6 0.22890625 0.1390625 0.20078125 0.2125
6 0.053125 0.0625 0.10546875 0.125
4 0.50625 0.50078125 0.34921875 0.31640625
5 0.078125 0.20234375 0.06640625 0.09453125
5 0.2984375 0.03046875 0.0859375 0.06015625
5 0.90703125 0.0390625 0.0859375 0.078125