6 0.6853645833333333 0.12345486111111112 0.21876736111111122 0.21649884259259258
6 0.33725694444444443 0.17314814814814813 0.18873842592592602 0.16996527777777776
6 0.3150752314814815 0.029609375 0.187181712962963 0.05921875
6 0.1034375 0.14614004629629632 0.1631712962962963 0.19848958333333333
6 0.04933449074074074 0.015622106481481482 0.09788773148148147 0.031244212962962963
6 0.024357638888888887 0.545792824074074 0.040983796296296296 0.15449652777777773
6 0.14909722222222221 0.5087847222222223 0.1912962962962963 0.19890624999999992
6 0.2115798611111111 0.8219560185185186 0.24209490740740733 0.20200231481481482
6 0.05848958333333333 0.9343923611111112 0.10408564814814814 0.13121527777777758
6 0.48975115740740743 0.8240856481481481 0.19443865740740734 0.20129629629629625
6 0.38888888888888895 0.9201215277777777 0.21359953703703702 0.15158564814814818
6 0.6890046296296296 0.7203414351851852 0.2132118055555555 0.2046990740740741
6 0.8097222222222223 0.5622858796296296 0.2452430555555555 0.20517361111111115
6 0.831695601851852 0.8916840277777778 0.20219907407407406 0.1943807870370371
6 0.9014800347222222 0.2725925925925926 0.19703993055555563 0.19747106481481486
6 0.9801475694444445 0.1182986111111111 0.039704861111111 0.12324652777777781
6 0.9724696180555554 0.4301446759259259 0.05506076388888914 0.14695023148148145
6 0.9888932291666667 0.5869444444444445 0.022213541666666715 0.1347569444444444
6 0.9690856481481482 0.9528819444444444 0.061828703703703525 0.06664351851851862
4 0.4811979166666667 0.5132407407407408 0.4472569444444446 0.48001157407407397