6 0.5519560185185185 0.14832175925925925 0.28980902777777795 0.2657118055555555
6 0.7750231481481482 0.1043402777777778 0.26801504629629636 0.16119791666666666
6 0.8885358796296297 0.39265046296296297 0.2229282407407407 0.2419560185185185
6 0.8028124999999999 0.7455439814814815 0.22930555555555543 0.28686342592592595
6 0.849212962962963 0.617824074074074 0.19080439814814837 0.2511284722222221
6 0.9765610532407407 0.5958912037037037 0.046877893518518475 0.2190104166666666
6 0.9457465277777779 0.840625 0.10850694444444428 0.258449074074074
6 0.838119212962963 0.95859375 0.23371527777777779 0.0828125
6 0.5954976851851852 0.930447048611111 0.2619270833333335 0.13910590277777785
6 0.36015625 0.9530309606481481 0.23647569444444444 0.09393807870370381
6 0.32286458333333334 0.7979456018518519 0.2662384259259259 0.2773148148148149
6 0.1455787037037037 0.9242259837962962 0.20239004629629628 0.1515480324074076
6 0.13828703703703704 0.6819444444444445 0.22010416666666668 0.27482638888888894
6 0.14888310185185186 0.5404224537037037 0.25149884259259264 0.2486979166666668
6 0.07462962962962963 0.26631944444444444 0.1338946759259259 0.25135995370370373
6 0.08648726851851851 0.08897569444444445 0.17293402777777778 0.17717013888888888
6 0.30939814814814814 0.08709490740740741 0.26801504629629636 0.16119791666666666
6 0.965625 0.12013888888888888 0.06875 0.17129629629629628
4 0.5283217592592593 0.5045717592592592 0.49262152777777785 0.46270254629629637