6 0.3419444444444445 0.07938512731481481 0.2403125 0.15877025462962963
6 0.7502604166666667 0.1528935185185185 0.26338541666666676 0.21945601851851854
6 0.9183159722222222 0.1816435185185185 0.15989583333333357 0.23666666666666664
6 0.8413888888888887 0.03078125 0.2937847222222224 0.0615625
6 0.81125 0.50109375 0.24776041666666657 0.21922453703703706
6 0.9774479166666665 0.5431481481481482 0.024288194444444144 0.1792071759259258
6 0.9053819444444444 0.6933854166666666 0.16262152777777777 0.21874421296296304
6 0.7252951388888889 0.7491608796296296 0.2330208333333335 0.25883680555555555
6 0.9293576388888889 0.9148321759259259 0.10236111111111121 0.14287615740740733
6 0.43937499999999996 0.8931944444444444 0.22083333333333338 0.20242476851851876
6 0.23152777777777778 0.8275462962962962 0.1818402777777778 0.20497106481481495
6 0.14638888888888887 0.511724537037037 0.26421875 0.25695601851851857
6 0.010607638888888889 0.8255034722222222 0.021215277777777777 0.18649305555555565
6 0.08074652777777777 0.9431886574074074 0.16149305555555554 0.11362268518518519
6 0.05501736111111111 0.16714699074074074 0.11003472222222221 0.25633101851851847
6 0.11340277777777778 0.09965133101851852 0.1942708333333333 0.19930266203703703
6 0.01328125 0.02734375 0.0265625 0.0546875
4 0.4920833333333333 0.4894212962962963 0.42342013888888896 0.6380960648148148