6 0.2234722222222222 0.5015625 0.1995486111111111 0.2296875
6 0.2416724537037037 0.4 0.2580439814814815 0.21484375
6 0.07924189814814815 0.24296875 0.14626157407407409 0.2796875
6 0.21546296296296297 0.05 0.23561342592592593 0.1
6 0.3224074074074074 0.06171875 0.22601851851851854 0.12265625
6 0.6358217592592592 0.15625 0.2150752314814815 0.21484375
6 0.5217361111111112 0.103125 0.256707175925926 0.20546875
6 0.8079340277777778 0.27890625 0.26168402777777794 0.23671875
6 0.9173654513888888 0.16015625 0.16526909722222244 0.26875
6 0.9436631944444445 0.36875 0.11267361111111107 0.26875
6 0.9683376736111111 0.7015625 0.06332465277777785 0.23125
6 0.940212673611111 0.8984375 0.11957465277777786 0.203125
6 0.39653356481481483 0.7984375 0.24059606481481488 0.25
6 0.15553240740740742 0.77890625 0.2324537037037037 0.23125
6 0.24094328703703702 0.94140625 0.26241319444444444 0.1171875
6 0.6902604166666666 0.00703125 0.2766145833333333 0.0140625
4 0.5462615740740742 0.490625 0.37803240740740734 0.4203125