6 0.7069791666666667 0.178125 0.2766840277777778 0.2515625
6 0.8795138888888889 0.359375 0.23062499999999986 0.253125
6 0.39190972222222226 0.82109375 0.2944097222222222 0.240625
6 0.6519270833333334 0.89765625 0.26625 0.20390625
6 0.9127256944444444 0.90390625 0.137864583333333 0.1921875
6 0.1034548611111111 0.7296875 0.2069097222222222 0.253125
6 0.13685763888888888 0.415625 0.22152777777777782 0.265625
6 0.2654166666666667 0.2203125 0.24675347222222221 0.20546875
6 0.48152777777777783 0.0578125 0.25255208333333334 0.11484375
6 0.1449826388888889 0.05 0.2787847222222222 0.1
6 0.02890625 0.1203125 0.0578125 0.240625
6 0.0054296875000000005 0.38828125 0.010859375000000001 0.20703125
4 0.4765451388888889 0.49296875 0.4761631944444444 0.4390625