6 0.7640625 0.9408333333333333 0.2625 0.09020833333333336
6 0.2375 0.9259722222222223 0.24296875 0.14289930555555586
6 0.28203125 0.7210763888888889 0.18828125 0.20184027777777783
6 0.0765625 0.6850173611111112 0.15234375 0.1861979166666668
6 0.1765625 0.47498263888888886 0.1828125 0.25250000000000006
6 0.0328125 0.29302083333333334 0.06484375 0.1951909722222222
6 0.16953125 0.2071701388888889 0.20546875 0.2069097222222222
6 0.08359375 0.03515190972222222 0.16640625 0.07030381944444444
6 0.5265625 0.07807725694444444 0.20078125 0.15615451388888887
6 0.74609375 0.17638888888888887 0.19765625 0.23564236111111114
6 0.921875 0.058576388888888886 0.153125 0.11715277777777777
6 0.93515625 0.2534375 0.12890625 0.2434895833333334
6 0.9484375 0.4968923611111111 0.103125 0.21322916666666672
6 0.7265625 0.6830729166666667 0.2109375 0.1796875
6 0.93359375 0.8558159722222222 0.1328125 0.24982638888888892
4 0.48515625 0.44078125 0.40859375 0.45751736111111113
5 0.48515625 0.874375 0.08359375 0.07920138888888886