6 0.2109375 0.32890625 0.215625 0.20859375
6 0.50625 0.15 0.21015625 0.23203125
6 0.74375 0.27578125 0.225 0.18203125
6 0.8015625 0.17421875 0.1875 0.2109375
6 0.953125 0.25859375 0.09375 0.22578125
6 0.8953125 0.48828125 0.209375 0.21796875
6 0.78203125 0.6421875 0.19296875 0.2140625
6 0.8765625 0.859375 0.234375 0.22265625
6 0.9546875 0.6890625 0.08984375 0.20859375
6 0.6640625 0.91484375 0.221875 0.16953125
6 0.44296875 0.82890625 0.23515625 0.24140625
6 0.36015625 0.9296875 0.19609375 0.140625
6 0.225 0.78828125 0.1984375 0.22265625
6 0.14765625 0.9546875 0.24765625 0.090625
6 0.02578125 0.9 0.0515625 0.196875
6 0.0515625 0.65625 0.103125 0.24765625
6 0.1734375 0.55 0.19296875 0.23515625
6 0.05390625 0.39140625 0.1078125 0.2234375
6 0.1171875 0.14296875 0.234375 0.20703125
6 0.84921875 0.02890625 0.2140625 0.0578125
4 0.50625 0.496875 0.41015625 0.415625
5 0.6921875 0.065625 0.10078125 0.12890625