6 0.5484375 0.13984375 0.27109375 0.2546875
6 0.76953125 0.08125 0.2546875 0.1625
6 0.87421875 0.36640625 0.221875 0.22890625
6 0.7640625 0.7171875 0.21171875 0.2734375
6 0.81640625 0.58984375 0.175 0.2390625
6 0.9625 0.56484375 0.075 0.2140625
6 0.92734375 0.80625 0.1453125 0.24765625
6 0.7890625 0.94453125 0.225 0.1109375
6 0.55234375 0.92265625 0.25 0.1546875
6 0.31796875 0.94765625 0.2265625 0.1046875
6 0.28828125 0.7859375 0.24765625 0.2625
6 0.10625 0.9234375 0.196875 0.153125
6 0.1078125 0.68046875 0.215625 0.2625
6 0.13046875 0.5390625 0.23515625 0.23515625
6 0.06640625 0.2734375 0.1328125 0.24140625
6 0.08671875 0.0921875 0.1734375 0.184375
6 0.3125 0.08125 0.253125 0.1625
6 0.96484375 0.08984375 0.0703125 0.1796875
4 0.50625 0.48984375 0.46171875 0.43671875