6 0.6802604166666667 0.8776533564814815 0.24937499999999985 0.24469328703703716
6 0.39880208333333333 0.8049016203703705 0.22703124999999993 0.25468171296296305
6 0.16489583333333332 0.4470949074074074 0.2229166666666667 0.2632407407407408
6 0.07906250000000001 0.42459490740740746 0.11812500000000001 0.2491898148148149
6 0.2996354166666667 0.2544386574074074 0.25359375 0.25487847222222226
6 0.09723958333333334 0.12331597222222221 0.19223958333333332 0.21303819444444444
6 0.43838541666666664 0.1922164351851852 0.24333333333333335 0.20638888888888887
6 0.29208333333333336 0.07087962962962963 0.24510416666666668 0.13924768518518518
6 0.5169791666666667 0.024131944444444445 0.20109375000000007 0.0413136574074074
6 0.8391666666666666 0.11319444444444444 0.29317708333333314 0.21612847222222223
6 0.9044140625000001 0.32227430555555553 0.19117187499999985 0.23901041666666673
6 0.8333854166666667 0.40129050925925924 0.2789583333333333 0.23710648148148153
6 0.8360937500000001 0.7230266203703704 0.2699999999999999 0.20814814814814825
6 0.9360937500000001 0.7950520833333334 0.12781249999999994 0.2559606481481481
6 0.16072916666666667 0.7008449074074073 0.24562499999999998 0.26418981481481474
6 0.18421875 0.9234375 0.2555208333333333 0.153125
6 0.15651041666666668 0.988498263888889 0.17104166666666668 0.023003472222222144
4 0.5273958333333333 0.5083449074074073 0.45734375000000005 0.4414525462962963