6 0.05223958333333334 0.99453125 0.10447916666666668 0.0109375
6 0.11015625 0.8836805555555556 0.2203125 0.18220486111111106
6 0.21875 0.7216435185185185 0.21376736111111114 0.2369791666666668
6 0.04543836805555555 0.6667824074074075 0.0908767361111111 0.23741319444444448
6 0.09148437499999999 0.3472511574074074 0.18296874999999999 0.20842013888888883
6 0.3029340277777778 0.25601851851851853 0.19253472222222223 0.19725115740740745
6 0.5168402777777777 0.1519386574074074 0.21057291666666664 0.20014467592592594
6 0.7718576388888888 0.28683449074074074 0.19513888888888892 0.22080439814814817
6 0.9104513888888889 0.5016782407407407 0.14937499999999987 0.2072916666666666
6 0.9629687499999999 0.1842013888888889 0.07142361111111128 0.17037037037037037
6 0.7498958333333334 0.09317129629629631 0.24782986111111108 0.09233217592592591
6 0.2778298611111111 0.04487847222222222 0.2209027777777778 0.0646412037037037
6 0.053125 0.025810185185185186 0.10625 0.05162037037037037
6 0.6726909722222223 0.8250289351851852 0.20635416666666656 0.19282407407407404
6 0.8659895833333333 0.7437210648148148 0.21746527777777763 0.2325810185185185
6 0.6904513888888888 0.9762152777777778 0.2229166666666666 0.04756944444444429
4 0.47177083333333336 0.5311053240740741 0.45414930555555555 0.4946180555555557
5 0.6580555555555556 0.3607060185185185 0.08446180555555553 0.09580439814814809