6 0.7597164351851852 0.5875 0.2347164351851852 0.25625
6 0.7705266203703703 0.35234375 0.19637152777777783 0.215625
6 0.70859375 0.10546875 0.2737094907407407 0.20234375
6 0.35900462962962965 0.2171875 0.2394444444444445 0.24375
6 0.15024884259259258 0.1671875 0.2307523148148148 0.22890625
6 0.2046585648148148 0.48828125 0.22836226851851843 0.33359375
6 0.09399884259259259 0.44921875 0.18799768518518517 0.2296875
6 0.07891203703703704 0.29921875 0.1578240740740741 0.2296875
6 0.3366550925925926 0.040625 0.2367997685185185 0.08046875
6 0.8634027777777777 0.0375 0.21694444444444444 0.075
6 0.9693171296296296 0.06953125 0.0613657407407409 0.1390625
6 0.9292476851851852 0.27109375 0.12225115740740726 0.23046875
6 0.36333333333333334 0.8296875 0.24370949074074072 0.2234375
6 0.316556712962963 0.9203125 0.26721064814814816 0.15859375
6 0.13172453703703704 0.809375 0.21894675925925927 0.240625
6 0.05218894675925926 0.65390625 0.10437789351851852 0.203125
6 0.029837962962962965 0.8875 0.05967592592592593 0.203125
6 0.8381655092592594 0.8984375 0.22922453703703702 0.203125
4 0.46196180555555555 0.496875 0.3729456018518519 0.34765625