6 0.19609375 0.32421875 0.1984375 0.21015625
6 0.22421875 0.5234375 0.1921875 0.18125
6 0.403125 0.7234375 0.21328125 0.17734375
6 0.678125 0.75859375 0.23671875 0.1984375
6 0.53046875 0.88515625 0.225 0.18125
6 0.54609375 0.78671875 0.1984375 0.16640625
6 0.71328125 0.5046875 0.2390625 0.38984375
6 0.903125 0.4890625 0.18359375 0.21015625
6 0.9 0.41484375 0.2 0.20234375
6 0.93515625 0.21171875 0.1296875 0.25859375
6 0.23515625 0.87421875 0.22734375 0.20078125
6 0.315625 0.88984375 0.190625 0.2203125
6 0.86328125 0.95078125 0.2140625 0.0984375
6 0.109375 0.96328125 0.18125 0.0734375
6 0.04140625 0.0859375 0.0828125 0.171875
4 0.5046875 0.5296875 0.303125 0.28828125
5 0.3421875 0.3671875 0.1046875 0.1125