6 0.25390625 0.31015625 0.24765625 0.24375
6 0.5015625 0.12421875 0.353125 0.24765625
6 0.78828125 0.12265625 0.221875 0.2328125
6 0.94453125 0.075 0.1078125 0.15
6 0.95234375 0.3953125 0.0953125 0.2125
6 0.76484375 0.79140625 0.18828125 0.2734375
6 0.81484375 0.88125 0.215625 0.2375
6 0.965625 0.8421875 0.06875 0.24375
6 0.5484375 0.8203125 0.25390625 0.2546875
6 0.34296875 0.91328125 0.20703125 0.1734375
6 0.2375 0.725 0.26953125 0.24609375
6 0.0671875 0.8421875 0.134375 0.290625
6 0.04140625 0.1375 0.0828125 0.23125
4 0.509375 0.50078125 0.34375 0.36328125