6 0.6625 0.19328125 0.23107638888888893 0.19844328703703704
6 0.23310185185185187 0.14199652777777777 0.20737847222222222 0.19002314814814816
6 0.14059606481481482 0.35026620370370376 0.22858796296296294 0.17335069444444445
6 0.03883101851851852 0.18169560185185185 0.07118055555555555 0.1959837962962963
6 0.06498842592592594 0.6554050925925926 0.08958333333333335 0.22981481481481475
6 0.2190104166666667 0.7551099537037037 0.22832754629629637 0.22946180555555545
6 0.415625 0.8843923611111112 0.20766782407407405 0.19783564814814839
6 0.1607060185185185 0.9777951388888889 0.15578703703703703 0.0388541666666665
6 0.8350694444444444 0.3709664351851852 0.23952546296296298 0.19504629629629627
6 0.9281611689814815 0.16559027777777777 0.14367766203703702 0.23420717592592594
6 0.9750651041666668 0.4442476851851852 0.04986979166666643 0.15623263888888878
6 0.9912037037037038 0.8695659722222222 0.017592592592592382 0.10765046296296284
6 0.880787037037037 0.7597395833333334 0.23515625 0.22440972222222227
4 0.5017939814814815 0.48388888888888887 0.409056712962963 0.4366145833333334
5 0.6926215277777777 0.7951620370370371 0.09380787037037042 0.09130787037037039