6 0.05078125 0.04137731481481481 0.1015625 0.08275462962962962
6 0.22125 0.045474537037037036 0.24734375000000003 0.08802083333333334
6 0.4297164351851852 0.16265046296296296 0.19817129629629626 0.1958622685185185
6 0.5963020833333333 0.10026041666666667 0.17536458333333335 0.18537037037037035
6 0.6919791666666667 0.12980902777777775 0.18702546296296294 0.1816377314814815
6 0.8491203703703704 0.07196759259259258 0.24471643518518532 0.12156828703703704
6 0.9193171296296295 0.1863136574074074 0.158958333333333 0.1851273148148148
6 0.8633796296296297 0.3753703703703704 0.18361111111111122 0.1620601851851852
6 0.7761689814814814 0.4600347222222222 0.21405092592592592 0.21328125
6 0.7811631944444445 0.5976388888888889 0.18935763888888885 0.1808912037037036
6 0.9214988425925925 0.7247453703703703 0.1382638888888888 0.15904513888888908
6 0.9688715277777777 0.4808622685185185 0.04965856481481481 0.13586226851851854
6 0.768443287037037 0.82328125 0.2030034722222222 0.1529745370370371
6 0.8285937499999999 0.9757725694444446 0.21259837962962963 0.04845486111111086
6 0.5372858796296296 0.8136053240740739 0.22638888888888892 0.20252893518518533
6 0.3630439814814815 0.9180787037037037 0.1644560185185185 0.13443865740740754
6 0.5323958333333334 0.9805063657407407 0.2405150462962963 0.038987268518518546
6 0.11141203703703703 0.8135474537037037 0.1761111111111111 0.18303819444444436
6 0.0991724537037037 0.9525144675925926 0.18188078703703703 0.0949710648148148
6 0.01980324074074074 0.9558622685185185 0.03960648148148148 0.08672453703703695
6 0.038628472222222224 0.8100231481481481 0.07725694444444445 0.23723379629629626
6 0.17517361111111113 0.6238252314814815 0.16531250000000003 0.19225115740740756
6 0.2820486111111111 0.6887037037037037 0.22769675925925928 0.18536458333333333
6 0.18070601851851853 0.4613715277777778 0.18875000000000003 0.1925983796296297
6 0.250005787037037 0.2670428240740741 0.21379629629629626 0.19609375
6 0.058813657407407405 0.17509837962962962 0.11762731481481481 0.19863425925925923
6 0.03259548611111111 0.45442708333333337 0.06519097222222223 0.2174479166666668
4 0.4916493055555556 0.5183333333333333 0.3653356481481481 0.40766782407407404