6 0.3449710648148148 0.08182146990740741 0.23581597222222223 0.16364293981481481
6 0.7414583333333333 0.1274884259259259 0.2578125 0.22957175925925927
6 0.9108912037037037 0.14456018518518515 0.17238425925925932 0.2403935185185185
6 0.8306423611111111 0.021129918981481477 0.2871296296296297 0.042259837962962954
6 0.7977488425925927 0.4639756944444445 0.2421875 0.2284143518518519
6 0.9659837962962964 0.49516782407407406 0.039560185185185046 0.1775462962962962
6 0.8945138888888888 0.6446759259259259 0.17504629629629634 0.225
6 0.7132523148148148 0.711111111111111 0.22850115740740745 0.26637731481481486
6 0.9169618055555556 0.8605034722222221 0.11503472222222229 0.14649884259259238
6 0.4334201388888889 0.8682581018518519 0.21592013888888886 0.21009837962962977
6 0.23228587962962965 0.8161168981481481 0.17851273148148153 0.2104456018518519
6 0.15160879629629628 0.5133969907407407 0.25890046296296293 0.2662905092592592
6 0.014619502314814814 0.8285590277777779 0.02923900462962963 0.18423032407407405
6 0.08208912037037037 0.9390335648148149 0.16417824074074075 0.12115162037037024
6 0.06001157407407407 0.18220486111111112 0.12002314814814814 0.2574652777777778
6 0.12479166666666666 0.10826822916666667 0.19225694444444447 0.21653645833333335
6 0.01953125 0.03828125 0.0390625 0.0765625
4 0.4880555555555556 0.4713252314814815 0.41594328703703703 0.6466435185185185