6 0.38818287037037036 0.9294444444444444 0.22340277777777776 0.1344444444444445
6 0.6382523148148148 0.979693287037037 0.15529513888888893 0.02571759259259281
6 0.6931828703703704 0.7982523148148148 0.21719328703703694 0.22723958333333344
6 0.8496759259259259 0.8264293981481481 0.254224537037037 0.206712962962963
6 0.986574074074074 0.8919907407407408 0.026851851851851904 0.18861111111111092
6 0.9650983796296296 0.38816550925925924 0.0698032407407407 0.2614293981481481
6 0.9922916666666666 0.13923032407407407 0.015416666666666856 0.19559027777777774
6 0.8670949074074074 0.09831886574074075 0.22559606481481467 0.1966377314814815
6 0.4927141203703703 0.14674189814814814 0.22031828703703696 0.22728587962962962
6 0.6191840277777778 0.14330439814814816 0.21520254629629623 0.19364583333333335
6 0.23346064814814813 0.2186111111111111 0.2502256944444444 0.20509259259259255
6 0.05492476851851852 0.12195023148148147 0.10666087962962963 0.20608796296296297
6 0.2569618055555556 0.5756076388888889 0.19471643518518517 0.2167592592592591
6 0.07725694444444445 0.8550752314814816 0.059513888888888866 0.10859953703703695
6 0.09204861111111111 0.6296585648148149 0.12516203703703704 0.2680266203703702
4 0.5503935185185186 0.47351851851851856 0.42789351851851853 0.4239409722222224
5 0.09012152777777778 0.32004050925925925 0.0725173611111111 0.10410879629629628