6 0.48984375 0.8756597222222222 0.22890625 0.20418981481481496
6 0.2171875 0.8824421296296296 0.18046875 0.18335069444444443
6 0.26796875 0.6770891203703704 0.21953125 0.2067592592592593
6 0.14296875 0.2766840277777778 0.2109375 0.2703125
6 0.00859375 0.30964699074074076 0.0171875 0.12758101851851852
6 0.46484375 0.004317129629629631 0.16640625 0.008634259259259262
6 0.63203125 0.2320775462962963 0.203125 0.18703703703703703
6 0.7609375 0.0947511574074074 0.17734375 0.15504050925925927
6 0.88828125 0.016834490740740744 0.2234375 0.03366898148148149
6 0.93359375 0.3462384259259259 0.1328125 0.20474537037037033
6 0.7703125 0.8184143518518517 0.2046875 0.22853587962962968
6 0.94765625 0.8836863425925927 0.1046875 0.12651620370370367
4 0.4875 0.466423611111111 0.35546875 0.3437210648148149
5 0.9234375 0.7452777777777777 0.0671875 0.10007523148148145
5 0.70234375 0.9318171296296296 0.0875 0.05831018518518505
5 0.08046875 0.9585127314814816 0.0875 0.07784143518518505