6 0.019675925925925927 0.04609375 0.03935185185185185 0.0921875
6 0.09924768518518519 0.04296875 0.16724537037037038 0.0859375
6 0.2416377314814815 0.06953125 0.24890046296296298 0.1390625
6 0.5799479166666666 0.028125 0.12005208333333321 0.05625
6 0.7870659722222222 0.0515625 0.21475694444444446 0.103125
6 0.6901909722222223 0.03046875 0.13350694444444447 0.0609375
6 0.6758101851851851 0.2328125 0.15980902777777786 0.159375
6 0.7844618055555556 0.21328125 0.14777199074074082 0.19296875
6 0.8988208912037038 0.3125 0.20235821759259237 0.16171875
6 0.9240162037037039 0.42578125 0.15196759259259238 0.1984375
6 0.9058738425925925 0.51171875 0.1882523148148149 0.178125
6 0.7931134259259259 0.6578125 0.17774884259259238 0.1796875
6 0.8736979166666666 0.88671875 0.2526041666666668 0.2265625
6 0.634548611111111 0.890625 0.17997685185185192 0.21875
6 0.7644097222222223 0.87421875 0.21400462962962957 0.2515625
4 0.531886574074074 0.50234375 0.4497395833333334 0.41484375