6 0.334375 0.0796875 0.2375 0.159375
6 0.5578125 0.03046875 0.14375 0.0609375
6 0.76171875 0.096875 0.1828125 0.1625
6 0.76953125 0.271875 0.19609375 0.1796875
6 0.83671875 0.5640625 0.22109375 0.21796875
6 0.8125 0.84609375 0.18515625 0.19140625
6 0.971875 0.9203125 0.05546875 0.1484375
6 0.60546875 0.78046875 0.19296875 0.18125
6 0.43359375 0.7390625 0.190625 0.121875
6 0.478125 0.93515625 0.14453125 0.12890625
6 0.28984375 0.90234375 0.1859375 0.1953125
6 0.1484375 0.30703125 0.2265625 0.17734375
6 0.053125 0.1140625 0.103125 0.21484375
6 0.10625 0.51796875 0.21015625 0.16796875
6 0.1140625 0.91796875 0.171875 0.1640625
4 0.5015625 0.5046875 0.40234375 0.41484375