6 0.8904571759259259 0.9676273148148148 0.1620486111111113 0.03988425925925938
6 0.7019675925925926 0.9774479166666665 0.1467881944444443 0.02560185185185162
6 0.5663715277777778 0.8888715277777777 0.22637731481481466 0.207951388888889
6 0.38159722222222225 0.9314351851851852 0.26071180555555545 0.12802662037037038
6 0.15041666666666667 0.9325173611111112 0.2608738425925926 0.13349537037037038
6 0.022436342592592595 0.751087962962963 0.04487268518518519 0.2087615740740741
6 0.08148726851851852 0.4909027777777778 0.16297453703703704 0.28069444444444436
6 0.21520833333333336 0.3271354166666667 0.2131018518518518 0.2343055555555555
6 0.07845486111111111 0.24177662037037034 0.15690972222222221 0.2164467592592593
6 0.09374421296296295 0.0607421875 0.1874884259259259 0.121484375
6 0.33153935185185185 0.14346064814814813 0.2652372685185186 0.22804976851851855
6 0.6186111111111112 0.20636574074074074 0.30347222222222214 0.22705439814814818
6 0.16219328703703703 0.8776793981481482 0.0018402777777777768 0.009398148148147812
6 0.22201388888888887 0.7299826388888888 0.27824074074074073 0.2188715277777778
6 0.8578761574074074 0.8548784722222222 0.18337962962962956 0.17998263888888885
6 0.7949594907407407 0.4481770833333334 0.22913773148148167 0.22204861111111107
6 0.8689988425925925 0.21593171296296293 0.244809027777778 0.22384259259259257
6 0.838443287037037 0.08753472222222222 0.22533564814814824 0.1727951388888889
6 0.9423726851851854 0.5069039351851853 0.09136574074074062 0.23718749999999994
6 0.9551157407407409 0.8674942129629629 0.04263888888888871 0.17399305555555564
6 0.987679398148148 0.11850115740740741 0.02464120370370395 0.23700231481481482
4 0.4935011574074074 0.5018402777777778 0.3979976851851852 0.41274884259259254