6 0.36796875 0.25230902777777775 0.26484375 0.20003472222222224
6 0.7734375 0.2947916666666667 0.24609375 0.1908854166666667
6 0.1375 0.09704282407407408 0.1875 0.17352430555555554
6 0.0609375 0.40414930555555556 0.121875 0.24267361111111113
6 0.09140625 0.6644270833333333 0.178125 0.24746527777777771
6 0.20078125 0.9484302662037039 0.21796875 0.10313946759259238
6 0.71796875 0.7462731481481482 0.21953125 0.25416087962962947
6 0.75859375 0.9571686921296297 0.15390625 0.08566261574074048
6 0.92265625 0.8804918981481482 0.1546875 0.23901620370370366
6 0.975 0.5523263888888889 0.05 0.19288773148148142
6 0.946875 0.14055555555555554 0.10625 0.22814814814814816
4 0.50625 0.55015625 0.32890625 0.3628703703703703