6 0.14609375 0.08359375 0.0015625 0.00234375
6 0.20859375 0.065625 0.22109375 0.13125
6 0.42109375 0.03203125 0.165625 0.0640625
6 0.590625 0.09765625 0.203125 0.1953125
6 0.72109375 0.01640625 0.1109375 0.0328125
6 0.96484375 0.1046875 0.0703125 0.171875
6 0.9203125 0.01171875 0.10703125 0.0234375
6 0.825 0.484375 0.18125 0.20859375
6 0.9640625 0.5265625 0.07109375 0.15625
6 0.86640625 0.70390625 0.2140625 0.1984375
6 0.7609375 0.9078125 0.20078125 0.184375
6 0.94296875 0.9390625 0.1140625 0.12109375
6 0.5453125 0.82265625 0.25625 0.18359375
6 0.26640625 0.7640625 0.21796875 0.22421875
6 0.1875 0.44296875 0.19609375 0.21484375
6 0.06484375 0.57734375 0.12421875 0.26484375
6 0.0671875 0.84375 0.134375 0.225
6 0.04453125 0.02421875 0.08046875 0.0484375
4 0.50546875 0.50859375 0.45 0.43671875