6 0.5234027777777778 0.913353587962963 0.2145717592592593 0.17329282407407404
6 0.7716087962962963 0.7432291666666666 0.22157986111111114 0.22809606481481487
6 0.9330034722222222 0.6497974537037037 0.08153356481481495 0.2190104166666666
6 0.9314756944444443 0.37734375 0.11209490740740762 0.20688657407407404
6 0.7989467592592593 0.04994212962962964 0.1747627314814814 0.04701967592592593
6 0.35767939814814814 0.10639467592592593 0.23874421296296297 0.15309606481481483
6 0.37976273148148143 0.05789930555555556 0.2123495370370371 0.09519675925925926
6 0.16777777777777778 0.4476851851851852 0.19613425925925926 0.21857638888888892
6 0.03855324074074074 0.4799189814814815 0.07710648148148148 0.19733796296296297
6 0.0704224537037037 0.28637152777777775 0.1408449074074074 0.21961805555555552
6 0.19921296296296295 0.9978587962962961 0.14275462962962965 0.004282407407407618
4 0.48102430555555553 0.5203414351851852 0.4212037037037037 0.45381944444444444
5 0.3316435185185185 0.940625 0.09859953703703699 0.11203703703703702