6 0.20625 0.13984375 0.1875 0.20859375
6 0.2046875 0.396875 0.19609375 0.19296875
6 0.39140625 0.0265625 0.1890625 0.053125
6 0.603125 0.0875 0.1828125 0.171875
6 0.759375 0.1390625 0.17734375 0.20234375
6 0.92109375 0.0203125 0.15703125 0.040625
6 0.9515625 0.14375 0.096875 0.1796875
6 0.0265625 0.1140625 0.05 0.178125
6 0.16875 0.73828125 0.196875 0.178125
6 0.40390625 0.8 0.2234375 0.19375
6 0.82890625 0.44296875 0.16015625 0.253125
6 0.8125 0.6984375 0.19296875 0.1796875
6 0.89453125 0.83984375 0.1828125 0.20859375
6 0.95703125 0.9078125 0.0859375 0.18359375
6 0.64921875 0.97578125 0.18515625 0.04765625
6 0.075 0.92421875 0.14921875 0.1515625
4 0.50390625 0.49921875 0.3890625 0.39453125
5 0.334375 0.2921875 0.1046875 0.096875
5 0.16640625 0.55546875 0.11875 0.0875