6 0.4796875 0.16015625 0.24453125 0.2046875
6 0.84609375 0.39453125 0.1921875 0.2125
6 0.90625 0.3046875 0.1875 0.2125
6 0.746875 0.66015625 0.18671875 0.20234375
6 0.90703125 0.6 0.18515625 0.2296875
6 0.49296875 0.79296875 0.21796875 0.20078125
6 0.6578125 0.90546875 0.1875 0.1890625
6 0.271875 0.87109375 0.21796875 0.17578125
6 0.2625 0.68046875 0.2265625 0.19296875
6 0.1921875 0.51796875 0.18359375 0.22265625
6 0.040625 0.6296875 0.08125 0.20625
6 0.05703125 0.41328125 0.1140625 0.21484375
6 0.1828125 0.08203125 0.20078125 0.1640625
6 0.9609375 0.0453125 0.078125 0.090625
6 0.04453125 0.08359375 0.0890625 0.1671875
6 0.36875 0.0203125 0.13359375 0.040625
4 0.509375 0.50625 0.446875 0.40703125