6 0.8883738425925927 0.21088541666666666 0.21118055555555557 0.21858796296296293
6 0.8363715277777779 0.49112847222222217 0.28880208333333357 0.2853125
6 0.7438310185185185 0.6197453703703704 0.24069444444444432 0.23073495370370373
6 0.4481770833333334 0.7662037037037037 0.32717592592592587 0.16722222222222224
6 0.6624131944444444 0.8801273148148148 0.31993634259259257 0.22332175925925918
6 0.28665509259259253 0.9153587962962962 0.23717013888888888 0.16276620370370373
6 0.05644820601851852 0.8980729166666667 0.11289641203703704 0.2038425925925928
6 0.18579861111111112 0.6623611111111111 0.23341435185185183 0.2860532407407407
6 0.035416666666666666 0.6695717592592592 0.07083333333333333 0.2171064814814816
6 0.19689814814814816 0.3429108796296296 0.31672453703703707 0.2818229166666667
6 0.10479166666666666 0.14998842592592593 0.20958333333333332 0.19377314814814817
6 0.5745370370370371 0.1413136574074074 0.31030092592592595 0.2826273148148148
6 0.41593171296296294 0.022123842592592594 0.27126157407407414 0.04424768518518519
6 0.797042824074074 0.05194589120370371 0.2855613425925926 0.10389178240740742
4 0.4797858796296296 0.4878240740740741 0.3701099537037038 0.42313078703703705