6 0.37578125 0.9640625 0.2067708333333334 0.071875
6 0.5982291666666667 0.9290567129629629 0.21968750000000004 0.14188657407407418
6 0.38208333333333333 0.7957060185185185 0.22895833333333337 0.2414756944444445
6 0.8429166666666668 0.725931712962963 0.26583333333333314 0.24490740740740743
6 0.8890364583333333 0.4560474537037037 0.22192708333333327 0.20089699074074066
6 0.9542838541666667 0.2953125 0.09143229166666664 0.23347800925925916
6 0.30744791666666665 0.10891203703703704 0.23046875 0.2056539351851852
6 0.25875000000000004 0.31409143518518523 0.25375 0.2273958333333333
6 0.25713541666666667 0.3951331018518519 0.19984374999999996 0.16732060185185188
6 0.05026041666666666 0.4147337962962963 0.05671875 0.1724363425925926
6 0.11401041666666667 0.528900462962963 0.17036458333333332 0.19295717592592593
6 0.15338541666666666 0.5932233796296297 0.2419791666666667 0.2145717592592593
6 0.07692708333333334 0.07791087962962963 0.15385416666666668 0.15582175925925926
4 0.5446875 0.509693287037037 0.3877604166666668 0.4598206018518519
5 0.09869791666666666 0.19395254629629627 0.10432291666666667 0.07950231481481485