6 0.05859375 0.0453125 0.11484375 0.090625
6 0.23359375 0.046875 0.2390625 0.0921875
6 0.43828125 0.1609375 0.1921875 0.1890625
6 0.60234375 0.09375 0.1703125 0.1875
6 0.69609375 0.12578125 0.18125 0.17578125
6 0.8515625 0.0625 0.2390625 0.12421875
6 0.92265625 0.178125 0.1546875 0.178125
6 0.86875 0.3640625 0.17890625 0.15625
6 0.78359375 0.44765625 0.2078125 0.20625
6 0.790625 0.5828125 0.18359375 0.17421875
6 0.93203125 0.70703125 0.1359375 0.1546875
6 0.975 0.46640625 0.05 0.1328125
6 0.78125 0.80390625 0.196875 0.146875
6 0.84375 0.965625 0.209375 0.06875
6 0.55390625 0.7984375 0.21953125 0.1953125
6 0.384375 0.903125 0.16015625 0.1296875
6 0.55078125 0.971875 0.2359375 0.05625
6 0.1359375 0.8046875 0.1703125 0.17734375
6 0.12578125 0.9484375 0.17734375 0.10234375
6 0.03359375 0.9515625 0.06640625 0.09609375
6 0.05 0.80234375 0.1 0.2328125
6 0.1953125 0.61796875 0.16015625 0.1859375
6 0.30078125 0.6796875 0.22109375 0.178125
6 0.1984375 0.4578125 0.1828125 0.1859375
6 0.2640625 0.26640625 0.2078125 0.1890625
6 0.06640625 0.18203125 0.13203125 0.19296875
6 0.04296875 0.45390625 0.0859375 0.2125
4 0.5046875 0.509375 0.353125 0.39453125