6 0.8311111111111111 0.3912731481481481 0.23461805555555557 0.22868055555555564
6 0.8027083333333334 0.20370949074074077 0.3029166666666665 0.24553819444444444
6 0.3395659722222223 0.18850694444444444 0.25131944444444443 0.2424479166666667
6 0.35989583333333336 0.055260416666666666 0.2697916666666667 0.11052083333333333
6 0.5746006944444444 0.010167824074074076 0.20154513888888878 0.02033564814814815
6 0.8222743055555555 0.04313657407407408 0.2961111111111109 0.08627314814814815
6 0.07828125 0.2509722222222222 0.14991319444444445 0.21133680555555562
6 0.07539930555555555 0.12128472222222222 0.15029513888888887 0.22852430555555556
6 0.22020833333333334 0.5516550925925926 0.24543402777777779 0.22353587962962962
6 0.15796875000000002 0.7763020833333334 0.2728125 0.26104166666666656
6 0.4026041666666667 0.7737442129629629 0.22211805555555558 0.22831018518518534
6 0.6744965277777778 0.7312905092592593 0.21090277777777794 0.21548611111111118
6 0.9379340277777779 0.6184780092592593 0.12413194444444428 0.23371527777777779
6 0.9605729166666667 0.8413136574074074 0.07885416666666671 0.2606365740740742
6 0.9818315972222222 0.4022685185185185 0.03633680555555543 0.19660879629629627
4 0.5251041666666667 0.4816435185185185 0.3733680555555555 0.4295370370370371