6 0.21749999999999997 0.973119212962963 0.2067592592592593 0.03246527777777786
6 0.5623206018518518 0.8852141203703704 0.29561921296296295 0.16377314814814808
6 0.8180208333333333 0.6480034722222222 0.19562500000000008 0.2881076388888889
6 0.9245196759259258 0.44756944444444446 0.12857638888888873 0.28781828703703705
6 0.9562962962962963 0.34855324074074073 0.06817708333333314 0.22254050925925917
6 0.787818287037037 0.09592013888888888 0.23061342592592596 0.19184027777777776
6 0.9366840277777777 0.021440972222222215 0.1266319444444445 0.04288194444444443
6 0.45361111111111113 0.07760416666666667 0.2990277777777777 0.15520833333333334
6 0.17328703703703704 0.25532407407407404 0.2460011574074074 0.22557870370370373
6 0.1661226851851852 0.654976851851852 0.2393634259259259 0.23833912037037025
6 0.06142361111111111 0.6916666666666667 0.12284722222222222 0.20416666666666677
6 0.006047453703703703 0.272800925925926 0.012094907407407407 0.2043981481481481
6 0.016192129629629633 0.8963541666666668 0.032384259259259265 0.19010416666666644
6 0.03631510416666667 0.5460358796296296 0.07263020833333333 0.23287037037037023
4 0.47955439814814815 0.4688368055555555 0.572494212962963 0.563136574074074