6 0.01953125 0.04921875 0.03828125 0.0984375
6 0.09921875 0.04609375 0.16171875 0.0921875
6 0.2390625 0.07265625 0.2390625 0.1453125
6 0.571875 0.03046875 0.115625 0.0609375
6 0.778125 0.05390625 0.209375 0.1078125
6 0.68359375 0.034375 0.1296875 0.06796875
6 0.659375 0.23515625 0.15234375 0.15703125
6 0.76796875 0.215625 0.1390625 0.18984375
6 0.89140625 0.315625 0.2171875 0.16171875
6 0.91484375 0.4265625 0.1703125 0.196875
6 0.8875 0.51015625 0.20078125 0.17578125
6 0.7609375 0.65390625 0.16953125 0.17734375
6 0.8375 0.884375 0.2484375 0.23125
6 0.59609375 0.8890625 0.1671875 0.221875
6 0.72421875 0.871875 0.20234375 0.25625
4 0.50703125 0.50078125 0.4296875 0.409375