6 0.29296875 0.14140625 0.2046875 0.178125
6 0.2734375 0.33359375 0.2140625 0.17734375
6 0.66953125 0.24296875 0.16640625 0.16796875
6 0.87109375 0.3453125 0.196875 0.2109375
6 0.9328125 0.08046875 0.13125 0.1609375
6 0.0453125 0.23515625 0.08984375 0.1875
6 0.215625 0.63671875 0.20625 0.17734375
6 0.1484375 0.87578125 0.209375 0.16953125
6 0.44375 0.9109375 0.21015625 0.17734375
6 0.69921875 0.94140625 0.2265625 0.1171875
6 0.64375 0.74375 0.1734375 0.18359375
6 0.8546875 0.696875 0.1796875 0.18203125
6 0.92265625 0.88671875 0.1546875 0.16796875
4 0.50078125 0.50234375 0.3796875 0.37265625