6 0.3009375 0.8191319444444444 0.22817708333333328 0.20636574074074082
6 0.5430729166666667 0.7191724537037036 0.22973958333333327 0.20641203703703698
6 0.7292708333333333 0.5460185185185186 0.20776041666666673 0.16911458333333335
6 0.7538020833333333 0.34178819444444447 0.20869791666666676 0.21826388888888887
6 0.9196354166666666 0.2752777777777778 0.134791666666667 0.2207523148148148
6 0.8844270833333333 0.6513599537037037 0.15375000000000014 0.20104166666666662
6 0.7908333333333333 0.8623148148148149 0.19343749999999993 0.2232696759259259
6 0.8970833333333335 0.917644675925926 0.08374999999999985 0.11008101851851819
6 0.33416666666666667 0.905474537037037 0.23213541666666657 0.17217592592592582
6 0.10768229166666668 0.6237037037037038 0.21536458333333336 0.24655092592592603
6 0.03557291666666666 0.4782754629629629 0.07114583333333332 0.248894675925926
6 0.31265624999999997 0.10910590277777779 0.2497395833333333 0.21821180555555558
6 0.7825 0.04164351851851852 0.23968749999999997 0.08328703703703703
6 0.9522395833333335 0.03494212962962963 0.09552083333333314 0.06988425925925926
6 0.04296875 0.05703125 0.0859375 0.1140625
4 0.45625 0.40752314814814816 0.4257291666666667 0.4094849537037037