6 0.3316261574074074 0.24460069444444446 0.257349537037037 0.21402777777777776
6 0.18361689814814816 0.27152777777777776 0.2149421296296296 0.23473958333333336
6 0.09581018518518518 0.19671875 0.18018518518518517 0.20046875000000003
6 0.666412037037037 0.2532465277777778 0.21928240740740748 0.2816840277777778
6 0.8728153935185186 0.3068402777777778 0.254369212962963 0.24741319444444443
6 0.9800289351851852 0.248125 0.03994212962962962 0.2301388888888889
6 0.9836053240740741 0.11559027777777778 0.03278935185185183 0.14442708333333334
6 0.7552893518518519 0.04369791666666667 0.21995370370370376 0.030034722222222233
6 0.4263946759259259 0.05557291666666666 0.26138310185185176 0.0848611111111111
6 0.21204861111111112 0.5540798611111111 0.24688078703703703 0.23460069444444437
6 0.872366898148148 0.6387499999999999 0.19586805555555564 0.22843750000000007
6 0.8757696759259259 0.5383854166666666 0.24081018518518532 0.22420138888888896
6 0.9611574074074074 0.8223437499999999 0.07768518518518519 0.28560763888888874
6 0.9279210069444446 0.9725086805555556 0.14415798611111086 0.05498263888888886
6 0.44660879629629624 0.8822439236111113 0.27509837962962963 0.23551215277777757
6 0.3570659722222222 0.9278124999999999 0.2200115740740741 0.14437500000000014
6 0.2332233796296296 0.9442100694444445 0.2497280092592593 0.111579861111111
6 0.09675347222222222 0.8814453125 0.1030902777777778 0.237109375
6 0.05141203703703703 0.39421875 0.06925925925925927 0.22203125000000004
6 0.10685185185185184 0.014878472222222222 0.21370370370370367 0.029756944444444444
4 0.5635590277777778 0.5556770833333333 0.4700115740740742 0.4891840277777778