6 0.334375 0.23203125 0.2171875 0.178125
6 0.746875 0.1578125 0.19453125 0.171875
6 0.84296875 0.353125 0.215625 0.1546875
6 0.953125 0.1875 0.09375 0.1859375
6 0.98671875 0.403125 0.0265625 0.10078125
6 0.9453125 0.64375 0.109375 0.215625
6 0.78203125 0.746875 0.21328125 0.20859375
6 0.5984375 0.896875 0.19453125 0.20625
6 0.8484375 0.9734375 0.15234375 0.053125
6 0.175 0.4125 0.225 0.17421875
6 0.07421875 0.2203125 0.1375 0.21796875
6 0.03203125 0.4921875 0.06328125 0.146875
6 0.02421875 0.90234375 0.0484375 0.1015625
6 0.14453125 0.7890625 0.21953125 0.203125
6 0.090625 0.98359375 0.15625 0.0328125
4 0.5 0.50234375 0.38125 0.3984375
5 0.3265625 0.8125 0.0875 0.0828125