6 0.8515625 0.8426215277777779 0.22421875 0.22402777777777771
6 0.66328125 0.9111458333333333 0.1890625 0.12715277777777773
6 0.30703125 0.7707291666666667 0.1625 0.21269097222222227
6 0.209375 0.45944444444444443 0.15625 0.20147569444444446
6 0.81328125 0.5833854166666667 0.1953125 0.2774305555555555
6 0.77578125 0.40770833333333334 0.1515625 0.22782986111111114
6 0.95703125 0.45902777777777776 0.0859375 0.21085069444444446
6 0.33203125 0.16727430555555553 0.20859375 0.20848958333333334
6 0.75859375 0.1951909722222222 0.23046875 0.22039930555555554
6 0.67109375 0.04868923611111111 0.23984375 0.09737847222222222
4 0.4890625 0.46420138888888884 0.409375 0.3994444444444444
5 0.5234375 0.691579861111111 0.053125 0.05079861111111121
5 0.42890625 0.7254687499999999 0.0734375 0.073576388888889
5 0.5609375 0.22272569444444446 0.0921875 0.1025347222222222
5 0.93203125 0.1827951388888889 0.084375 0.08109375