6 0.7682349537037038 0.3139988425925926 0.24187499999999992 0.26701388888888883
6 0.7922222222222223 0.5309432870370371 0.22893518518518513 0.25142939814814813
6 0.9329340277777778 0.4407175925925927 0.11101273148148146 0.24600115740740733
6 0.6892997685185185 0.8723900462962962 0.2581712962962962 0.18531249999999985
6 0.8925347222222222 0.882962962962963 0.16298611111111114 0.13131944444444416
6 0.05261140046296296 0.9024074074074073 0.10522280092592592 0.19513888888888892
6 0.2189351851851852 0.6124884259259259 0.1737384259259259 0.23100115740740748
6 0.10212962962962964 0.2422800925925926 0.20425925925925928 0.2693460648148148
6 0.16729166666666667 0.047680844907407406 0.2497685185185185 0.09536168981481481
6 0.7927141203703704 0.09281394675925926 0.2831134259259258 0.18562789351851852
4 0.4835358796296297 0.5523553240740741 0.3819097222222222 0.4133506944444445