6 0.5479166666666666 0.20374999999999996 0.22328125000000015 0.18755208333333329
6 0.38140625000000006 0.24942708333333333 0.30625 0.20708333333333329
6 0.148125 0.191875 0.20828124999999997 0.2425520833333333
6 0.05770833333333333 0.305625 0.08875 0.21125
6 0.12484375 0.5193229166666666 0.19463541666666667 0.21286458333333336
6 0.16411458333333334 0.43171875000000004 0.2416666666666667 0.20666666666666664
6 0.10432291666666667 0.7365104166666667 0.12614583333333332 0.23552083333333335
6 0.38062500000000005 0.7393750000000001 0.28031249999999996 0.2730208333333334
6 0.3392708333333333 0.9576041666666667 0.2539583333333333 0.08479166666666664
6 0.440625 0.9338020833333334 0.28645833333333337 0.13239583333333335
6 0.66828125 0.947265625 0.21395833333333342 0.10546875
6 0.8642708333333333 0.9760286458333333 0.19848958333333327 0.04794270833333343
6 0.9432942708333332 0.85125 0.11341145833333358 0.26984375000000005
6 0.8530208333333332 0.5919791666666667 0.2140625 0.22427083333333328
6 0.8986979166666667 0.5161979166666667 0.20260416666666678 0.2571875
6 0.9676953125000001 0.35630208333333335 0.06460937499999986 0.23088541666666665
6 0.8410416666666667 0.09729166666666668 0.2195833333333333 0.09708333333333334
6 0.47692708333333333 0.11890625000000002 0.26005208333333324 0.19078124999999999
6 0.24526041666666668 0.062239583333333334 0.23348958333333333 0.10734375
4 0.5413020833333333 0.5361979166666667 0.39979166666666666 0.43187499999999995