6 0.09729166666666667 0.016585648148148148 0.15854166666666666 0.033171296296296296
6 0.23302083333333332 0.12243634259259259 0.27380208333333333 0.24487268518518518
6 0.09553385416666667 0.3022974537037037 0.19106770833333334 0.2786226851851851
6 0.025 0.10390625 0.05 0.2078125
6 0.4994270833333333 0.12628472222222223 0.27848958333333335 0.25256944444444446
6 0.671875 0.01859375 0.23515625 0.0371875
6 0.8993229166666665 0.06815972222222222 0.20135416666666686 0.13631944444444444
6 0.7071875000000001 0.18920717592592592 0.24552083333333313 0.22776620370370373
6 0.8168229166666666 0.41226851851851853 0.1710416666666667 0.3361863425925925
6 0.8732291666666667 0.4882986111111111 0.19624999999999987 0.24741319444444443
6 0.1425520833333333 0.7331423611111111 0.28192708333333333 0.24859953703703716
6 0.07036458333333333 0.903587962962963 0.14072916666666666 0.19282407407407404
6 0.2716145833333333 0.921591435185185 0.22109375 0.129826388888889
6 0.5147916666666668 0.8457060185185185 0.30041666666666667 0.25747685185185176
6 0.6641145833333334 0.9286805555555556 0.19041666666666668 0.0665335648148151
6 0.8136979166666667 0.8093171296296298 0.21072916666666686 0.28951388888888874
6 0.8523958333333332 0.9175231481481483 0.16932291666666685 0.06528356481481482
6 0.8985416666666666 0.7505960648148149 0.11322916666666671 0.2860706018518517
4 0.45552083333333326 0.5208333333333333 0.45984374999999994 0.47780671296296295