6 0.20546875 0.05078125 0.1859375 0.1015625
6 0.62265625 0.07578125 0.25234375 0.15078125
6 0.78359375 0.07890625 0.2109375 0.1578125
6 0.95859375 0.0578125 0.078125 0.115625
6 0.934375 0.24453125 0.13125 0.20859375
6 0.96953125 0.56171875 0.0609375 0.18984375
6 0.9546875 0.821875 0.08984375 0.23984375
6 0.83828125 0.6078125 0.1890625 0.20078125
6 0.81015625 0.82734375 0.21328125 0.20234375
6 0.5984375 0.90859375 0.22109375 0.18125
6 0.51328125 0.82421875 0.1875 0.221875
6 0.425 0.19609375 0.23125 0.18203125
6 0.19609375 0.2578125 0.2265625 0.19921875
6 0.18984375 0.50625 0.19453125 0.21640625
6 0.28203125 0.81328125 0.21171875 0.1453125
6 0.265625 0.92265625 0.20078125 0.15390625
6 0.0796875 0.70859375 0.15625 0.2265625
6 0.03203125 0.9375 0.0640625 0.125
6 0.05078125 0.478125 0.1015625 0.22421875
6 0.04296875 0.1265625 0.0859375 0.1875
6 0.05390625 0.0546875 0.1078125 0.109375
6 0.74375 0.25859375 0.20078125 0.21640625
4 0.4984375 0.49921875 0.46015625 0.40234375