6 0.1724537037037037 0.9036111111111111 0.24861111111111112 0.19277777777777771
6 0.4485648148148148 0.91625 0.24951388888888887 0.15534722222222222
6 0.6943518518518518 0.8396006944444444 0.24237847222222228 0.23243055555555542
6 0.7966782407407408 0.6918229166666666 0.2378009259259258 0.2736805555555556
6 0.8577662037037037 0.4025868055555556 0.22570601851851854 0.25390625
6 0.6934201388888889 0.17703125 0.27050347222222226 0.23305555555555552
6 0.4659085648148148 0.11953125 0.22869212962962954 0.2390625
6 0.21414930555555553 0.09279947916666667 0.25720486111111107 0.18559895833333334
6 0.2458275462962963 0.3332638888888889 0.23559606481481482 0.2759722222222223
6 0.09234953703703704 0.3703125 0.15567708333333333 0.27029513888888895
6 0.9553978587962962 0.6838368055555556 0.08920428240740748 0.26991319444444456
6 0.9842983217592594 0.4541666666666667 0.03140335648148138 0.18010416666666665
6 0.11365162037037038 0.6373784722222222 0.16568287037037038 0.24164930555555558
6 0.9011168981481482 0.9078819444444445 0.1977662037037035 0.15005208333333328
6 0.6462442129629629 0.022934027777777775 0.21748842592592582 0.04586805555555555
4 0.5267766203703703 0.4803472222222222 0.47008680555555565 0.4411284722222222