6 0.29333333333333333 0.11036313657407408 0.22112847222222226 0.22072627314814816
6 0.6392187500000001 0.13541087962962964 0.19041666666666668 0.17608796296296297
6 0.6634548611111111 0.01234230324074074 0.18713541666666664 0.02468460648148148
6 0.8719270833333332 0.09716435185185185 0.16447916666666665 0.1943287037037037
6 0.9568750000000001 0.4841435185185185 0.065902777777778 0.15636574074074083
6 0.8209375 0.4560763888888889 0.19338541666666664 0.20433449074074073
6 0.7553993055555555 0.7716145833333333 0.24423611111111115 0.21009259259259264
6 0.9160763888888889 0.8803356481481481 0.12972222222222207 0.14875000000000008
6 0.47791666666666666 0.7922453703703705 0.19657986111111114 0.2076215277777777
6 0.5764583333333333 0.8878009259259259 0.21531249999999993 0.17269675925925937
6 0.2817013888888889 0.7025347222222222 0.21538194444444442 0.2109375
6 0.16328125 0.5533854166666666 0.24663194444444442 0.21255787037037024
6 0.13864583333333333 0.8894328703703703 0.20600694444444448 0.21045138888888887
6 0.08785156250000001 0.27112268518518523 0.17570312500000002 0.20228587962962957
6 0.010828993055555555 0.12282986111111112 0.02165798611111111 0.12304976851851852
6 0.016102430555555554 0.4325405092592593 0.03220486111111111 0.14659722222222235
6 0.015555555555555555 0.9588194444444443 0.03111111111111111 0.08236111111111129
4 0.4910243055555556 0.48332754629629626 0.45109375000000007 0.4939409722222223