6 0.06640625 0.0609375 0.13203125 0.1140625
6 0.08203125 0.18984375 0.1640625 0.2203125
6 0.278125 0.16640625 0.190625 0.1890625
6 0.5796875 0.1484375 0.21015625 0.18125
6 0.60078125 0.0171875 0.15625 0.034375
6 0.81796875 0.0875 0.2234375 0.17421875
6 0.93671875 0.221875 0.1265625 0.1875
6 0.746875 0.28671875 0.18359375 0.20859375
6 0.89765625 0.4515625 0.2046875 0.2125
6 0.73984375 0.7296875 0.2 0.17578125
6 0.8703125 0.90546875 0.221875 0.1890625
6 0.52265625 0.95390625 0.1796875 0.0921875
6 0.34453125 0.74921875 0.23671875 0.14921875
6 0.14453125 0.5953125 0.2140625 0.19921875
6 0.19765625 0.3703125 0.21796875 0.1953125
6 0.19609375 0.93515625 0.21328125 0.12890625
4 0.4984375 0.5046875 0.39921875 0.4078125