6 0.17473958333333334 0.98125 0.2296875 0.0375
6 0.34234375 0.8944733796296298 0.18078124999999998 0.18130787037037024
6 0.128125 0.810300925925926 0.21307291666666667 0.269212962962963
6 0.0025520833333333324 0.8653645833333332 0.005104166666666665 0.19635416666666644
6 0.5950520833333334 0.8605902777777779 0.2504687499999999 0.22378472222222215
6 0.8631770833333332 0.9234375 0.16906250000000006 0.153125
6 0.7909375 0.5838252314814815 0.23739583333333325 0.23758680555555553
6 0.7053125 0.31368634259259265 0.21473958333333343 0.21258680555555554
6 0.46343750000000006 0.19684606481481481 0.23166666666666663 0.23327546296296292
6 0.22494791666666666 0.1940972222222222 0.1838541666666667 0.25072337962962965
6 0.08893229166666666 0.38385416666666666 0.17786458333333333 0.1973958333333333
6 0.05283854166666667 0.1540509259259259 0.10567708333333334 0.2088252314814815
6 0.7727604166666666 0.12633101851851852 0.1794791666666667 0.15011574074074074
4 0.43994791666666666 0.5374131944444445 0.47458333333333336 0.47204861111111107