6 0.2734375 0.03515625 0.20234375 0.06953125
6 0.725 0.0375 0.2140625 0.075
6 0.571875 0.15859375 0.16015625 0.16015625
6 0.77890625 0.22265625 0.18515625 0.24140625
6 0.94921875 0.1609375 0.1015625 0.184375
6 0.33671875 0.2078125 0.2234375 0.1953125
6 0.07734375 0.14375 0.1546875 0.18203125
6 0.1703125 0.4828125 0.21015625 0.21015625
6 0.2671875 0.73125 0.190625 0.1875
6 0.50234375 0.82421875 0.2046875 0.20625
6 0.7265625 0.8109375 0.15859375 0.22578125
6 0.87265625 0.62265625 0.21328125 0.17421875
6 0.9234375 0.83515625 0.153125 0.1890625
6 0.21796875 0.91875 0.16171875 0.140625
4 0.50234375 0.5015625 0.4203125 0.415625
5 0.965625 0.02890625 0.0640625 0.0578125