6 0.15906828703703707 0.6788078703703704 0.2730960648148148 0.23959490740740746
6 0.44359374999999995 0.8469212962962963 0.23179976851851852 0.21483217592592574
6 0.6727199074074074 0.8959635416666666 0.20790509259259266 0.20807291666666677
6 0.7624189814814815 0.8345023148148147 0.2267708333333333 0.22939236111111114
6 0.9153877314814813 0.7156770833333334 0.13677083333333329 0.24578703703703705
6 0.8042824074074074 0.5307349537037037 0.20774884259259246 0.24556712962962948
6 0.8993923611111111 0.5161053240740741 0.18019675925925932 0.2371180555555556
6 0.7898611111111112 0.38366898148148143 0.21076967592592588 0.18956018518518522
6 0.8660821759259258 0.2671238425925926 0.21806712962962962 0.2515625
6 0.8711400462962964 0.1492361111111111 0.25225115740740733 0.22057291666666665
6 0.9791087962962963 0.2815914351851852 0.032615740740740765 0.15302083333333333
6 0.4096469907407407 0.14408564814814814 0.29320601851851863 0.26013888888888886
6 0.1915046296296296 0.08582754629629631 0.20527199074074076 0.16197337962962963
6 0.045306712962962965 0.10938078703703705 0.09061342592592593 0.21798032407407408
6 0.22278356481481482 0.3769560185185185 0.2280555555555555 0.22009837962962964
6 0.03667824074074074 0.3067534722222222 0.07335648148148148 0.18616319444444446
6 0.05944589120370371 0.5182465277777778 0.11889178240740741 0.22864004629629625
6 0.11769820601851852 0.808894675925926 0.23539641203703704 0.2337442129629629
6 0.30276041666666664 0.9406278935185185 0.2577256944444445 0.11874421296296304
6 0.514699074074074 0.9924797453703704 0.16209490740740726 0.015040509259259238
6 0.8533506944444443 0.9887499999999999 0.16283564814814824 0.02250000000000014
6 0.9383854166666665 0.9186342592592591 0.07646990740740733 0.16273148148148167
4 0.49835648148148143 0.503917824074074 0.3699421296296297 0.42792824074074076