6 0.8026041666666666 0.6205902777777779 0.2354456018518519 0.2305381944444445
6 0.49861111111111106 0.8242129629629631 0.23012152777777786 0.2552141203703705
6 0.2437210648148148 0.7051446759259259 0.2438078703703704 0.20368055555555564
6 0.1867476851851852 0.8153356481481481 0.20587384259259262 0.23212384259259267
6 0.050723379629629625 0.7355034722222222 0.055642361111111115 0.23914930555555552
6 0.1035011574074074 0.4908969907407408 0.17798032407407405 0.23691550925925925
6 0.1896412037037037 0.32283564814814814 0.21142939814814815 0.23475115740740743
6 0.10491898148148149 0.11171875 0.20983796296296298 0.2234375
6 0.032378472222222225 0.2824594907407407 0.05188078703703704 0.22179976851851854
6 0.3032986111111111 0.06319878472222222 0.23862847222222222 0.12639756944444444
6 0.5386284722222222 0.12062644675925926 0.25703125 0.24125289351851853
6 0.6246527777777777 0.04041666666666667 0.20868055555555554 0.08083333333333334
6 0.7699074074074075 0.1393287037037037 0.21724537037037023 0.2444097222222222
6 0.8486400462962962 0.007968749999999997 0.26290509259259237 0.015937499999999993
6 0.97421875 0.059785879629629626 0.0515625 0.11957175925925925
6 0.948972800925926 0.26817129629629627 0.1020543981481481 0.265787037037037
6 0.8338252314814815 0.38571180555555556 0.2122395833333332 0.25662615740740746
6 0.9517939814814815 0.5448553240740741 0.09641203703703702 0.24028935185185193
6 0.8905888310185185 0.810017361111111 0.21882233796296297 0.22994791666666642
6 0.14623842592592592 0.9685069444444444 0.22222222222222218 0.06298611111111115
4 0.484375 0.4609722222222222 0.4473958333333334 0.45829861111111114
5 0.30807291666666664 0.9209780092592592 0.11261574074074074 0.13527777777777744