6 0.22796874999999997 0.994437210648148 0.1730381944444444 0.01112557870370381
6 0.5223611111111112 0.934866898148148 0.27666666666666656 0.13026620370370381
6 0.6073090277777778 0.9111906828703704 0.21921874999999993 0.17761863425925917
6 0.8621527777777779 0.9440755208333332 0.21484375 0.11184895833333357
6 0.7509201388888889 0.7252604166666666 0.22777777777777786 0.20358796296296297
6 0.9577430555555555 0.7071180555555555 0.05798611111111107 0.15046296296296297
6 0.9310763888888889 0.464525462962963 0.12312499999999993 0.2012731481481481
6 0.8052951388888889 0.17838541666666669 0.22638888888888892 0.2113425925925926
6 0.9007465277777778 0.10529513888888889 0.1977083333333333 0.1501736111111111
6 0.34081597222222226 0.17994791666666668 0.23677083333333337 0.25700231481481484
6 0.52171875 0.061545138888888885 0.22765625000000006 0.09273726851851852
6 0.6197916666666666 0.25752314814814814 0.18921874999999985 0.22479745370370371
6 0.22961805555555553 0.3986689814814815 0.2381423611111111 0.17821180555555555
6 0.18760416666666666 0.5300347222222223 0.24269097222222227 0.2775173611111111
6 0.0890625 0.10564236111111111 0.178125 0.21128472222222222
6 0.039227430555555554 0.36640625 0.07845486111111111 0.2
6 0.049409722222222216 0.7130208333333333 0.09881944444444443 0.1947916666666666
6 0.19961805555555556 0.8338541666666666 0.2145833333333333 0.20700231481481488
4 0.4997743055555556 0.5212673611111112 0.44001736111111106 0.445630787037037