6 0.11328125 0.2296875 0.20234375 0.21015625
6 0.1453125 0.5015625 0.2828125 0.27421875
6 0.23671875 0.6234375 0.221875 0.2203125
6 0.5171875 0.7609375 0.309375 0.15703125
6 0.3046875 0.88515625 0.3 0.2296875
6 0.6671875 0.91328125 0.2234375 0.1734375
6 0.9203125 0.89296875 0.15625 0.2140625
6 0.77734375 0.65625 0.21328125 0.27421875
6 0.9484375 0.6625 0.103125 0.20703125
6 0.7828125 0.346875 0.29375 0.26875
6 0.89296875 0.16015625 0.2140625 0.1859375
6 0.42890625 0.14609375 0.2859375 0.2921875
6 0.5859375 0.02890625 0.2609375 0.0578125
6 0.21484375 0.0609375 0.2734375 0.121875
4 0.5 0.49140625 0.33828125 0.40546875