6 0.71796875 0.20078125 0.259375 0.24140625
6 0.890625 0.37578125 0.21796875 0.23984375
6 0.43046875 0.8171875 0.2765625 0.23125
6 0.6828125 0.89765625 0.2484375 0.2046875
6 0.93359375 0.903125 0.13203125 0.19296875
6 0.1265625 0.73125 0.25234375 0.24296875
6 0.17890625 0.42890625 0.20625 0.2546875
6 0.296875 0.24140625 0.23125 0.196875
6 0.50078125 0.07109375 0.2390625 0.14140625
6 0.18046875 0.06328125 0.2640625 0.1265625
6 0.0484375 0.13984375 0.096875 0.2453125
6 0.02890625 0.40234375 0.0578125 0.19921875
4 0.5046875 0.503125 0.44609375 0.42109375