6 0.2746412037037037 0.9358463541666666 0.25139467592592596 0.12830729166666685
6 0.5020543981481481 0.9966666666666667 0.15075231481481488 0.006666666666666643
6 0.7142129629629629 0.9427994791666666 0.1977256944444445 0.11440104166666672
6 0.7333622685185185 0.7940104166666667 0.21253472222222208 0.19859375000000004
6 0.8199363425925925 0.49781250000000005 0.24063078703703694 0.23937500000000006
6 0.8122048611111111 0.20473958333333334 0.20233796296296305 0.21036458333333333
6 0.9736342592592593 0.1409895833333333 0.052731481481481525 0.15447916666666667
6 0.5956770833333334 0.25854166666666667 0.20950231481481474 0.19994791666666661
6 0.41661458333333334 0.2889583333333333 0.20354745370370378 0.13885416666666667
6 0.4736400462962963 0.09432291666666667 0.15584490740740745 0.13489583333333333
6 0.2786342592592593 0.11583333333333334 0.20284143518518513 0.20572916666666666
6 0.1095167824074074 0.7155208333333333 0.2190335648148148 0.19833333333333342
6 0.022333622685185187 0.8976692708333334 0.044667245370370375 0.20466145833333335
6 0.08961805555555555 0.4966145833333334 0.1792361111111111 0.18697916666666678
6 0.09674768518518519 0.08802083333333333 0.18380208333333334 0.17333333333333334
4 0.47184027777777776 0.5349999999999999 0.438605324074074 0.45489583333333333