6 0.5655729166666668 0.8269328703703703 0.2625 0.2258449074074072
6 0.1764525462962963 0.6070601851851851 0.20903935185185185 0.23124421296296305
6 0.12658564814814816 0.7032696759259259 0.1910300925925926 0.2293981481481481
6 0.26383680555555555 0.3276041666666667 0.2030034722222222 0.2199826388888889
6 0.11008680555555557 0.4001909722222222 0.19035879629629632 0.24649305555555562
6 0.518425925925926 0.1745949074074074 0.23495370370370364 0.22031828703703704
6 0.3431423611111111 0.0865625 0.20112847222222224 0.173125
6 0.7408159722222223 0.088984375 0.23361689814814818 0.17796875
6 0.7611805555555555 0.2769733796296296 0.24314236111111107 0.21301504629629625
6 0.841724537037037 0.4399016203703704 0.20097222222222227 0.24089120370370373
6 0.9725419560185184 0.31621527777777775 0.05491608796296319 0.21735532407407404
6 0.9625882523148148 0.5413599537037037 0.07482349537037045 0.23014467592592602
6 0.8769907407407407 0.8782233796296296 0.21296296296296297 0.15670717592592603
6 0.08444444444444445 0.9635879629629629 0.07227430555555554 0.07204282407407411
6 0.9838368055555555 0.8695717592592592 0.032326388888888856 0.1514120370370371
6 0.68890625 0.9536284722222224 0.1383912037037037 0.02533564814814824
4 0.5165914351851851 0.47170717592592587 0.4819097222222222 0.44679976851851855