6 0.9100173611111112 0.894765625 0.1683101851851852 0.21046875000000007
6 0.5629282407407408 0.907890625 0.22188657407407408 0.18421875000000015
6 0.7547337962962962 0.9642447916666667 0.24771990740740737 0.07151041666666665
6 0.17096064814814815 0.7680208333333333 0.2712847222222222 0.2546875
6 0.17023148148148148 0.44437499999999996 0.2204050925925926 0.2380208333333334
6 0.10007812499999999 0.27390624999999996 0.20015624999999998 0.2735416666666667
6 0.27186921296296296 0.22994791666666664 0.22431712962962963 0.2390625
6 0.35739004629629634 0.08088541666666667 0.27975115740740736 0.13265625
6 0.5486400462962964 0.22026041666666668 0.24390046296296292 0.24739583333333331
6 0.7225347222222223 0.275625 0.2522916666666667 0.220625
6 0.8128472222222222 0.11281250000000001 0.2594618055555557 0.13442708333333334
6 0.5802546296296296 0.06760416666666666 0.17854745370370378 0.06890624999999999
6 0.046063368055555554 0.4992708333333334 0.09212673611111111 0.24380208333333328
6 0.8942708333333333 0.41135416666666663 0.20844907407407404 0.31062499999999993
6 0.06489583333333333 0.91484375 0.12979166666666667 0.1703125
6 0.021180555555555557 0.71640625 0.04236111111111111 0.2140625
4 0.4922685185185185 0.5494791666666667 0.4602893518518519 0.4703125