6 0.8610474537037037 0.8125578703703702 0.21064236111111115 0.2321180555555557
6 0.8485532407407408 0.5413715277777778 0.21756365740740763 0.2153935185185185
6 0.670949074074074 0.9398032407407406 0.20243055555555572 0.058726851851852044
6 0.4458333333333334 0.890451388888889 0.20031828703703702 0.18321759259259238
6 0.2759317129629629 0.8480150462962964 0.19855902777777779 0.22439236111111108
6 0.12291666666666667 0.9801157407407407 0.14537037037037037 0.03976851851851855
6 0.0844039351851852 0.8570138888888887 0.08949074074074075 0.19378472222222243
6 0.8689409722222223 0.17890046296296297 0.2183564814814815 0.20064236111111108
6 0.6155381944444445 0.12809027777777776 0.24733217592592602 0.2187152777777778
6 0.18588541666666666 0.5320543981481481 0.1833854166666667 0.2772337962962963
6 0.1890972222222222 0.2615046296296296 0.21453125 0.2019733796296296
6 0.09936921296296296 0.11792824074074074 0.19645833333333335 0.2289409722222222
6 0.03822337962962963 0.07421875 0.07644675925925926 0.1484375
6 0.9398538773148148 0.030771122685185188 0.12029224537037031 0.061542245370370376
4 0.5265567129629629 0.45230902777777776 0.4333101851851852 0.4408043981481482
5 0.7183275462962964 0.6595833333333333 0.11624421296296301 0.10891782407407398
5 0.8805092592592594 0.3717766203703704 0.13060185185185205 0.10042245370370359