6 0.24765625 0.26640625 0.2171875 0.259375
6 0.44375 0.13046875 0.2765625 0.23203125
6 0.5890625 0.04140625 0.1921875 0.0828125
6 0.703125 0.23984375 0.21015625 0.22265625
6 0.9078125 0.21640625 0.17890625 0.21015625
6 0.8109375 0.05546875 0.221875 0.1109375
6 0.97109375 0.04453125 0.0578125 0.0890625
6 0.89140625 0.396875 0.2171875 0.24296875
6 0.81328125 0.59140625 0.18515625 0.24140625
6 0.96015625 0.62109375 0.0796875 0.221875
6 0.93515625 0.821875 0.1296875 0.221875
6 0.8890625 0.93046875 0.20625 0.1390625
6 0.08046875 0.40859375 0.1609375 0.2265625
6 0.15703125 0.65546875 0.25234375 0.2265625
6 0.12109375 0.8734375 0.2421875 0.2125
6 0.55390625 0.8921875 0.2328125 0.2046875
6 0.6625 0.86640625 0.2328125 0.2609375
6 0.44609375 0.853125 0.17890625 0.2109375
4 0.50390625 0.50703125 0.41796875 0.4578125