6 0.7915393518518519 0.5312673611111112 0.2755902777777777 0.2895312499999999
6 0.6810069444444444 0.7835590277777778 0.27649884259259244 0.24114583333333323
6 0.63796875 0.8922569444444445 0.2609780092592592 0.19161458333333314
6 0.17572916666666666 0.5511979166666666 0.214525462962963 0.2311805555555555
6 0.1105960648148148 0.5949652777777777 0.2211921296296296 0.20510416666666664
6 0.059403935185185185 0.6852083333333333 0.11880787037037037 0.22020833333333342
6 0.2033275462962963 0.8581944444444444 0.32233217592592595 0.20703125
6 0.04030092592592592 0.9316319444444445 0.08060185185185184 0.13673611111111086
6 0.24522569444444448 0.2873263888888889 0.2596354166666666 0.25170138888888893
6 0.35032407407407407 0.09159288194444445 0.2180787037037037 0.1831857638888889
6 0.6297858796296296 0.07006944444444443 0.24042824074074076 0.14013888888888887
6 0.47934027777777777 0.006927083333333334 0.1327025462962963 0.013854166666666667
6 0.9641724537037037 0.42281250000000004 0.05165509259259267 0.21506944444444437
4 0.4803414351851852 0.4679166666666667 0.392806712962963 0.424861111111111