6 0.17578125 0.33515625 0.26171875 0.221875
6 0.46015625 0.18515625 0.221875 0.19921875
6 0.68671875 0.140625 0.1984375 0.21015625
6 0.77265625 0.21328125 0.2171875 0.2140625
6 0.928125 0.33828125 0.14375 0.2359375
6 0.8046875 0.51328125 0.196875 0.23125
6 0.90390625 0.534375 0.17890625 0.221875
6 0.78671875 0.65625 0.20234375 0.17578125
6 0.8578125 0.77421875 0.2078125 0.2359375
6 0.86171875 0.89375 0.2421875 0.2125
6 0.978125 0.76640625 0.04375 0.1484375
6 0.4078125 0.87265625 0.27890625 0.23984375
6 0.1921875 0.921875 0.19609375 0.15625
6 0.0453125 0.8921875 0.08984375 0.215625
6 0.2296875 0.63359375 0.21796875 0.2046875
6 0.0390625 0.69296875 0.078125 0.178125
6 0.0640625 0.48671875 0.128125 0.21796875
6 0.1390625 0.20625 0.225 0.21796875
6 0.32578125 0.06953125 0.25 0.1390625
6 0.53671875 0.025 0.15859375 0.05
6 0.86953125 0.0375 0.15703125 0.075
6 0.9578125 0.11640625 0.084375 0.203125
4 0.50390625 0.5234375 0.3515625 0.4015625