6 0.23046875 0.0625 0.2390625 0.121875
6 0.31953125 0.24921875 0.2265625 0.228125
6 0.5421875 0.19140625 0.19296875 0.19453125
6 0.64921875 0.15625 0.1984375 0.20234375
6 0.8078125 0.08359375 0.196875 0.1671875
6 0.96328125 0.02578125 0.07265625 0.05078125
6 0.85 0.32734375 0.2078125 0.17421875
6 0.80234375 0.43515625 0.2234375 0.22265625
6 0.965625 0.459375 0.06875 0.22578125
6 0.12421875 0.428125 0.175 0.1796875
6 0.25234375 0.6296875 0.20234375 0.18125
6 0.09765625 0.7328125 0.1953125 0.2
6 0.2578125 0.853125 0.190625 0.203125
6 0.4359375 0.92421875 0.19453125 0.1515625
6 0.64921875 0.90703125 0.221875 0.18515625
6 0.65703125 0.71484375 0.21796875 0.1890625
6 0.828125 0.77421875 0.209375 0.15703125
6 0.9546875 0.88125 0.08984375 0.18203125
6 0.8453125 0.9625 0.209375 0.075
6 0.075 0.93828125 0.15 0.1203125
6 0.028125 0.540625 0.05625 0.146875
6 0.05 0.1359375 0.1 0.2625
4 0.4984375 0.5109375 0.36796875 0.37421875
5 0.10546875 0.88125 0.0765625 0.06796875