6 0.6446180555555555 0.0022222222222222227 0.17638888888888893 0.004444444444444445
6 0.4306712962962963 0.0689308449074074 0.21284722222222233 0.1378616898148148
6 0.3252314814814815 0.04971643518518519 0.16516203703703702 0.09943287037037038
6 0.16310763888888888 0.04386574074074074 0.13003472222222223 0.08773148148148148
6 0.0648365162037037 0.0873046875 0.1296730324074074 0.174609375
6 0.02646122685185185 0.30678819444444444 0.0529224537037037 0.2090335648148148
6 0.006915509259259258 0.5311516203703703 0.013831018518518517 0.20957175925925925
6 0.06487268518518519 0.7407754629629629 0.12974537037037037 0.2371990740740742
6 0.1990451388888889 0.5611631944444444 0.1778935185185185 0.2358275462962963
6 0.11495949074074074 0.49520833333333336 0.15671296296296297 0.21118634259259253
6 0.9114872685185185 0.08820312500000001 0.17329282407407404 0.17640625000000001
6 0.7325810185185185 0.1732986111111111 0.20494791666666679 0.18754050925925925
6 0.632986111111111 0.23142939814814817 0.1633101851851851 0.19988425925925926
6 0.75 0.33440972222222226 0.1694444444444443 0.19712962962962965
6 0.8319444444444445 0.4371296296296296 0.3133101851851851 0.5034374999999999
6 0.9127604166666667 0.717650462962963 0.12459490740740761 0.2069444444444443
6 0.8312789351851851 0.8970949074074074 0.19600694444444428 0.11451388888888872
6 0.6086226851851853 0.9313368055555555 0.16319444444444448 0.07047453703703717
6 0.37873263888888886 0.9293692129629629 0.2041666666666667 0.10330439814814803
6 0.2552372685185185 0.8751041666666666 0.15830439814814817 0.1910127314814815
6 0.12951388888888887 0.9230902777777779 0.22372685185185182 0.14733796296296298
6 0.3050636574074074 0.18226273148148148 0.2854166666666667 0.2975462962962963
6 0.43234953703703705 0.23942129629629633 0.16310763888888893 0.19441550925925927
4 0.4486979166666667 0.45048611111111114 0.552025462962963 0.3819444444444445