6 0.11009403935185184 0.911880787037037 0.2201880787037037 0.17218750000000008
6 0.2187847222222222 0.7393402777777778 0.21193865740740742 0.22887152777777775
6 0.04103009259259259 0.6952025462962963 0.08206018518518518 0.2341550925925926
6 0.08317418981481481 0.3692303240740741 0.16634837962962962 0.2033043981481481
6 0.2899421296296296 0.2613831018518519 0.1918287037037037 0.18951967592592595
6 0.5057986111111111 0.14346064814814816 0.20982060185185175 0.19134837962962964
6 0.7696759259259259 0.2653645833333333 0.19373842592592574 0.21298032407407402
6 0.9197337962962961 0.47466435185185185 0.1498495370370371 0.20295717592592588
6 0.9636342592592593 0.14868055555555554 0.07124999999999986 0.16976851851851849
6 0.7414699074074074 0.05943287037037037 0.25143518518518526 0.10057870370370373
6 0.25807291666666665 0.03898726851851852 0.2244675925925926 0.07284143518518518
6 0.0412109375 0.032644675925925924 0.082421875 0.06527777777777777
6 0.6857118055555556 0.8165856481481482 0.20581018518518518 0.18425925925925918
6 0.8816666666666666 0.7233738425925926 0.218888888888889 0.2235069444444445
6 0.709050925925926 0.975625 0.22429398148148144 0.04875000000000007
4 0.47115162037037034 0.5305324074074074 0.45071759259259264 0.476886574074074
5 0.6559490740740741 0.3465104166666667 0.08416666666666668 0.09263310185185185