6 0.27841435185185187 0.9861197916666666 0.21134259259259255 0.02776041666666664
6 0.5150173611111111 0.9494270833333334 0.22285879629629618 0.10114583333333335
6 0.3029803240740741 0.8339756944444444 0.2317418981481482 0.25026041666666676
6 0.7944733796296296 0.7581076388888889 0.2708912037037038 0.25347222222222215
6 0.8721064814814815 0.47756944444444444 0.22934027777777785 0.20649305555555558
6 0.9534143518518519 0.3089236111111111 0.08078703703703702 0.24222222222222226
6 0.29910300925925926 0.11532986111111113 0.2361689814814815 0.22225694444444444
6 0.22612847222222224 0.33342013888888894 0.25850694444444444 0.23524305555555552
6 0.21519097222222222 0.4176215277777778 0.20390625 0.17314236111111114
6 0.011277488425925925 0.44024305555555554 0.02255497685185185 0.17890625
6 0.06805555555555556 0.5595138888888889 0.13611111111111113 0.20027777777777783
6 0.10453559027777777 0.6251909722222223 0.20907118055555554 0.22147569444444457
6 0.06952401620370371 0.08513888888888889 0.13904803240740743 0.16949652777777777
4 0.504832175925926 0.5350868055555555 0.39233217592592595 0.47630208333333324
5 0.07042824074074075 0.20954861111111112 0.10685763888888888 0.08199652777777774