6 0.44375 0.11015625 0.19453125 0.2203125
6 0.21484375 0.3125 0.2 0.21015625
6 0.05 0.40625 0.1 0.20625
6 0.0671875 0.66796875 0.128125 0.19453125
6 0.01953125 0.8859375 0.0390625 0.15703125
6 0.22578125 0.9765625 0.1625 0.04609375
6 0.6390625 0.903125 0.21953125 0.1375
6 0.6203125 0.9546875 0.196875 0.090625
6 0.80234375 0.571875 0.17578125 0.20234375
6 0.946875 0.5375 0.10546875 0.18359375
6 0.92109375 0.7234375 0.15703125 0.203125
6 0.746875 0.02578125 0.1359375 0.05078125
4 0.5015625 0.51328125 0.378125 0.41875
5 0.62265625 0.10859375 0.08828125 0.10390625