6 0.2069328703703704 0.6576909722222222 0.20414930555555558 0.22134259259259254
6 0.5595370370370369 0.8227546296296296 0.2869791666666668 0.25421875000000005
6 0.8722395833333334 0.7042824074074074 0.18949074074074054 0.19438657407407406
6 0.875960648148148 0.8882638888888887 0.16187499999999985 0.1732870370370371
6 0.9317824074074075 0.8647685185185185 0.05322916666666657 0.18410879629629626
6 0.8633101851851851 0.4853530092592592 0.2311689814814816 0.21590277777777783
6 0.7634317129629629 0.2753587962962963 0.2803414351851853 0.2766435185185185
6 0.9566435185185185 0.2649537037037037 0.06678240740740762 0.20479166666666665
6 0.7688599537037037 0.07865162037037036 0.2560300925925926 0.15730324074074073
6 0.901846064814815 0.08519965277777777 0.1949594907407409 0.17039930555555555
6 0.5327546296296296 0.12275173611111112 0.208732638888889 0.24550347222222224
6 0.33445601851851847 0.19914351851851853 0.23629050925925926 0.23945601851851853
6 0.16791087962962964 0.34214699074074073 0.21945023148148152 0.21555555555555558
6 0.044741030092592594 0.2688773148148148 0.08948206018518519 0.2583391203703703
6 0.07556857638888889 0.5349305555555556 0.15113715277777778 0.2199826388888889
6 0.023211805555555555 0.6832407407407407 0.04642361111111111 0.20851851851851855
6 0.22516782407407407 0.8927256944444444 0.2539988425925926 0.20487847222222227
6 0.16001736111111112 0.97578125 0.19561342592592595 0.04167824074074069
6 0.25439814814814815 0.04873842592592593 0.24354745370370373 0.09747685185185186
6 0.06015625 0.06796875 0.1203125 0.1359375
4 0.49028935185185185 0.5034259259259259 0.4390625 0.43423611111111116
5 0.03254918981481482 0.9778587962962962 0.06509837962962964 0.043773148148148165