6 0.36394675925925923 0.8280208333333334 0.2234085648148149 0.20188657407407434
6 0.12144097222222223 0.6108622685185185 0.19053819444444448 0.2615219907407408
6 0.06393229166666667 0.5487905092592593 0.12786458333333334 0.23976851851851855
6 0.06848958333333334 0.30582175925925925 0.13697916666666668 0.24601851851851855
6 0.25245949074074076 0.09638888888888889 0.2067997685185185 0.17439814814814814
6 0.4281828703703704 0.19292824074074072 0.2077835648148149 0.20096064814814815
6 0.49855324074074076 0.11097222222222222 0.2388310185185185 0.1762962962962963
6 0.6546006944444445 0.062280092592592595 0.16267361111111106 0.05641203703703703
6 0.6598379629629629 0.28025462962962966 0.24933449074074082 0.24941550925925923
6 0.8255787037037037 0.5829050925925927 0.21467013888888892 0.260613425925926
6 0.943605324074074 0.6517534722222222 0.07699652777777785 0.22673032407407412
6 0.9591724537037036 0.4217013888888889 0.0609375 0.17199074074074083
6 0.9215277777777778 0.1908449074074074 0.1546006944444443 0.2172974537037037
6 0.8531828703703704 0.873454861111111 0.2405381944444443 0.22239004629629627
6 0.794704861111111 0.9869907407407407 0.22129629629629619 0.026018518518518618
6 0.3637152777777778 0.9674479166666667 0.2038483796296296 0.06510416666666644
6 0.1818576388888889 0.957087673611111 0.2361979166666667 0.085824652777778
6 0.07662037037037037 0.9203587962962964 0.15324074074074073 0.15928240740740734
4 0.4775752314814815 0.5293981481481481 0.4963831018518519 0.4581597222222221