6 0.09186487268518519 0.5929224537037037 0.18372974537037037 0.2531712962962963
6 0.12070023148148148 0.6826041666666667 0.22964699074074071 0.23626157407407397
6 0.45543981481481477 0.7748726851851853 0.19513888888888892 0.24511574074074077
6 0.7555092592592593 0.598275462962963 0.25447337962962974 0.2610879629629629
6 0.9197511574074074 0.49356481481481485 0.10952546296296291 0.24549189814814804
6 0.9472916666666666 0.5674479166666666 0.04120370370370381 0.1698206018518519
6 0.816568287037037 0.8422222222222222 0.20087384259259267 0.22365740740740742
6 0.35193287037037035 0.9188020833333332 0.22238425925925923 0.126840277777778
6 0.04711805555555556 0.8872395833333334 0.09423611111111112 0.22552083333333323
6 0.3680613425925926 0.0964525462962963 0.2576273148148148 0.1929050925925926
6 0.6313946759259259 0.07456597222222222 0.2528356481481481 0.14913194444444444
6 0.8785474537037036 0.062424768518518525 0.2429050925925928 0.12484953703703705
4 0.4796585648148148 0.4581423611111111 0.41565972222222225 0.41933449074074075