6 0.73359375 0.7737499999999999 0.2421875 0.29427083333333337
6 0.58515625 0.7398958333333333 0.2625 0.21671875000000007
6 0.68359375 0.9106770833333332 0.22578125 0.10177083333333314
6 0.93359375 0.9205729166666667 0.1328125 0.04244791666666643
6 0.88984375 0.7242708333333333 0.2203125 0.28421875000000013
6 0.8296875 0.5290625 0.21796875 0.23093749999999993
6 0.953125 0.5770833333333334 0.09296875 0.19135416666666671
6 0.94765625 0.3985416666666667 0.1046875 0.2179166666666667
6 0.79140625 0.3019270833333333 0.24453125 0.21317708333333335
6 0.1578125 0.5027604166666666 0.175 0.22338541666666673
6 0.0421875 0.39484375 0.084375 0.22203125000000004
6 0.23984375 0.26135416666666667 0.20078125 0.19385416666666666
4 0.48984375 0.47437500000000005 0.475 0.5051041666666667