6 0.40390625 0.1359375 0.21328125 0.21640625
6 0.7390625 0.178125 0.24375 0.27578125
6 0.875 0.16875 0.203125 0.23515625
6 0.84296875 0.4203125 0.2328125 0.2265625
6 0.94140625 0.55546875 0.1171875 0.21640625
6 0.87421875 0.75625 0.18828125 0.24609375
6 0.42734375 0.8359375 0.24765625 0.22265625
6 0.51640625 0.89609375 0.20703125 0.2078125
6 0.66640625 0.76796875 0.23515625 0.22265625
6 0.884375 0.93828125 0.209375 0.12265625
6 0.14765625 0.8109375 0.209375 0.26484375
6 0.1984375 0.58203125 0.24765625 0.24765625
6 0.046875 0.57109375 0.09375 0.21015625
6 0.12109375 0.3921875 0.24140625 0.2203125
6 0.1984375 0.2390625 0.26953125 0.2328125
6 0.046875 0.2140625 0.09375 0.19921875
6 0.06171875 0.07265625 0.1234375 0.1453125
6 0.60703125 0.0328125 0.21796875 0.065625
6 0.8390625 0.04140625 0.24453125 0.0828125
6 0.9625 0.33515625 0.075 0.18671875
4 0.5078125 0.5046875 0.42578125 0.45