6 0.34921875 0.09453125 0.22421875 0.18828125
6 0.73828125 0.18984375 0.24609375 0.20546875
6 0.9125 0.21953125 0.17109375 0.22265625
6 0.82265625 0.0515625 0.2765625 0.103125
6 0.803125 0.52265625 0.23046875 0.20546875
6 0.97734375 0.565625 0.04453125 0.16953125
6 0.91015625 0.7078125 0.175 0.2078125
6 0.72734375 0.7578125 0.215625 0.24375
6 0.93984375 0.92578125 0.11953125 0.1484375
6 0.459375 0.8984375 0.20546875 0.19921875
6 0.259375 0.82578125 0.16875 0.19296875
6 0.171875 0.5234375 0.24609375 0.24140625
6 0.0296875 0.8203125 0.059375 0.175
6 0.096875 0.940625 0.19375 0.11875
6 0.06484375 0.19453125 0.1296875 0.2421875
6 0.13359375 0.12109375 0.18125 0.2078125
6 0.02421875 0.04296875 0.0484375 0.0859375
4 0.5 0.50703125 0.3890625 0.60234375