6 0.8668113425925925 0.10859375 0.23200231481481487 0.11697916666666668
6 0.7468229166666667 0.26786458333333335 0.23443865740740738 0.23505208333333333
6 0.6135243055555556 0.11359375000000001 0.2127893518518519 0.15864583333333332
6 0.3911863425925926 0.055781250000000004 0.20043981481481482 0.07270833333333333
6 0.32696180555555554 0.17890625 0.2341666666666667 0.19833333333333333
6 0.11015625 0.04015625 0.2203125 0.0803125
6 0.12899305555555557 0.20791666666666667 0.20388888888888893 0.22208333333333333
6 0.0632349537037037 0.5347916666666667 0.1264699074074074 0.20083333333333328
6 0.020509259259259262 0.46942708333333333 0.041018518518518524 0.20135416666666667
6 0.25595486111111115 0.7955729166666666 0.21626736111111117 0.20651041666666678
6 0.4025405092592592 0.8444270833333333 0.23573495370370381 0.19921875
6 0.9225868055555555 0.28192708333333333 0.1530555555555555 0.21166666666666661
6 0.9277546296296297 0.5339583333333333 0.13892939814814795 0.20213541666666668
6 0.8257291666666667 0.4841666666666667 0.17230902777777785 0.17546874999999992
6 0.676400462962963 0.805625 0.1999305555555555 0.21479166666666671
6 0.5313831018518519 0.9452083333333334 0.24008101851851862 0.10958333333333314
6 0.6498263888888889 0.991796875 0.17774305555555542 0.01640625
6 0.14666666666666667 0.9795182291666666 0.17767939814814815 0.040963541666666714
6 0.07754629629629631 0.89453125 0.15509259259259262 0.2109375
6 0.901568287037037 0.9756770833333335 0.18357638888888914 0.048645833333333145
4 0.4877025462962963 0.5327604166666667 0.4565625000000001 0.4942708333333332