6 0.46687500000000004 0.8541840277777778 0.2441898148148148 0.2459722222222222
6 0.12625578703703705 0.5977777777777777 0.22993055555555553 0.23237847222222213
6 0.1820949074074074 0.36067708333333337 0.26664930555555555 0.23319444444444448
6 0.041349826388888886 0.32482638888888893 0.08269965277777777 0.2690798611111111
6 0.078125 0.08125 0.15625 0.1625
6 0.3447280092592593 0.18993055555555555 0.23181712962962964 0.25428819444444445
6 0.47446180555555556 0.1839236111111111 0.2242303240740741 0.21663194444444445
6 0.6408159722222222 0.13102430555555555 0.24004050925925924 0.22947916666666668
6 0.7016782407407407 0.18746527777777777 0.25110532407407415 0.2383159722222222
6 0.8837557870370369 0.2857291666666667 0.22628472222222235 0.19715277777777782
6 0.8892361111111111 0.39026041666666667 0.21177662037037023 0.21947916666666673
6 0.9643344907407407 0.11836805555555555 0.07054398148148167 0.22805555555555554
6 0.8963310185185186 0.027703993055555553 0.20732638888888885 0.055407986111111106
6 0.5064641203703704 0.03414930555555555 0.27144675925925926 0.0682986111111111
6 0.02186631944444444 0.7408159722222223 0.04373263888888888 0.21602430555555543
6 0.880329861111111 0.6224131944444444 0.22393518518518504 0.24942708333333333
6 0.8174710648148149 0.8588888888888888 0.23284722222222243 0.21838541666666664
6 0.9638773148148149 0.8345486111111111 0.050023148148148164 0.2135416666666668
6 0.6291898148148147 0.9685069444444444 0.2005092592592593 0.03881944444444443
6 0.35197337962962966 0.9660763888888889 0.22107638888888886 0.0564583333333335
6 0.10764756944444445 0.9567361111111111 0.2152951388888889 0.08614583333333314
6 0.03424768518518519 0.8709895833333334 0.06849537037037037 0.23458333333333314
4 0.4724884259259259 0.4752777777777778 0.40137731481481487 0.4181597222222223