6 0.321875 0.071875 0.2046875 0.14296875
6 0.553125 0.01953125 0.14453125 0.03828125
6 0.6140625 0.19765625 0.1921875 0.2109375
6 0.759375 0.16953125 0.22734375 0.19140625
6 0.93984375 0.09765625 0.1203125 0.1953125
6 0.93359375 0.58125 0.13203125 0.24375
6 0.97109375 0.33671875 0.0578125 0.1890625
6 0.965625 0.81484375 0.06875 0.18359375
6 0.8171875 0.86953125 0.1984375 0.2125
6 0.4625 0.8140625 0.19453125 0.2109375
6 0.58125 0.815625 0.1921875 0.1796875
6 0.509375 0.978125 0.2140625 0.04375
6 0.21484375 0.75 0.2234375 0.18984375
6 0.04921875 0.84453125 0.09765625 0.19453125
6 0.21796875 0.41328125 0.1703125 0.20234375
6 0.03046875 0.15390625 0.0578125 0.10078125
6 0.05703125 0.365625 0.1140625 0.25078125
4 0.4984375 0.5046875 0.378125 0.39375
5 0.075 0.65625 0.0625 0.096875