6 0.5921875 0.2078125 0.209375 0.18203125
6 0.83359375 0.40234375 0.175 0.24140625
6 0.9171875 0.46015625 0.165625 0.2234375
6 0.9171875 0.69453125 0.165625 0.2296875
6 0.7265625 0.91328125 0.196875 0.1734375
6 0.55234375 0.821875 0.19453125 0.18203125
6 0.4890625 0.91328125 0.2265625 0.1734375
6 0.340625 0.9703125 0.15625 0.059375
6 0.32578125 0.7515625 0.2328125 0.2265625
6 0.1546875 0.46953125 0.1984375 0.2390625
6 0.0375 0.4109375 0.075 0.21640625
6 0.0296875 0.63203125 0.059375 0.1640625
6 0.075 0.85390625 0.14921875 0.203125
6 0.11640625 0.19296875 0.2328125 0.19921875
6 0.17109375 0.04375 0.209375 0.08671875
6 0.37890625 0.0171875 0.19453125 0.03359375
6 0.5875 0.05078125 0.196875 0.1015625
6 0.7640625 0.05390625 0.22421875 0.1078125
6 0.896875 0.08671875 0.20546875 0.1734375
4 0.49296875 0.50078125 0.4640625 0.41484375