6 0.7807002314814815 0.6210185185185185 0.23382523148148132 0.2305671296296296
6 0.46521990740740743 0.8252430555555555 0.22928240740740727 0.25524305555555565
6 0.22164351851851852 0.7087152777777778 0.2421875 0.20377893518518525
6 0.15674189814814815 0.8193576388888889 0.20503472222222224 0.2319791666666667
6 0.02745949074074074 0.7422164351851851 0.05491898148148148 0.24056712962962976
6 0.09351851851851851 0.4994965277777778 0.18703703703703703 0.23850694444444437
6 0.1951678240740741 0.3290914351851852 0.21059027777777778 0.23464699074074077
6 0.11640625 0.11640625 0.2328125 0.2328125
6 0.03486689814814815 0.2914814814814815 0.0697337962962963 0.223287037037037
6 0.3285300925925926 0.06707175925925926 0.23825231481481488 0.13414351851851852
6 0.5570601851851851 0.12330729166666668 0.2554108796296298 0.24661458333333336
6 0.649363425925926 0.0430787037037037 0.2075231481481481 0.0861574074074074
6 0.7836226851851852 0.14221064814814816 0.21643518518518529 0.2451273148148148
6 0.8714699074074075 0.009947916666666667 0.25706018518518514 0.019895833333333335
6 0.9834201388888889 0.06020833333333333 0.03237847222222214 0.12041666666666666
6 0.9472511574074073 0.27049189814814817 0.09082754629629619 0.26340856481481484
6 0.8283275462962963 0.3874537037037037 0.2114293981481481 0.2573032407407408
6 0.9339409722222222 0.5456770833333333 0.09612268518518548 0.23799768518518505
6 0.8586516203703705 0.8105034722222223 0.22595486111111107 0.22854166666666664
6 0.10810185185185187 0.9691030092592593 0.21620370370370373 0.058645833333333286
4 0.47780671296296295 0.4643518518518519 0.44496527777777783 0.45901041666666664
5 0.2691550925925926 0.9202719907407406 0.11238425925925925 0.129826388888889