6 0.13125 0.0265625 0.1453125 0.0484375
6 0.2640625 0.12734375 0.2421875 0.2546875
6 0.1359375 0.30703125 0.18125 0.2515625
6 0.04140625 0.10703125 0.0828125 0.2109375
6 0.515625 0.13828125 0.24375 0.2765625
6 0.6703125 0.04296875 0.215625 0.08515625
6 0.89453125 0.10234375 0.19296875 0.17578125
6 0.7140625 0.23515625 0.2171875 0.20234375
6 0.83203125 0.4515625 0.13984375 0.30859375
6 0.90234375 0.52890625 0.1953125 0.2234375
6 0.98828125 0.35234375 0.0234375 0.0984375
6 0.21640625 0.71796875 0.25 0.21875
6 0.11015625 0.89375 0.2171875 0.2125
6 0.35078125 0.925 0.20078125 0.14921875
6 0.57578125 0.8625 0.265625 0.2546875
6 0.72109375 0.953125 0.175 0.09375
6 0.85546875 0.834375 0.18125 0.27421875
6 0.91015625 0.95390625 0.1796875 0.0921875
6 0.94375 0.77890625 0.1125 0.26484375
4 0.49765625 0.534375 0.403125 0.4265625