6 0.4234375 0.13828125 0.23828125 0.253125
6 0.73203125 0.28984375 0.2421875 0.23125
6 0.71875 0.7453125 0.1703125 0.1890625
6 0.784375 0.90546875 0.259375 0.1890625
6 0.87265625 0.628125 0.2328125 0.26796875
6 0.55390625 0.8234375 0.196875 0.17421875
6 0.34375 0.7703125 0.2171875 0.18125
6 0.26796875 0.9203125 0.2578125 0.159375
6 0.1375 0.73671875 0.1984375 0.2140625
6 0.22578125 0.5796875 0.19453125 0.21796875
6 0.0625 0.8984375 0.125 0.2
6 0.97109375 0.8953125 0.0578125 0.17421875
6 0.95625 0.24453125 0.0875 0.20859375
6 0.9015625 0.1484375 0.196875 0.215625
6 0.5578125 0.04296875 0.2046875 0.08515625
6 0.20859375 0.159375 0.17890625 0.21875
6 0.0578125 0.203125 0.115625 0.215625
6 0.146875 0.3796875 0.20390625 0.23203125
6 0.0578125 0.5671875 0.11484375 0.23203125
4 0.50625 0.49921875 0.37265625 0.38671875