6 0.2035763888888889 0.5853298611111111 0.20412615740740742 0.24362268518518526
6 0.09430555555555556 0.7064930555555555 0.17976851851851852 0.22451388888888885
6 0.0738599537037037 0.4778645833333333 0.14155092592592594 0.23254050925925931
6 0.17807291666666666 0.41225115740740736 0.212650462962963 0.234375
6 0.043258101851851846 0.24938657407407408 0.08445601851851851 0.22310185185185186
6 0.3090104166666666 0.15715856481481483 0.22579282407407408 0.21582175925925923
6 0.10220486111111111 0.08671875 0.20440972222222223 0.1734375
6 0.28305555555555556 0.03137442129629629 0.17782986111111115 0.06274884259259259
6 0.5628587962962963 0.14558449074074073 0.24377314814814816 0.21765046296296298
6 0.7317881944444444 0.0678689236111111 0.2237268518518519 0.1357378472222222
6 0.8650925925925925 0.23174189814814813 0.2590335648148148 0.2741203703703704
6 0.9333998842592592 0.47056712962962965 0.13320023148148152 0.2317013888888889
6 0.7606365740740741 0.8974247685185185 0.18651041666666668 0.18555555555555542
6 0.652806712962963 0.8966782407407408 0.21310763888888892 0.19063657407407392
6 0.43074074074074076 0.8741840277777777 0.22199652777777779 0.230607638888889
6 0.32215856481481486 0.8773553240740741 0.21581018518518516 0.23910879629629633
6 0.05429976851851852 0.8961689814814815 0.09677083333333333 0.1982870370370371
6 0.1385185185185185 0.9793055555555554 0.14324074074074072 0.038836805555555284
6 0.8729456018518519 0.9754571759259261 0.20563657407407412 0.02570023148148124
4 0.48315972222222225 0.46164351851851854 0.40159143518518514 0.43168402777777787
5 0.5793113425925925 0.6789930555555556 0.0771932870370371 0.08629050925925927