6 0.6164409722222223 0.7834027777777778 0.2172048611111112 0.18829282407407408
6 0.8543344907407407 0.5821354166666667 0.1846122685185186 0.24793981481481478
6 0.9242650462962964 0.524681712962963 0.15146990740740734 0.22899305555555555
6 0.9207002314814815 0.28718171296296297 0.15859953703703694 0.23524305555555552
6 0.7290162037037037 0.07815972222222223 0.2017824074074074 0.15631944444444446
6 0.5581250000000001 0.16055555555555556 0.2023611111111112 0.18807291666666667
6 0.4891724537037037 0.0800462962962963 0.23146990740740742 0.1600925925925926
6 0.3374594907407408 0.02308738425925926 0.1585127314814815 0.04617476851851852
6 0.3313715277777778 0.23660300925925926 0.24196180555555546 0.23317129629629632
6 0.16638310185185184 0.5243287037037037 0.20798032407407407 0.2459432870370371
6 0.05097800925925926 0.5862210648148147 0.07364583333333333 0.21896412037037044
6 0.03728009259259259 0.3613252314814815 0.05800925925925925 0.16563078703703704
6 0.07597222222222222 0.13721643518518517 0.14901041666666667 0.20602430555555556
6 0.13802083333333331 0.8069039351851852 0.23338541666666662 0.20727430555555557
6 0.1940046296296296 0.9553587962962963 0.21575810185185187 0.08675347222222207
6 0.4057291666666667 0.9787962962962963 0.19777777777777777 0.0333854166666665
6 0.6148900462962963 0.9420891203703704 0.19976851851851868 0.10057291666666686
6 0.7936805555555555 0.9355324074074074 0.23049189814814816 0.10961805555555557
6 0.9106828703703703 0.8999710648148149 0.1786342592592593 0.1764467592592595
4 0.5076215277777778 0.48722800925925924 0.48198495370370364 0.42726851851851855