6 0.778125 0.41875 0.196875 0.23359375
6 0.9 0.3046875 0.2 0.21640625
6 0.91875 0.52578125 0.1625 0.22578125
6 0.80234375 0.58671875 0.2046875 0.22421875
6 0.946875 0.74921875 0.10546875 0.21484375
6 0.67265625 0.83203125 0.21796875 0.20625
6 0.8796875 0.9078125 0.20625 0.1734375
6 0.69765625 0.9625 0.1734375 0.075
6 0.42578125 0.83984375 0.23515625 0.20703125
6 0.26171875 0.92421875 0.2171875 0.1515625
6 0.1328125 0.7515625 0.25 0.2625
6 0.06640625 0.51953125 0.13203125 0.22265625
6 0.2390625 0.10859375 0.1796875 0.17734375
6 0.34453125 0.10078125 0.20546875 0.20078125
6 0.559375 0.13515625 0.2140625 0.2203125
6 0.665625 0.12421875 0.2078125 0.24765625
6 0.940625 0.1203125 0.11875 0.18984375
6 0.84609375 0.02734375 0.1359375 0.0546875
6 0.13203125 0.021875 0.20078125 0.04296875
4 0.50625 0.534375 0.3875 0.41328125
5 0.4140625 0.321875 0.07421875 0.0828125