6 0.11266782407407408 0.2319502314814815 0.20941550925925928 0.21948495370370366
6 0.1483275462962963 0.5103587962962963 0.2903645833333333 0.28552083333333333
6 0.24223958333333334 0.6363252314814816 0.2305902777777778 0.23073495370370373
6 0.532355324074074 0.7742303240740741 0.3199537037037038 0.16722222222222208
6 0.3120949074074074 0.8900057870370371 0.31015046296296295 0.21472800925925953
6 0.6857523148148148 0.9141608796296297 0.2308101851851852 0.15496527777777763
6 0.9328703703703702 0.889351851851852 0.13425925925925952 0.1950405092592593
6 0.7987442129629629 0.6624594907407407 0.22084490740740748 0.2860532407407407
6 0.9591464120370372 0.6647280092592592 0.08170717592592566 0.2168981481481481
6 0.8026273148148148 0.34283564814814815 0.3043981481481481 0.2818229166666667
6 0.9018026620370371 0.1467997685185185 0.1963946759259258 0.19354166666666667
6 0.4339178240740741 0.14710358796296297 0.2967418981481481 0.29420717592592593
6 0.5970833333333333 0.024699074074074075 0.26916666666666667 0.04939814814814815
6 0.2145138888888889 0.06038773148148148 0.2805902777777778 0.12077546296296296
4 0.5123263888888889 0.4963715277777777 0.3515335648148149 0.42313078703703705