6 0.23203125 0.046875 0.2578125 0.09375
6 0.75078125 0.07421875 0.2390625 0.1484375
6 0.70625 0.278125 0.18515625 0.19453125
6 0.91796875 0.31953125 0.1640625 0.17734375
6 0.809375 0.521875 0.1796875 0.24375
6 0.96015625 0.70546875 0.0796875 0.1875
6 0.8171875 0.78515625 0.20234375 0.1984375
6 0.91015625 0.96171875 0.1796875 0.0765625
6 0.46640625 0.91484375 0.196875 0.16953125
6 0.24921875 0.80234375 0.19453125 0.2265625
6 0.0796875 0.93046875 0.1484375 0.1390625
6 0.06328125 0.72265625 0.1265625 0.2359375
6 0.05078125 0.484375 0.1015625 0.20625
6 0.26953125 0.30625 0.2078125 0.171875
6 0.06640625 0.1296875 0.13203125 0.2515625
4 0.50625 0.54921875 0.40234375 0.4390625
5 0.50625 0.1234375 0.08203125 0.07578125