6 0.14921875 0.11875 0.21796875 0.2078125
6 0.334375 0.06015625 0.184375 0.1203125
6 0.6796875 0.21171875 0.1578125 0.19921875
6 0.77421875 0.51796875 0.1515625 0.18828125
6 0.18671875 0.371875 0.18984375 0.2609375
6 0.2234375 0.54375 0.14765625 0.2140625
6 0.04453125 0.48828125 0.0890625 0.2015625
6 0.6546875 0.79609375 0.203125 0.19296875
6 0.240625 0.75 0.22421875 0.203125
6 0.32578125 0.928125 0.2328125 0.14375
4 0.50234375 0.50078125 0.3984375 0.3703125
5 0.46875 0.2796875 0.0515625 0.046875
5 0.5609375 0.25078125 0.07109375 0.06796875
5 0.4328125 0.7328125 0.08984375 0.09609375
5 0.07109375 0.7546875 0.08203125 0.075