6 0.8747916666666666 0.8619560185185187 0.18625000000000008 0.2557175925925925
6 0.5267013888888888 0.8841608796296295 0.22567708333333342 0.21179976851851876
6 0.7123437499999999 0.9400361689814816 0.2486979166666668 0.11992766203703695
6 0.14663194444444444 0.7464120370370371 0.2751909722222222 0.2367361111111112
6 0.1568923611111111 0.4276041666666666 0.22460069444444444 0.22271412037037025
6 0.09856770833333334 0.2640046296296296 0.19713541666666667 0.25847800925925923
6 0.2657638888888889 0.21188657407407407 0.22932291666666665 0.22356481481481483
6 0.35453125 0.06153935185185185 0.27921874999999996 0.11656250000000001
6 0.5388541666666666 0.18857060185185187 0.24838541666666672 0.23087384259259255
6 0.7072569444444444 0.2340625 0.2550173611111111 0.2044270833333334
6 0.8028993055555557 0.06974537037037037 0.25901041666666663 0.11860532407407406
6 0.5753125 0.03666666666666667 0.17750000000000005 0.05884259259259259
6 0.04173611111111111 0.4890219907407408 0.08347222222222223 0.2342939814814816
6 0.8775868055555556 0.3593229166666666 0.22704861111111113 0.29535879629629636
6 0.05123697916666666 0.9072294560185185 0.10247395833333332 0.18554108796296304
6 0.01228732638888889 0.7027256944444444 0.02457465277777778 0.20856481481481487
4 0.47118055555555555 0.5151273148148149 0.4684201388888889 0.43868634259259254