6 0.8736458333333333 0.3953587962962963 0.2078645833333333 0.233443287037037
6 0.7314062499999999 0.6487557870370371 0.22130208333333332 0.21311921296296302
6 0.6360416666666666 0.7245486111111111 0.24984374999999998 0.22082754629629625
6 0.4908854166666667 0.8698784722222221 0.2580729166666666 0.2158043981481484
6 0.8384895833333333 0.8175983796296297 0.22244791666666686 0.24198495370370382
6 0.20151041666666666 0.7027025462962962 0.2836458333333334 0.2724074074074075
6 0.13807291666666666 0.12441550925925926 0.2559895833333333 0.24294560185185188
6 0.5725520833333333 0.1272410300925926 0.28526041666666657 0.2544820601851852
6 0.93453125 0.6148668981481482 0.0515625 0.14281250000000015
4 0.46208333333333335 0.4844328703703704 0.34510416666666666 0.365127314814815
4 0.8569270833333335 0.08815393518518519 0.28614583333333315 0.17630787037037038
5 0.8290104166666665 0.21237847222222223 0.09624999999999986 0.08907407407407408