6 0.51484375 0.20546875 0.215625 0.21640625
6 0.740625 0.2328125 0.24375 0.2265625
6 0.8671875 0.39453125 0.21796875 0.2265625
6 0.81171875 0.61484375 0.215625 0.2140625
6 0.721875 0.66953125 0.2078125 0.21875
6 0.86875 0.84453125 0.234375 0.2359375
6 0.95859375 0.56171875 0.0828125 0.2078125
6 0.61953125 0.05546875 0.2078125 0.11015625
6 0.42890625 0.03046875 0.1796875 0.0609375
6 0.05390625 0.02890625 0.10703125 0.0578125
6 0.04453125 0.1453125 0.08828125 0.19453125
6 0.12734375 0.31171875 0.21953125 0.24765625
6 0.2078125 0.39921875 0.2484375 0.23515625
6 0.08828125 0.78203125 0.1765625 0.2046875
6 0.30859375 0.76640625 0.22109375 0.20078125
6 0.425 0.80625 0.23046875 0.221875
6 0.37890625 0.9359375 0.25546875 0.12734375
6 0.72734375 0.96484375 0.19609375 0.06953125
4 0.50390625 0.50078125 0.35703125 0.40234375