6 0.46685763888888887 0.17330439814814813 0.21379629629629626 0.17814814814814817
6 0.6391608796296296 0.23366319444444444 0.296712962962963 0.1934375
6 0.8700983796296298 0.19490162037037037 0.1962442129629629 0.23413194444444446
6 0.965769675925926 0.3158564814814815 0.06846064814814809 0.20962384259259254
6 0.9116898148148149 0.5275462962962962 0.17662037037037023 0.20266203703703703
6 0.8726678240740741 0.43631944444444437 0.23189814814814796 0.1963831018518519
6 0.949168113425926 0.7484027777777778 0.10166377314814809 0.23204282407407426
6 0.6764293981481482 0.7302546296296295 0.2667534722222221 0.2617361111111112
6 0.7344097222222222 0.9585691550925926 0.24911458333333342 0.08286168981481482
6 0.629525462962963 0.9309201388888889 0.28076388888888887 0.13815972222222223
6 0.40065393518518516 0.9341811342592592 0.20803819444444455 0.13163773148148153
6 0.2070659722222222 0.9548683449074075 0.19364583333333335 0.09026331018518512
6 0.08478009259259259 0.7941377314814815 0.15974537037037037 0.26327546296296306
6 0.18836805555555552 0.5417939814814815 0.20236111111111113 0.2162557870370371
6 0.11667824074074074 0.46027199074074077 0.2283738425925926 0.2478877314814815
6 0.04043981481481481 0.29197337962962966 0.07824074074074075 0.22769675925925928
6 0.1612384259259259 0.04300925925925926 0.2154398148148148 0.08365162037037037
6 0.5311053240740741 0.0937962962962963 0.2528356481481481 0.17560185185185187
6 0.7604861111111111 0.05579282407407408 0.22956597222222222 0.09245370370370372
4 0.49826388888888884 0.5112326388888888 0.3780381944444445 0.41571180555555554