6 0.375 0.16953125 0.2078125 0.19296875
6 0.603125 0.259375 0.209375 0.19296875
6 0.77265625 0.42109375 0.190625 0.15703125
6 0.7828125 0.61796875 0.1875 0.2046875
6 0.940625 0.67890625 0.11875 0.2109375
6 0.93125 0.31640625 0.1375 0.1890625
6 0.85234375 0.1140625 0.1734375 0.21015625
6 0.96171875 0.05546875 0.0765625 0.1109375
6 0.41484375 0.08359375 0.21328125 0.16640625
6 0.175 0.3640625 0.19296875 0.23203125
6 0.06171875 0.5078125 0.12265625 0.2359375
6 0.33984375 0.85859375 0.22734375 0.2109375
6 0.79140625 0.9359375 0.2234375 0.12734375
6 0.95625 0.93828125 0.0875 0.1234375
6 0.0578125 0.93046875 0.11484375 0.1390625
6 0.03984375 0.0984375 0.0796875 0.1890625
4 0.4984375 0.5625 0.3859375 0.3828125