6 0.37734375 0.13671875 0.22421875 0.25234375
6 0.64453125 0.21328125 0.203125 0.24375
6 0.846875 0.55625 0.1984375 0.25234375
6 0.94140625 0.578125 0.1171875 0.2375
6 0.70390625 0.74296875 0.22890625 0.24375
6 0.90390625 0.86875 0.1921875 0.203125
6 0.56640625 0.80390625 0.221875 0.196875
6 0.70078125 0.928125 0.2265625 0.14375
6 0.48046875 0.97421875 0.1921875 0.0515625
6 0.175 0.890625 0.26953125 0.21796875
6 0.10703125 0.68359375 0.20546875 0.2265625
6 0.19765625 0.6046875 0.25390625 0.2265625
6 0.215625 0.29453125 0.24765625 0.19921875
6 0.08984375 0.22890625 0.1796875 0.24609375
6 0.87890625 0.3125 0.24140625 0.25234375
6 0.8640625 0.0859375 0.24140625 0.171875
6 0.89140625 0.0234375 0.1625 0.046875
4 0.50078125 0.5 0.4140625 0.42265625