6 0.42125 0.11456163194444444 0.234375 0.22912326388888887
6 0.7694791666666666 0.14453993055555556 0.2697395833333333 0.2890798611111111
6 0.89671875 0.12383680555555557 0.20656250000000007 0.24767361111111114
6 0.8823437500000001 0.3865972222222222 0.23531249999999987 0.24425347222222218
6 0.9666145833333333 0.5202083333333334 0.06677083333333336 0.2261805555555556
6 0.9211197916666667 0.7320486111111111 0.1577604166666667 0.2617361111111112
6 0.49364583333333334 0.8344965277777778 0.2699999999999999 0.24100694444444457
6 0.5875520833333333 0.8796875 0.22692708333333336 0.202482638888889
6 0.7350520833333334 0.7532465277777778 0.2567187500000001 0.2404166666666665
6 0.9282291666666665 0.9069444444444444 0.14354166666666685 0.11527777777777785
6 0.20359375000000002 0.8207465277777779 0.2338541666666666 0.28302083333333317
6 0.24098958333333337 0.5824479166666666 0.27171874999999995 0.26678819444444457
6 0.08473958333333334 0.5776388888888888 0.10578124999999998 0.21968749999999987
6 0.14734375 0.38836805555555554 0.2573958333333333 0.23888888888888893
6 0.21744791666666669 0.22932291666666665 0.29260416666666667 0.2529166666666667
6 0.06010416666666666 0.20810763888888886 0.10505208333333334 0.20875000000000005
6 0.06645833333333333 0.07108506944444445 0.13213541666666667 0.1421701388888889
6 0.6214062499999999 0.01684027777777778 0.22718749999999996 0.03368055555555556
6 0.8627083333333333 0.021961805555555554 0.25666666666666665 0.04392361111111111
6 0.9821744791666667 0.2918576388888889 0.03565104166666657 0.19526041666666663
4 0.5536458333333334 0.4886284722222222 0.4692187499999999 0.4835416666666667