6 0.29888888888888887 0.12500578703703705 0.1958622685185185 0.21437499999999998
6 0.517337962962963 0.12219907407407407 0.24156828703703698 0.23034143518518518
6 0.8092939814814816 0.3232638888888889 0.26560763888888916 0.2520428240740741
6 0.12490017361111112 0.4375810185185186 0.24980034722222225 0.2332928240740742
6 0.13765625 0.6446006944444445 0.26255208333333335 0.2542013888888889
6 0.10940393518518518 0.887355324074074 0.21880787037037036 0.2252893518518519
6 0.4417071759259259 0.9112384259259259 0.23329861111111114 0.13548611111111128
6 0.7588483796296297 0.8940046296296297 0.26052662037037033 0.13320023148148152
6 0.9161168981481481 0.8503703703703703 0.11952546296296304 0.1911342592592593
6 0.9010648148148149 0.7529976851851853 0.15689814814814795 0.24170138888888887
6 0.7152546296296297 0.7070775462962964 0.22670717592592596 0.25519675925925933
6 0.26353009259259264 0.9498726851851853 0.1456944444444444 0.07414351851851819
6 0.13202546296296297 0.025138888888888888 0.17110532407407408 0.050277777777777775
6 0.33969907407407407 0.023682002314814814 0.18542245370370375 0.04736400462962963
6 0.480462962962963 0.014861111111111113 0.17423032407407407 0.029722222222222226
6 0.7727141203703705 0.03065538194444445 0.206111111111111 0.0613107638888889
6 0.909068287037037 0.09972800925925926 0.17973379629629632 0.19945601851851852
6 0.06351273148148148 0.2164699074074074 0.12702546296296297 0.2686226851851852
4 0.48594328703703704 0.47110532407407407 0.4578819444444445 0.45060763888888894