6 0.21171875 0.42890625 0.21953125 0.2125
6 0.23515625 0.2484375 0.284375 0.2265625
6 0.67734375 0.2203125 0.23515625 0.22578125
6 0.65625 0.071875 0.253125 0.14375
6 0.45 0.03203125 0.1921875 0.0640625
6 0.21328125 0.0671875 0.28046875 0.13359375
6 0.9296875 0.2734375 0.13984375 0.1984375
6 0.9296875 0.14921875 0.13984375 0.21484375
6 0.79921875 0.565625 0.23046875 0.20703125
6 0.86328125 0.77890625 0.25546875 0.24296875
6 0.62890625 0.7828125 0.2078125 0.2125
6 0.36875 0.75 0.196875 0.20078125
6 0.0875 0.6515625 0.175 0.21875
6 0.0671875 0.86640625 0.134375 0.2484375
6 0.04140625 0.44375 0.0828125 0.1875
4 0.50625 0.50625 0.34765625 0.4015625