6 0.5958333333333334 0.8650868055555556 0.24467592592592596 0.24746527777777771
6 0.3151041666666667 0.8010590277777778 0.22163194444444442 0.2602256944444445
6 0.11249421296296296 0.4456423611111111 0.21722222222222226 0.2694965277777778
6 0.04085648148148148 0.4255555555555556 0.08171296296296296 0.2535763888888889
6 0.26908564814814817 0.24619791666666666 0.24819444444444444 0.2608159722222222
6 0.08475260416666666 0.1192013888888889 0.16950520833333332 0.21782986111111108
6 0.4162962962962963 0.17890625 0.23972800925925936 0.21222222222222217
6 0.2784548611111111 0.06618489583333334 0.2438715277777778 0.13236979166666668
6 0.5127256944444445 0.014166666666666666 0.2026736111111111 0.028333333333333332
6 0.8319849537037036 0.09932725694444444 0.28993634259259266 0.19865451388888888
6 0.88984375 0.2964236111111111 0.20866898148148144 0.24432291666666667
6 0.7976157407407408 0.3788888888888889 0.27500578703703693 0.24345486111111114
6 0.7692129629629629 0.7050868055555555 0.26714120370370364 0.2151736111111111
6 0.8913483796296295 0.772638888888889 0.17714699074074075 0.260798611111111
6 0.10166087962962962 0.7038020833333334 0.20332175925925924 0.2705208333333333
6 0.10611111111111111 0.9239062499999999 0.21222222222222223 0.1521180555555553
6 0.06879195601851852 0.9911111111111112 0.13758391203703704 0.017760416666666855
4 0.4755787037037037 0.49690972222222224 0.4490625 0.4526562500000001