6 0.7146875 0.31491319444444443 0.2143402777777778 0.22173611111111108
6 0.8522743055555555 0.5073611111111112 0.22250000000000014 0.22972222222222224
6 0.780625 0.7427777777777778 0.21671875000000007 0.22256944444444446
6 0.9554036458333333 0.7595659722222223 0.08919270833333356 0.25105902777777767
6 0.4615798611111111 0.866388888888889 0.23592013888888896 0.19802083333333337
6 0.21489583333333334 0.8233854166666668 0.2262326388888889 0.22590277777777779
6 0.06526041666666668 0.7469444444444445 0.07274305555555556 0.196736111111111
6 0.1756597222222222 0.3276736111111111 0.22586805555555553 0.23526041666666675
6 0.15378472222222223 0.08469184027777778 0.22397569444444443 0.16938368055555555
6 0.6232465277777778 0.10501736111111111 0.2547743055555555 0.20078125
6 0.8698784722222221 0.10492187500000001 0.23506944444444428 0.20984375000000002
4 0.5353472222222222 0.5730555555555555 0.3984722222222222 0.36085069444444445
5 0.5582812500000001 0.26208333333333333 0.10645833333333332 0.11241319444444446