6 0.125 0.09609375 0.25 0.1921875
6 0.4046875 0.0796875 0.2328125 0.15859375
6 0.6453125 0.15234375 0.221875 0.2203125
6 0.753125 0.29375 0.215625 0.2609375
6 0.82890625 0.571875 0.20546875 0.24140625
6 0.6828125 0.79453125 0.25 0.2203125
6 0.46640625 0.8703125 0.2078125 0.259375
6 0.22421875 0.89921875 0.2390625 0.20078125
6 0.2390625 0.65234375 0.21328125 0.2625
6 0.07890625 0.62109375 0.1578125 0.25859375
6 0.93671875 0.2984375 0.12578125 0.25859375
6 0.96953125 0.52109375 0.0609375 0.1734375
6 0.08359375 0.3609375 0.16640625 0.23125
6 0.87578125 0.0765625 0.24765625 0.15234375
6 0.64609375 0.9625 0.20859375 0.07421875
4 0.503125 0.5046875 0.4328125 0.41875