6 0.21614583333333331 0.045672743055555555 0.2158854166666666 0.09134548611111111
6 0.33203125 0.23895833333333333 0.20979166666666665 0.18963541666666667
6 0.47005208333333337 0.07767361111111111 0.15572916666666678 0.15534722222222222
6 0.5736284722222222 0.11472222222222224 0.16189236111111108 0.1831076388888889
6 0.8138020833333334 0.16960069444444442 0.20126736111111115 0.19100694444444444
6 0.89140625 0.026458333333333334 0.2171875 0.05291666666666667
6 0.9712760416666667 0.1675347222222222 0.05744791666666664 0.1521701388888889
6 0.9800477430555556 0.3901041666666667 0.039904513888888715 0.17697916666666663
6 0.8441666666666666 0.41291666666666665 0.20954861111111106 0.18416666666666667
6 0.9496354166666666 0.6604340277777778 0.10072916666666672 0.20281249999999992
6 0.8903819444444444 0.8545138888888889 0.20906249999999993 0.20835069444444443
6 0.1104861111111111 0.23371527777777779 0.21034722222222219 0.23725694444444442
6 0.2502256944444444 0.43940972222222224 0.196875 0.2151041666666666
6 0.1390625 0.5951562499999999 0.1913368055555556 0.17829861111111106
6 0.2020486111111111 0.8158506944444446 0.20348958333333336 0.20588541666666665
6 0.5234722222222222 0.9393055555555556 0.21300347222222235 0.10385416666666672
6 0.6835763888888888 0.8114062499999999 0.19795138888888886 0.20420138888888886
6 0.05409722222222222 0.9356597222222222 0.030694444444444448 0.12868055555555563
6 0.9938454861111111 0.9197569444444443 0.012309027777777714 0.117552083333333
4 0.5188541666666666 0.5538715277777777 0.40873263888888883 0.5390277777777779