6 0.05427662037037038 0.6837962962962962 0.10855324074074076 0.2535011574074074
6 0.046348379629629635 0.8332465277777779 0.09269675925925927 0.22725694444444428
6 0.2149363425925926 0.6125578703703705 0.27859953703703705 0.26487268518518514
6 0.19330439814814815 0.7938368055555556 0.22839699074074077 0.21837384259259274
6 0.41442708333333333 0.8163483796296296 0.22395254629629627 0.24837962962962976
6 0.4996469907407407 0.8745949074074074 0.21468749999999998 0.183912037037037
6 0.7206365740740741 0.6762152777777778 0.23580439814814813 0.23836805555555554
6 0.9026388888888889 0.7288483796296296 0.11292245370370395 0.238599537037037
6 0.9272222222222222 0.5240162037037037 0.08518518518518511 0.17743055555555554
6 0.7394965277777776 0.2135706018518518 0.21935763888888893 0.24959490740740745
6 0.5850231481481482 0.15578703703703703 0.22696180555555542 0.19415509259259256
6 0.8422627314814815 0.0880859375 0.23532407407407413 0.176171875
6 0.958917824074074 0.1335358796296296 0.06938657407407404 0.1995949074074074
6 0.9377546296296296 0.01574074074074074 0.12136574074074069 0.03148148148148148
6 0.7039814814814814 0.016276041666666664 0.22875578703703708 0.03255208333333333
6 0.29542824074074076 0.04403935185185185 0.2388310185185185 0.0880787037037037
6 0.2223263888888889 0.21221064814814813 0.2116898148148148 0.2645833333333333
6 0.16671296296296295 0.3368923611111111 0.24476273148148145 0.23203125
4 0.4786053240740741 0.4421296296296296 0.3446527777777778 0.4082175925925927
5 0.16543981481481482 0.9359085648148149 0.12127314814814816 0.10387731481481452