6 0.03470486111111111 0.08515625 0.06371527777777777 0.125
6 0.22194444444444444 0.2140625 0.18842013888888892 0.146875
6 0.18463541666666666 0.43359375 0.16954861111111114 0.14140625
6 0.24701388888888887 0.60390625 0.18673611111111113 0.1765625
6 0.4490451388888889 0.80078125 0.2525347222222223 0.21953125
6 0.7275520833333333 0.74765625 0.24847222222222207 0.17734375
6 0.904939236111111 0.6171875 0.190121527777778 0.2046875
6 0.8281076388888888 0.42109375 0.22333333333333344 0.17109375
6 0.7903125 0.1265625 0.1797569444444445 0.17890625
6 0.91328125 0.03671875 0.1734375 0.0734375
6 0.08588541666666667 0.70078125 0.14487847222222222 0.19140625
6 0.26352430555555556 0.925 0.22208333333333333 0.15
6 0.48355902777777776 0.9828125 0.15699652777777776 0.03359375
6 0.8341840277777777 0.97578125 0.251059027777778 0.04765625
6 0.04029513888888889 0.33671875 0.06899305555555556 0.18671875
4 0.5276909722222223 0.5078125 0.3767534722222223 0.3953125