6 0.2609375 0.109375 0.22734375 0.2140625
6 0.4375 0.02890625 0.19453125 0.0578125
6 0.540625 0.12890625 0.1625 0.1984375
6 0.75625 0.259375 0.171875 0.2140625
6 0.73671875 0.0265625 0.1734375 0.053125
6 0.92265625 0.1046875 0.1546875 0.20078125
6 0.9734375 0.28046875 0.053125 0.12734375
6 0.8875 0.45703125 0.1828125 0.20859375
6 0.9171875 0.69140625 0.165625 0.2390625
6 0.73125 0.77890625 0.20078125 0.203125
6 0.92421875 0.9125 0.1515625 0.175
6 0.65234375 0.97890625 0.1265625 0.0421875
6 0.31171875 0.89140625 0.284375 0.21640625
6 0.13125 0.96953125 0.1640625 0.0609375
6 0.09296875 0.77890625 0.1796875 0.1875
6 0.2609375 0.671875 0.196875 0.20703125
6 0.12578125 0.5015625 0.20625 0.20859375
6 0.1234375 0.22734375 0.21796875 0.2109375
4 0.50390625 0.50078125 0.35703125 0.365625