6 0.903616898148148 0.960285011574074 0.12427662037037024 0.07942997685185205
6 0.8908564814814814 0.8443287037037038 0.16472800925925918 0.2300636574074076
6 0.6938657407407407 0.8670949074074074 0.20570023148148148 0.19756365740740733
6 0.3783275462962963 0.8835127314814816 0.22569444444444448 0.18912037037037024
6 0.13127893518518519 0.9275289351851852 0.2366319444444444 0.14494212962962968
6 0.040769675925925924 0.8066493055555555 0.08153935185185185 0.19454861111111085
6 0.21021412037037038 0.7384780092592592 0.1994212962962963 0.21782407407407406
6 0.08528645833333334 0.5678819444444445 0.17057291666666669 0.22170138888888893
6 0.23423032407407404 0.2799363425925926 0.21455439814814808 0.18357060185185184
6 0.11328125 0.09849537037037037 0.2265625 0.19699074074074074
6 0.4716724537037037 0.05116319444444445 0.19103009259259257 0.0967013888888889
6 0.646701388888889 0.2626736111111111 0.2518518518518519 0.1572916666666667
6 0.8486400462962964 0.422806712962963 0.23032407407407404 0.20868055555555554
6 0.784519675925926 0.6559895833333333 0.23483796296296297 0.20402777777777778
6 0.8085069444444445 0.07163194444444444 0.22751736111111107 0.13289930555555557
4 0.4763888888888889 0.5146064814814815 0.4313078703703702 0.4265162037037037