6 0.7179861111111111 0.9031944444444445 0.24673611111111118 0.193611111111111
6 0.5291493055555556 0.9841493055555557 0.20343750000000008 0.03170138888888872
6 0.4249305555555556 0.8907812500000001 0.17866319444444442 0.209236111111111
6 0.20593750000000002 0.750625 0.18876736111111114 0.2258506944444445
6 0.21661458333333333 0.981779513888889 0.18067708333333332 0.036440972222222
6 0.05637152777777778 0.9015625 0.11274305555555555 0.196875
6 0.0070095486111111105 0.7262673611111111 0.014019097222222221 0.13220486111111107
6 0.08904079861111111 0.5421180555555555 0.17808159722222222 0.22062500000000007
6 0.07562065972222223 0.3002083333333333 0.15124131944444447 0.2519618055555556
6 0.2556423611111111 0.21291666666666664 0.21875 0.21559027777777776
6 0.07265625 0.08208333333333333 0.1453125 0.16416666666666666
6 0.3479861111111111 0.017899305555555557 0.1305902777777778 0.02319444444444445
6 0.699392361111111 0.1172048611111111 0.30668402777777787 0.2097395833333333
6 0.8904340277777777 0.04168402777777778 0.17225694444444456 0.047534722222222214
6 0.9094791666666666 0.22901041666666666 0.1703645833333333 0.19812500000000002
6 0.7397743055555555 0.33472222222222225 0.21423611111111107 0.21939236111111118
6 0.8724826388888889 0.5159722222222223 0.220451388888889 0.21875
6 0.8583159722222223 0.79953125 0.223715277777778 0.22194444444444433
4 0.4795486111111112 0.5064583333333333 0.38874999999999993 0.3879513888888889