6 0.25078125 0.01484375 0.1703125 0.025
6 0.5390625 0.07734375 0.27109375 0.1546875
6 0.621875 0.10390625 0.21171875 0.203125
6 0.87265625 0.075 0.209375 0.14921875
6 0.75625 0.3078125 0.21953125 0.19140625
6 0.96640625 0.33515625 0.0671875 0.1453125
6 0.9359375 0.571875 0.128125 0.19453125
6 0.7984375 0.84609375 0.21796875 0.19921875
6 0.89765625 0.9265625 0.2046875 0.1453125
6 0.34140625 0.828125 0.22734375 0.24375
6 0.51796875 0.95546875 0.2234375 0.0890625
6 0.6171875 0.76171875 0.18125 0.2140625
6 0.23671875 0.609375 0.23046875 0.16640625
6 0.1984375 0.4796875 0.2328125 0.26328125
6 0.09296875 0.89609375 0.175 0.2078125
6 0.0453125 0.63515625 0.0875 0.1953125
6 0.0578125 0.29609375 0.11484375 0.1890625
6 0.2171875 0.18203125 0.20625 0.1953125
4 0.50546875 0.49921875 0.4234375 0.42109375