6 0.23608796296296294 0.9607175925925926 0.26370370370370366 0.07856481481481481
6 0.7614756944444444 0.9420949074074073 0.2441782407407409 0.11581018518518534
6 0.7147280092592592 0.7513252314814814 0.19120949074074076 0.2032349537037037
6 0.9210344328703703 0.7169965277777777 0.1579311342592593 0.18774305555555557
6 0.8165162037037037 0.5060127314814815 0.18649305555555565 0.2538541666666667
6 0.9618272569444445 0.3245428240740741 0.07634548611111107 0.19608796296296305
6 0.8195659722222223 0.23747106481481478 0.20846643518518526 0.208431712962963
6 0.9095732060185184 0.06366319444444443 0.18085358796296305 0.07800347222222222
6 0.460625 0.09798611111111112 0.20328125000000002 0.1746990740740741
6 0.2419675925925926 0.20317708333333334 0.2010821759259259 0.23710648148148153
6 0.07133101851851852 0.07083333333333333 0.14266203703703703 0.14166666666666666
6 0.060381944444444446 0.28057291666666667 0.11608796296296298 0.24552083333333333
6 0.05146990740740741 0.5223900462962963 0.090625 0.21353009259259254
6 0.2697685185185185 0.7092476851851852 0.21353009259259254 0.18125
6 0.07238425925925926 0.878125 0.12236111111111111 0.24375
4 0.5075057870370371 0.468744212962963 0.4152372685185185 0.4605439814814815
5 0.5139409722222222 0.903119212962963 0.08473958333333335 0.07982060185185205