6 0.47503472222222226 0.8794791666666667 0.23824652777777774 0.18984375
6 0.7539409722222222 0.8608854166666667 0.18902777777777757 0.18656250000000013
6 0.7077083333333333 0.6595833333333333 0.22861111111111115 0.21260416666666657
6 0.8450520833333334 0.23619791666666665 0.22223958333333335 0.2769270833333334
6 0.9827604166666667 0.25276041666666665 0.02317708333333357 0.13026041666666668
6 0.5214930555555556 0.002630208333333334 0.1710763888888888 0.005260416666666668
6 0.3438541666666667 0.25322916666666667 0.2117708333333333 0.19197916666666667
6 0.21552083333333333 0.13072916666666667 0.1852951388888889 0.15901041666666668
6 0.10078125 0.04140625 0.2015625 0.0828125
6 0.051215277777777776 0.4088541666666667 0.10243055555555555 0.2072916666666666
6 0.18979166666666666 0.8672916666666666 0.21427083333333333 0.23427083333333343
6 0.03065972222222222 0.9457291666666666 0.06131944444444444 0.10854166666666672
4 0.4871701388888889 0.47380208333333335 0.3705729166666666 0.35234375
5 0.034830729166666664 0.8129166666666666 0.06966145833333333 0.10223958333333343
5 0.2570659722222222 0.9642187499999999 0.09060763888888887 0.04036458333333357
5 0.8932291666666666 0.9116666666666667 0.09104166666666665 0.05989583333333357