6 0.7624131944444444 0.760636574074074 0.25211805555555566 0.22385416666666663
6 0.305619212962963 0.6656655092592593 0.1748495370370371 0.18446180555555552
6 0.18074074074074073 0.5209722222222222 0.2182986111111111 0.23271990740740733
6 0.09250578703703703 0.7311979166666667 0.11278935185185184 0.24364583333333326
6 0.4029918981481481 0.22765046296296293 0.20546296296296304 0.20052662037037033
6 0.30972800925925925 0.28715277777777776 0.17711805555555554 0.22274305555555554
6 0.15270254629629632 0.08734375 0.2116087962962963 0.1725173611111111
6 0.40103587962962967 0.06292245370370371 0.24035300925925931 0.11752314814814815
6 0.624837962962963 0.16458912037037038 0.24237268518518534 0.21746527777777777
6 0.8286805555555556 0.23239583333333336 0.18082175925925908 0.1798668981481482
6 0.91875 0.08079861111111111 0.1625 0.1367824074074074
6 0.9804050925925927 0.25509259259259254 0.03918981481481474 0.22256944444444446
6 0.826082175925926 0.5968807870370371 0.19507523148148137 0.3018460648148148
6 0.5487731481481481 0.8785416666666667 0.2631597222222222 0.24291666666666673
6 0.28284722222222225 0.8214409722222221 0.21746527777777783 0.21865740740740733
6 0.3580439814814815 0.9544589120370371 0.24852430555555555 0.09108217592592567
6 0.9261863425925926 0.9083043981481481 0.1476273148148149 0.18339120370370382
6 0.9630787037037039 0.6999652777777777 0.07384259259259238 0.27969907407407424
6 0.06856481481481481 0.20864583333333334 0.1253240740740741 0.21807291666666667
4 0.5338078703703704 0.49888310185185186 0.393587962962963 0.3719155092592592
5 0.6305902777777778 0.2880034722222222 0.09056712962962958 0.07939814814814819