6 0.22585069444444444 0.41270254629629627 0.23305555555555557 0.22799189814814813
6 0.24109375000000002 0.2271122685185185 0.2993402777777778 0.24623842592592596
6 0.68984375 0.17565393518518518 0.24927083333333327 0.24208333333333334
6 0.6599479166666666 0.051973379629629626 0.26677083333333335 0.10394675925925925
6 0.4479861111111111 0.015925925925925927 0.19597222222222221 0.03185185185185185
6 0.2097048611111111 0.05849537037037037 0.29128472222222224 0.11699074074074074
6 0.9356510416666666 0.2157349537037037 0.12869791666666686 0.20939236111111112
6 0.93265625 0.10103587962962964 0.13468750000000007 0.20207175925925927
6 0.82890625 0.5208159722222222 0.24378472222222208 0.22387152777777786
6 0.8844965277777778 0.7346006944444443 0.23100694444444442 0.2611053240740741
6 0.6661111111111111 0.7516435185185186 0.22055555555555556 0.22734375
6 0.39977430555555554 0.7317824074074074 0.20987847222222217 0.21509837962962966
6 0.11244791666666668 0.6448842592592593 0.17640624999999996 0.23362847222222224
6 0.10189236111111111 0.86546875 0.1379513888888889 0.26281250000000006
6 0.05776041666666667 0.4362962962962963 0.08503472222222222 0.19459490740740737
4 0.5285763888888889 0.47609375 0.3721006944444444 0.4277256944444444