6 0.18328125 0.6610532407407408 0.20708333333333334 0.23318865740740743
6 0.21371527777777777 0.452662037037037 0.19982638888888893 0.20219907407407406
6 0.4004108796296297 0.23113425925925926 0.2216724537037038 0.19991319444444447
6 0.6850578703703704 0.17335069444444445 0.24683449074074063 0.22364004629629633
6 0.5321122685185186 0.07891348379629629 0.23420717592592588 0.15782696759259257
6 0.5493287037037037 0.15529513888888888 0.20674768518518521 0.18787615740740743
6 0.7206018518518518 0.4346354166666666 0.2506481481481481 0.42225115740740726
6 0.9071932870370369 0.4379918981481481 0.17973379629629632 0.23038194444444446
6 0.9019328703703703 0.5156828703703703 0.18828703703703695 0.22554976851851852
6 0.9363020833333333 0.7247395833333333 0.1168344907407409 0.2772569444444445
6 0.22813078703703704 0.10017361111111112 0.23669560185185184 0.20034722222222223
6 0.3109664351851852 0.09369212962962963 0.1999421296296296 0.18738425925925925
6 0.8770543981481481 0.010648148148148146 0.2208912037037038 0.021296296296296292
6 0.09590277777777778 0.025679976851851853 0.18710069444444444 0.051359953703703706
6 0.03284722222222222 0.914525462962963 0.06569444444444444 0.17094907407407406
4 0.5043923611111112 0.42410300925925926 0.3154976851851853 0.32242476851851853
5 0.33439236111111115 0.6053530092592593 0.10868055555555553 0.12517361111111108