6 0.8877604166666668 0.93671875 0.16209490740740762 0.1265625
6 0.7559027777777778 0.8611689814814815 0.21634837962962958 0.2171006944444443
6 0.5461805555555556 0.8416666666666666 0.24806134259259255 0.20969328703703702
6 0.390625 0.891478587962963 0.25688657407407406 0.21704282407407405
6 0.2546875 0.6853587962962964 0.25121527777777775 0.29484953703703703
6 0.07893518518518519 0.6900462962962963 0.15787037037037038 0.20196759259259256
6 0.09730902777777778 0.4640046296296296 0.19461805555555556 0.21550925925925918
6 0.2734085648148148 0.9749421296296298 0.20526620370370371 0.050115740740740475
6 0.06781684027777778 0.9734881365740741 0.13563368055555555 0.0530237268518519
6 0.03671875 0.845630787037037 0.0734375 0.17251157407407405
6 0.02936197916666667 0.23712384259259256 0.05872395833333334 0.18596643518518513
6 0.0296875 0.05581597222222222 0.059375 0.1115162037037037
6 0.34728009259259257 0.21313657407407405 0.2547743055555555 0.20135995370370363
6 0.17294560185185187 0.08307291666666668 0.21817129629629628 0.16099537037037037
6 0.521556712962963 0.11241319444444445 0.20766782407407405 0.1933738425925926
6 0.699855324074074 0.05095486111111112 0.1807581018518519 0.056626157407407396
6 0.8797743055555556 0.11472800925925926 0.21310763888888892 0.17173032407407404
6 0.8080439814814815 0.6784722222222223 0.219068287037037 0.2062789351851851
6 0.7483217592592593 0.4532986111111111 0.19348958333333338 0.3161168981481481
6 0.8958912037037037 0.48223379629629637 0.163744212962963 0.25026041666666676
6 0.907175925925926 0.6633680555555556 0.14415509259259238 0.16371527777777786
4 0.4808738425925926 0.5138020833333333 0.49748263888888894 0.47717013888888893