6 0.22278356481481482 0.6483854166666667 0.2386111111111111 0.2572222222222223
6 0.19067708333333333 0.42751736111111116 0.2260011574074074 0.2422858796296296
6 0.05378472222222223 0.5105671296296297 0.10101851851851851 0.24370370370370367
6 0.2818981481481481 0.08693142361111111 0.25676504629629626 0.17386284722222223
6 0.07859953703703704 0.0640625 0.15719907407407407 0.128125
6 0.9375 0.09285300925925925 0.125 0.1857060185185185
6 0.768443287037037 0.3747974537037037 0.17040509259259268 0.22468749999999993
6 0.8999985532407407 0.7558506944444444 0.20000289351851847 0.2616724537037037
6 0.8422511574074074 0.9516261574074074 0.25062500000000015 0.0862268518518519
6 0.20583912037037036 0.8922743055555555 0.27969328703703705 0.21377893518518504
4 0.5023668981481482 0.4213020833333333 0.3779282407407408 0.39809027777777783