6 0.5174016203703704 0.16619791666666667 0.23346064814814813 0.23822916666666666
6 0.7509317129629629 0.17963541666666666 0.26215277777777785 0.2510416666666667
6 0.8855309606481482 0.33739583333333334 0.22893807870370358 0.24932291666666676
6 0.8440046296296296 0.5685416666666667 0.23329861111111114 0.23510416666666673
6 0.7547337962962963 0.6309375 0.22498842592592574 0.24000000000000005
6 0.894140625 0.8021354166666667 0.21171875 0.25979166666666664
6 0.972076099537037 0.5023958333333334 0.055847800925926096 0.21859374999999998
6 0.6143518518518519 0.03395833333333333 0.2193287037037038 0.06791666666666667
6 0.42008680555555555 0.014726562500000002 0.1885706018518519 0.029453125000000004
6 0.04414351851851852 0.02265625 0.08828703703703704 0.0453125
6 0.03994212962962963 0.1353125 0.07607638888888887 0.20593750000000002
6 0.12619791666666666 0.30203125000000003 0.2335590277777778 0.27015625
6 0.21140625000000002 0.38807291666666666 0.2680266203703704 0.25921874999999994
6 0.12002314814814816 0.7877083333333333 0.16792824074074075 0.22062500000000007
6 0.3349594907407408 0.7600520833333333 0.23807870370370363 0.22218750000000007
6 0.4565972222222222 0.7927083333333333 0.2485879629629629 0.24468749999999986
6 0.4145196759259259 0.91859375 0.26837384259259256 0.13078125000000007
6 0.7746527777777777 0.9243749999999998 0.20592013888888888 0.06744791666666643
4 0.5214814814814815 0.4716666666666667 0.388738425925926 0.44010416666666663