6 0.2671875 0.18203125 0.23828125 0.27265625
6 0.41328125 0.225 0.2578125 0.1953125
6 0.31875 0.046875 0.221875 0.09375
6 0.06796875 0.0203125 0.1359375 0.040625
6 0.11171875 0.221875 0.2234375 0.26484375
6 0.1734375 0.41640625 0.2140625 0.2125
6 0.05 0.36328125 0.09921875 0.18203125
6 0.0546875 0.5359375 0.109375 0.20625
6 0.21015625 0.64140625 0.240625 0.19296875
6 0.83359375 0.4859375 0.171875 0.20703125
6 0.953125 0.60078125 0.09375 0.2125
6 0.753125 0.7171875 0.196875 0.17734375
4 0.50703125 0.4921875 0.4671875 0.4640625