6 0.3465625 0.9757233796296297 0.21245370370370367 0.04855324074074048
6 0.485306712962963 0.8453414351851851 0.25119791666666663 0.21281828703703703
6 0.7521006944444444 0.7722511574074075 0.23779513888888887 0.20998263888888893
6 0.776886574074074 0.9563151041666668 0.21607060185185195 0.08736979166666643
6 0.9312557870370369 0.9218171296296298 0.05289351851851833 0.15636574074074047
6 0.936579861111111 0.7015914351851851 0.06789930555555586 0.19667245370370381
6 0.8829976851851852 0.48200231481481487 0.19619791666666658 0.18972800925925917
6 0.9182233796296295 0.2555266203703704 0.15054976851851834 0.19661458333333331
6 0.8313078703703705 0.10515046296296297 0.19988425925925918 0.15555555555555553
6 0.23740162037037038 0.7805844907407409 0.20482060185185186 0.20564236111111106
6 0.0217115162037037 0.9086226851851851 0.0434230324074074 0.17740162037037024
6 0.009409722222222222 0.3990740740740741 0.018819444444444444 0.19814814814814818
6 0.13663194444444443 0.26336805555555554 0.21202546296296299 0.19421296296296298
6 0.3536168981481481 0.16964699074074074 0.21151620370370372 0.21446759259259257
6 0.3595717592592592 0.05480324074074074 0.17695023148148153 0.08920717592592593
6 0.14939814814814817 0.07754629629629631 0.2168287037037037 0.15150462962962963
6 0.11753472222222223 0.02783564814814815 0.18993055555555555 0.05381944444444444
4 0.4792361111111111 0.49444444444444446 0.46637152777777774 0.4827835648148149