6 0.0921875 0.16171875 0.18359375 0.24765625
6 0.43828125 0.1328125 0.21328125 0.2046875
6 0.25390625 0.06875 0.23828125 0.1375
6 0.81796875 0.2625 0.2609375 0.228125
6 0.82109375 0.57421875 0.21171875 0.21484375
6 0.89765625 0.73515625 0.2046875 0.2484375
6 0.72421875 0.7875 0.215625 0.21640625
6 0.6453125 0.94140625 0.26953125 0.1171875
6 0.45703125 0.81484375 0.234375 0.22265625
6 0.2890625 0.77265625 0.2421875 0.196875
6 0.20390625 0.9390625 0.2484375 0.12109375
6 0.42890625 0.96953125 0.171875 0.0609375
6 0.94921875 0.5140625 0.1015625 0.228125
6 0.1109375 0.65390625 0.221875 0.284375
6 0.92890625 0.096875 0.1390625 0.19375
6 0.971875 0.3046875 0.05546875 0.2046875
4 0.509375 0.49375 0.4421875 0.4234375