6 0.1953125 0.09296875 0.22890625 0.18359375
6 0.5296875 0.07109375 0.24453125 0.14140625
6 0.9140625 0.071875 0.171875 0.140625
6 0.31875 0.26328125 0.2140625 0.21015625
6 0.7203125 0.25078125 0.28671875 0.24140625
6 0.81328125 0.29921875 0.23515625 0.24375
6 0.9796875 0.29140625 0.040625 0.1671875
6 0.7 0.74765625 0.240625 0.18359375
6 0.828125 0.7296875 0.2515625 0.25859375
6 0.98046875 0.784375 0.03828125 0.1390625
6 0.91875 0.93671875 0.1625 0.1265625
6 0.76484375 0.984375 0.12578125 0.03046875
6 0.321875 0.94453125 0.27109375 0.1109375
6 0.0828125 0.95546875 0.165625 0.0890625
6 0.0375 0.759375 0.075 0.28046875
6 0.03359375 0.49453125 0.06484375 0.2125
6 0.13125 0.6109375 0.19453125 0.24140625
6 0.33828125 0.74140625 0.265625 0.309375
6 0.215625 0.78671875 0.15859375 0.19921875
6 0.0515625 0.2640625 0.103125 0.22421875
4 0.50546875 0.50703125 0.3171875 0.3765625