6 0.028877314814814807 0.8867708333333333 0.057754629629629614 0.22645833333333343
6 0.08738425925925926 0.6847395833333334 0.17476851851851852 0.23213541666666657
6 0.2703125 0.7376041666666666 0.21828703703703703 0.19723958333333336
6 0.5229166666666666 0.8327083333333334 0.24470486111111106 0.27052083333333315
6 0.7798321759259259 0.8801041666666667 0.23828125 0.14182291666666663
6 0.6973958333333334 0.66015625 0.23657407407407405 0.23421874999999998
6 0.7988425925925926 0.4450520833333334 0.21898148148148167 0.22760416666666677
6 0.5569155092592593 0.17432291666666666 0.2655671296296296 0.2268229166666667
6 0.3402777777777778 0.07907552083333333 0.2359953703703704 0.15815104166666666
6 0.16168981481481481 0.21000000000000002 0.21125578703703707 0.19677083333333334
6 0.03251591435185185 0.08846354166666667 0.0650318287037037 0.17692708333333335
4 0.4700810185185185 0.4755208333333333 0.4458333333333334 0.43552083333333336
5 0.43451967592592594 0.9241145833333334 0.090625 0.08999999999999986