6 0.084375 0.01328125 0.16015625 0.0234375
6 0.153125 0.1359375 0.2265625 0.15859375
6 0.2609375 0.3 0.196875 0.2140625
6 0.06640625 0.340625 0.13203125 0.221875
6 0.115625 0.65 0.18125 0.1875
6 0.321875 0.75390625 0.17890625 0.17734375
6 0.5234375 0.86875 0.19609375 0.178125
6 0.775 0.75703125 0.1796875 0.19921875
6 0.925 0.5609375 0.14921875 0.18984375
6 0.9625 0.8703125 0.075 0.159375
6 0.74765625 0.953125 0.23671875 0.09375
6 0.290625 0.965625 0.21015625 0.06875
6 0.0625 0.96953125 0.12421875 0.0609375
6 0.703125 0.2328125 0.1921875 0.171875
6 0.89296875 0.325 0.21171875 0.21015625
6 0.73046875 0.05234375 0.21171875 0.1046875
4 0.496875 0.50078125 0.41953125 0.44609375
5 0.66875 0.678125 0.078125 0.08671875