6 0.06640625 0.0859375 0.13203125 0.16640625
6 0.16171875 0.1171875 0.2 0.1875
6 0.290625 0.0140625 0.13359375 0.02734375
6 0.5828125 0.0921875 0.228125 0.184375
6 0.790625 0.1296875 0.1921875 0.24140625
6 0.95546875 0.25546875 0.08828125 0.20703125
6 0.81484375 0.3875 0.1984375 0.18984375
6 0.96015625 0.5578125 0.0796875 0.1796875
6 0.94453125 0.853125 0.1109375 0.29375
6 0.7578125 0.6296875 0.1984375 0.1890625
6 0.64453125 0.73203125 0.1984375 0.16796875
6 0.7796875 0.8875 0.1734375 0.22421875
6 0.57109375 0.9140625 0.20390625 0.171875
6 0.41796875 0.77578125 0.209375 0.19921875
6 0.17890625 0.76484375 0.2328125 0.21484375
6 0.04921875 0.87578125 0.09765625 0.13515625
6 0.10234375 0.96796875 0.1359375 0.0640625
6 0.22890625 0.9578125 0.1640625 0.084375
6 0.090625 0.33125 0.17578125 0.203125
6 0.2265625 0.3125 0.19296875 0.21484375
4 0.50078125 0.5 0.48515625 0.41953125