1 0.48937500000000006 0.5187731481481481 0.4166666666666668 0.40523148148148136
6 0.6594791666666667 0.16924768518518518 0.22354166666666658 0.21405092592592592
6 0.4415625 0.2052199074074074 0.2156770833333333 0.20149884259259263
6 0.23854166666666665 0.13488425925925923 0.20604166666666668 0.256087962962963
6 0.0951171875 0.37734953703703705 0.190234375 0.23043402777777774
6 0.1855208333333333 0.5553819444444444 0.20458333333333334 0.234212962962963
6 0.10408854166666667 0.666869212962963 0.20817708333333335 0.19988425925925918
6 0.039700520833333336 0.8667071759259259 0.07940104166666667 0.22674189814814802
6 0.21244791666666668 0.8659664351851852 0.21296875 0.21943865740740734
6 0.4463541666666667 0.8361226851851852 0.23598958333333328 0.2016493055555557
6 0.43515625 0.9689525462962962 0.23328124999999994 0.055607638888889
6 0.6797395833333333 0.9429340277777779 0.23968750000000014 0.10484953703703681
6 0.6808333333333334 0.7625462962962963 0.2109375 0.21239583333333342
6 0.9239062499999999 0.44293402777777774 0.10802083333333315 0.2381828703703704
6 0.77046875 0.34333912037037034 0.23255208333333321 0.18522569444444442
6 0.9025000000000001 0.16666666666666669 0.18562499999999993 0.20752314814814815
6 0.4430208333333333 0.021325231481481483 0.17333333333333342 0.042650462962962966
6 0.9629687499999999 0.03639467592592592 0.07406250000000014 0.07278935185185184
6 0.06416666666666668 0.13701967592592593 0.12833333333333335 0.23533564814814817