1 0.5235416666666667 0.536082175925926 0.4137094907407407 0.42910879629629617
5 0.7139351851851853 0.4256655092592593 0.08681134259259267 0.09826388888888893
5 0.15999421296296296 0.11380208333333335 0.08142361111111107 0.09942129629629629
5 0.7876331018518519 0.15095486111111112 0.07050925925925924 0.06903935185185181
5 0.42799768518518516 0.8247395833333334 0.07354166666666676 0.08249421296296297
5 0.06133680555555556 0.28237847222222223 0.06311342592592592 0.06148726851851851
6 0.2166550925925926 0.38104745370370374 0.25537037037037036 0.30219907407407404
6 0.27697916666666667 0.11857638888888891 0.2656770833333334 0.21579861111111112
6 0.582025462962963 0.10303819444444444 0.22186342592592592 0.13628472222222224
6 0.6714988425925925 0.26765046296296297 0.2353587962962962 0.23145254629629627
6 0.9150491898148149 0.1880787037037037 0.16990162037037032 0.2524016203703704
6 0.9044386574074075 0.49840856481481477 0.19112268518518505 0.23570601851851852
6 0.8600636574074073 0.7073206018518519 0.21895254629629618 0.2302372685185185
6 0.9946180555555555 0.7139756944444444 0.010763888888888929 0.14904513888888893
6 0.9450853587962964 0.8873842592592591 0.10982928240740719 0.21947337962962976
6 0.598761574074074 0.9713179976851851 0.2577025462962963 0.05736400462962976
6 0.16410300925925927 0.95 0.23487268518518517 0.1
6 0.24553819444444444 0.8330150462962962 0.243587962962963 0.22505787037037023
6 0.07616319444444444 0.778443287037037 0.08386574074074075 0.23657407407407405
6 0.05844907407407407 0.13663194444444443 0.11422453703703703 0.22170138888888888