1 0.51796875 0.4859375 0.475 0.44453125
5 0.1109375 0.03828125 0.10546875 0.07578125
6 0.08203125 0.1484375 0.1640625 0.21484375
6 0.16171875 0.22265625 0.2171875 0.26484375
6 0.19375 0.3453125 0.26875 0.259375
6 0.35859375 0.0609375 0.328125 0.12109375
6 0.7 0.06640625 0.2953125 0.1328125
6 0.79453125 0.2328125 0.21796875 0.21875
6 0.96171875 0.203125 0.0765625 0.20703125
6 0.828125 0.4859375 0.1796875 0.25546875
6 0.96484375 0.52109375 0.0703125 0.20703125
6 0.8953125 0.74453125 0.209375 0.2609375
6 0.94453125 0.9421875 0.1109375 0.115625
6 0.71171875 0.9640625 0.21953125 0.07109375
6 0.4375 0.9671875 0.21171875 0.065625
6 0.08046875 0.57421875 0.1609375 0.2078125
6 0.096875 0.67890625 0.19375 0.2046875
6 0.2875 0.7453125 0.22109375 0.25703125
6 0.0640625 0.8828125 0.128125 0.21484375