1 0.525 0.4805902777777778 0.5 0.49233217592592593
5 0.0953125 0.9645891203703704 0.1140625 0.06685185185185176
6 0.07578125 0.8577893518518518 0.1515625 0.23442129629629632
6 0.14921875 0.7758564814814815 0.228125 0.2899537037037039
6 0.18359375 0.6459490740740741 0.2828125 0.287320601851852
6 0.35703125 0.9267997685185186 0.3453125 0.12728009259259282
6 0.71640625 0.9019155092592592 0.31015625 0.13717592592592603
6 0.815625 0.7311458333333333 0.2296875 0.2415972222222223
6 0.975 0.7541319444444444 0.05 0.2189988425925927
6 0.85078125 0.46369791666666665 0.1890625 0.2785532407407407
6 0.978125 0.4219386574074074 0.04375 0.21867476851851855
6 0.90625 0.18894675925925924 0.1875 0.28394097222222225
6 0.95703125 0.021614583333333333 0.0859375 0.043229166666666666
6 0.7265625 0.005840567129629629 0.23125 0.011681134259259257
6 0.43828125 0.010263310185185184 0.221875 0.02052662037037037
6 0.07421875 0.4133391203703704 0.1484375 0.22644675925925917
6 0.0921875 0.3014699074074074 0.184375 0.22362268518518516
6 0.28203125 0.2213136574074074 0.2328125 0.2816030092592593
6 0.05703125 0.103125 0.1140625 0.20625