1 0.46574074074074073 0.530775462962963 0.5222511574074075 0.483912037037037
6 0.6209780092592593 0.18199074074074073 0.2171875 0.20037615740740738
6 0.7538483796296296 0.35749421296296297 0.20040509259259273 0.20495370370370375
6 0.8799479166666666 0.6244039351851851 0.16996527777777787 0.2142708333333335
6 0.793431712962963 0.6277604166666666 0.222337962962963 0.22788194444444443
6 0.8846643518518519 0.8254166666666667 0.1293113425925924 0.20126736111111115
6 0.7511863425925925 0.8804513888888887 0.21001157407407406 0.22957754629629648
6 0.8458912037037039 0.962957175925926 0.1774305555555557 0.07408564814814796
6 0.6243344907407408 0.9843460648148149 0.1936921296296296 0.031307870370370236
6 0.3050925925925926 0.9508622685185184 0.22468171296296297 0.09827546296296319
6 0.1593460648148148 0.7603587962962963 0.23090277777777782 0.238443287037037
6 0.10236545138888889 0.3278298611111111 0.20473090277777778 0.2234780092592592
6 0.21374421296296298 0.2800810185185185 0.24956597222222224 0.20672453703703705
6 0.3244212962962963 0.13053819444444445 0.19959490740740743 0.23604166666666665
6 0.07578125 0.04299189814814815 0.1515625 0.0859837962962963
6 0.525 0.04839699074074075 0.1859375 0.05166666666666667
6 0.8488715277777779 0.1545949074074074 0.22745949074074048 0.22347800925925926
6 0.5970775462962963 0.80109375 0.19406828703703702 0.21396412037037038
6 0.4208912037037037 0.8397974537037036 0.24094328703703702 0.1953819444444445