1 0.46968750000000004 0.514693287037037 0.47501157407407407 0.47501157407407407
6 0.7965219907407407 0.4368460648148148 0.21808449074074082 0.2776157407407407
6 0.5675925925925925 0.1590740740740741 0.25518518518518507 0.20741319444444445
6 0.18832754629629628 0.11621527777777778 0.23896990740740742 0.2228009259259259
6 0.05859375 0.05894097222222222 0.1171875 0.11788194444444444
6 0.13413194444444446 0.3560416666666667 0.2475289351851852 0.24899884259259258
6 0.16741319444444444 0.7602025462962962 0.24894097222222217 0.22027777777777774
6 0.04896412037037037 0.8734375 0.09792824074074075 0.253125
6 0.005474537037037039 0.6881076388888889 0.010949074074074078 0.16371527777777786
6 0.012534722222222221 0.46701388888888895 0.025069444444444443 0.19809027777777785
6 0.2698611111111111 0.9369502314814815 0.22074074074074074 0.12609953703703702
6 0.4644560185185185 0.9027662037037036 0.2277141203703703 0.1944675925925928
6 0.6880613425925926 0.9456944444444446 0.2032349537037037 0.10861111111111085
6 0.8703356481481481 0.9211863425925927 0.16543981481481468 0.15762731481481468
6 0.646412037037037 0.7870196759259259 0.24991319444444446 0.23668402777777775
6 0.8233217592592592 0.7387037037037036 0.25198495370370394 0.2453703703703704
6 0.888142361111111 0.6900173611111111 0.16241898148148123 0.24473379629629619
5 0.5106597222222222 0.9710243055555555 0.08946759259259274 0.057951388888889
5 0.3046643518518518 0.7064004629629629 0.060422453703703735 0.08688078703703717
5 0.0031655092592592594 0.27247685185185183 0.006331018518518519 0.07307870370370369
6 0.9426388888888889 0.28635416666666663 0.09837962962962976 0.18877893518518524
6 0.959837962962963 0.4723958333333333 0.04236111111111107 0.1893518518518519
6 0.9346180555555555 0.13064814814814815 0.13071759259259252 0.1564409722222222
6 0.7423958333333334 0.09338541666666667 0.26438078703703705 0.11298032407407406
6 0.514056712962963 0.04379050925925926 0.18746527777777774 0.036799768518518516