1 0.5046875 0.50390625 0.40859375 0.40703125
6 0.21796875 0.17421875 0.16640625 0.2046875
6 0.42890625 0.18046875 0.19609375 0.2453125
6 0.62109375 0.1828125 0.23125 0.19296875
6 0.7046875 0.05 0.28046875 0.1
6 0.82109375 0.096875 0.2453125 0.19375
6 0.9359375 0.30078125 0.128125 0.24140625
6 0.084375 0.28125 0.16796875 0.23515625
6 0.16015625 0.48046875 0.25390625 0.23359375
6 0.1 0.6796875 0.2 0.2125
6 0.3203125 0.771875 0.23515625 0.20859375
6 0.12890625 0.91015625 0.2140625 0.17890625
6 0.38359375 0.946875 0.259375 0.10625
6 0.75 0.9375 0.21171875 0.125