1 0.50625 0.49140625 0.4671875 0.48125
6 0.39453125 0.1390625 0.21796875 0.2203125
6 0.0984375 0.05625 0.196875 0.1125
6 0.09765625 0.22265625 0.1953125 0.1953125
6 0.07109375 0.4078125 0.14140625 0.24765625
6 0.1875 0.52890625 0.18125 0.2703125
6 0.29609375 0.7171875 0.24375 0.21015625
6 0.44140625 0.88515625 0.2484375 0.2296875
6 0.67890625 0.75234375 0.18671875 0.1984375
6 0.77421875 0.74296875 0.21796875 0.20625
6 0.86640625 0.65546875 0.221875 0.23203125
6 0.9265625 0.44609375 0.146875 0.2125
6 0.9234375 0.15625 0.153125 0.24140625
6 0.15 0.953125 0.22890625 0.09375