1 0.49346643518518524 0.4999479166666667 0.4163368055555555 0.4216840277777777
6 0.7857870370370371 0.840763888888889 0.17028935185185184 0.21156250000000015
6 0.5724594907407408 0.8297743055555555 0.19949652777777782 0.25282986111111116
6 0.3779050925925926 0.8223263888888889 0.23582175925925916 0.2005208333333332
6 0.29375 0.9510243055555556 0.28434027777777776 0.09795138888888885
6 0.17542824074074073 0.9020616319444444 0.24911458333333333 0.19587673611111106
6 0.06610532407407407 0.6990104166666666 0.12366898148148149 0.24489583333333337
6 0.9172453703703702 0.7351736111111111 0.16550925925925952 0.24204861111111117
6 0.8420833333333333 0.5319097222222222 0.25878472222222226 0.24243055555555557
6 0.8999710648148149 0.3309201388888889 0.20005787037037023 0.22010416666666668
6 0.6781712962962964 0.2322222222222222 0.23984953703703696 0.21701388888888892
6 0.8709374999999999 0.10371527777777778 0.21687499999999993 0.17354166666666665
6 0.6144155092592593 0.06130208333333333 0.2616435185185185 0.10111111111111111
6 0.24417824074074074 0.06322916666666667 0.21648148148148144 0.12041666666666666