1 0.5504803240740741 0.4797395833333334 0.4376736111111111 0.4194097222222222
5 0.1305150462962963 0.3600173611111111 0.12130787037037036 0.09711805555555557
6 0.2565335648148148 0.2109548611111111 0.23975115740740743 0.2292881944444444
6 0.07185185185185186 0.23930555555555558 0.1305787037037037 0.23076388888888885
6 0.46900462962962963 0.09125 0.2067592592592593 0.1825
6 0.767025462962963 0.09471788194444444 0.19651041666666663 0.1894357638888889
6 0.9262717013888888 0.4405555555555555 0.1474565972222223 0.22477430555555564
6 0.8916087962962964 0.6176388888888888 0.20859375 0.21532986111111113
6 0.968107638888889 0.788263888888889 0.063784722222222 0.22409722222222223
6 0.9528819444444444 0.8964930555555556 0.09423611111111115 0.1686805555555555
6 0.798431712962963 0.8872048611111112 0.18730902777777772 0.19612847222222207
6 0.7525868055555556 0.93828125 0.23759259259259266 0.09736111111111115
6 0.15083912037037037 0.9782465277777778 0.20202546296296298 0.04350694444444443