1 0.4972569444444444 0.49508680555555556 0.48272569444444446 0.5022627314814814
6 0.3768229166666667 0.8554513888888888 0.22527777777777774 0.229965277777778
6 0.08850694444444444 0.9439583333333333 0.1770138888888889 0.11208333333333335
6 0.08927083333333333 0.7807233796296297 0.17854166666666665 0.2041782407407407
6 0.06509548611111111 0.5932291666666666 0.13019097222222223 0.2557291666666668
6 0.1762152777777778 0.46712384259259265 0.1896875 0.2796585648148149
6 0.29064236111111114 0.27167245370370374 0.25081597222222224 0.2197916666666666
6 0.43967013888888895 0.10858217592592592 0.2550347222222221 0.21716435185185184
6 0.678923611111111 0.2250347222222222 0.19274305555555565 0.2063599537037037
6 0.7748090277777777 0.23156249999999998 0.22494791666666672 0.21512152777777782
6 0.8657986111111111 0.31787037037037036 0.23022569444444443 0.24182291666666664
6 0.9173090277777778 0.5294849537037037 0.14539930555555572 0.2190104166666666
6 0.9060416666666666 0.8257175925925926 0.1554861111111112 0.25131944444444443
6 0.14666666666666667 0.04406828703703704 0.23479166666666665 0.08813657407407408