1 0.50234375 0.5046875 0.4046875 0.40390625
6 0.328125 0.2359375 0.24375 0.1625
6 0.73515625 0.3265625 0.20390625 0.19921875
6 0.80546875 0.6 0.2171875 0.221875
6 0.7984375 0.840625 0.196875 0.228125
6 0.55703125 0.825 0.25625 0.2046875
6 0.4 0.93984375 0.2265625 0.11953125
6 0.29375 0.753125 0.24375 0.2125
6 0.20546875 0.515625 0.1734375 0.23359375
6 0.059375 0.4734375 0.11875 0.215625
6 0.059375 0.24296875 0.11875 0.1875
6 0.16015625 0.09609375 0.21953125 0.171875
6 0.4125 0.05859375 0.2328125 0.11640625
6 0.07734375 0.6796875 0.1546875 0.1890625
6 0.97109375 0.6375 0.0578125 0.18125