1 0.5220775462962963 0.5235937500000001 0.46695601851851853 0.4413541666666667
6 0.6694155092592593 0.9181004050925926 0.2592592592592592 0.16379918981481473
6 0.8074363425925926 0.7827604166666667 0.24664351851851868 0.24081597222222229
6 0.23747106481481484 0.6317997685185185 0.2445601851851852 0.2337037037037037
6 0.19050925925925927 0.7227546296296297 0.20535300925925926 0.1771932870370371
6 0.1074074074074074 0.840630787037037 0.10671296296296298 0.22188657407407392
6 0.08405671296296297 0.4728645833333333 0.11475694444444444 0.22541666666666665
6 0.5643518518518519 0.18024305555555556 0.2547743055555557 0.21399884259259264
6 0.4289351851851852 0.15921296296296297 0.228125 0.2849942129629629
6 0.13732638888888887 0.04681134259259259 0.27465277777777775 0.09362268518518518
6 0.8824001736111111 0.18866319444444443 0.23519965277777785 0.24664930555555556
6 0.9432002314814815 0.33372685185185186 0.11359953703703703 0.22687500000000008
6 0.949392361111111 0.893359375 0.10121527777777786 0.21328125
6 0.9483506944444444 0.9528414351851853 0.10329861111111108 0.09431712962962954
6 0.14036458333333335 0.97734375 0.13929398148148148 0.0453125