1 0.4996180555555555 0.4814525462962963 0.4180902777777778 0.4569444444444445
6 0.45112847222222224 0.923148148148148 0.21376736111111114 0.12413194444444428
6 0.6594791666666666 0.8155960648148148 0.24555555555555558 0.2602430555555557
6 0.8403645833333334 0.6942418981481482 0.2258506944444445 0.22051504629629637
6 0.869375 0.901417824074074 0.18388888888888885 0.13628472222222215
6 0.18598958333333332 0.6061631944444444 0.21069444444444443 0.24803240740740745
6 0.16038194444444445 0.7436053240740741 0.2505902777777778 0.23313078703703702
6 0.061610243055555555 0.8213541666666668 0.12322048611111111 0.2557002314814817
6 0.01826388888888889 0.606712962962963 0.03652777777777778 0.18969907407407405
6 0.027217881944444446 0.387818287037037 0.05443576388888889 0.22433449074074083
6 0.18522569444444445 0.3425636574074074 0.2655208333333333 0.25318287037037035
6 0.08824652777777778 0.12109375 0.17649305555555556 0.2421875
6 0.1598263888888889 0.05957754629629629 0.26784722222222224 0.11915509259259258
6 0.44140625 0.12404513888888888 0.24434027777777773 0.23289930555555555
6 0.7300868055555556 0.19212962962962962 0.23864583333333336 0.21006944444444448
6 0.8349131944444445 0.36061921296296295 0.20835069444444443 0.2479456018518519
6 0.7604340277777778 0.01646412037037037 0.18225694444444435 0.03292824074074074
5 0.9142708333333334 0.08390480324074075 0.17121527777777779 0.1678096064814815
6 0.10762586805555556 0.968923611111111 0.21525173611111112 0.059259259259259164