1 0.50546875 0.4921875 0.29921875 0.46171875
5 0.2859375 0.24296875 0.07421875 0.08359375
6 0.1890625 0.28125 0.1984375 0.2453125
6 0.1140625 0.159375 0.22734375 0.1984375
6 0.14609375 0.03828125 0.2921875 0.07578125
6 0.58046875 0.11171875 0.2390625 0.2234375
6 0.80234375 0.121875 0.24453125 0.24375
6 0.778125 0.35859375 0.18671875 0.20859375
6 0.9375 0.3109375 0.1203125 0.26484375
6 0.8 0.58125 0.24453125 0.2515625
6 0.93671875 0.75 0.1265625 0.23125
6 0.95390625 0.92890625 0.0921875 0.1421875
6 0.78203125 0.8828125 0.225 0.22578125
6 0.65859375 0.75078125 0.2484375 0.20625
6 0.41640625 0.78515625 0.19609375 0.1953125
6 0.43359375 0.93828125 0.23515625 0.1234375
6 0.2 0.934375 0.21015625 0.13125
6 0.2140625 0.7484375 0.190625 0.2453125
6 0.05703125 0.67734375 0.1140625 0.21484375
6 0.05 0.9203125 0.1 0.153125