1 0.50078125 0.51171875 0.3796875 0.3859375
5 0.690625 0.390625 0.0796875 0.0890625
5 0.16953125 0.12890625 0.07421875 0.090625
5 0.77578125 0.1203125 0.06484375 0.06171875
5 0.39375 0.7984375 0.0671875 0.075
5 0.06484375 0.29921875 0.0578125 0.05546875
6 0.21015625 0.38359375 0.2328125 0.27421875
6 0.28203125 0.11015625 0.24765625 0.2203125
6 0.58125 0.0734375 0.2078125 0.146875
6 0.65703125 0.24140625 0.2171875 0.20703125
6 0.91171875 0.13984375 0.17578125 0.24765625
6 0.89375 0.44921875 0.2125 0.2109375
6 0.81875 0.653125 0.20078125 0.20703125
6 0.975 0.65078125 0.05 0.1390625
6 0.92265625 0.82109375 0.1546875 0.19921875
6 0.55 0.9546875 0.24453125 0.090625
6 0.1296875 0.95 0.225 0.1
6 0.215625 0.81953125 0.225 0.20078125
6 0.0453125 0.7796875 0.08984375 0.221875
6 0.06015625 0.16015625 0.1203125 0.20703125