1 0.50703125 0.49765625 0.3875 0.42890625
6 0.4796875 0.06328125 0.203125 0.1265625
6 0.67734375 0.16796875 0.22734375 0.24375
6 0.8484375 0.27890625 0.21015625 0.20625
6 0.9 0.0703125 0.2 0.140625
6 0.20703125 0.38828125 0.19453125 0.23359375
6 0.18828125 0.25546875 0.234375 0.21796875
6 0.075 0.184375 0.15 0.2421875
6 0.02890625 0.39296875 0.0578125 0.1828125
6 0.03203125 0.60546875 0.0640625 0.2140625
6 0.1953125 0.64375 0.24765625 0.2359375
6 0.08671875 0.87578125 0.1734375 0.2484375
6 0.15859375 0.93359375 0.25546875 0.13203125
6 0.43515625 0.84765625 0.22734375 0.21796875
6 0.71875 0.7703125 0.2234375 0.1953125
6 0.82890625 0.603125 0.1921875 0.23359375
6 0.74140625 0.96484375 0.1734375 0.06953125
5 0.90078125 0.88671875 0.16953125 0.1890625
6 0.14140625 0.03203125 0.221875 0.0640625