1 0.4875 0.50625 0.37734375 0.38828125
6 0.34609375 0.1703125 0.20234375 0.2046875
6 0.55390625 0.20390625 0.19609375 0.19296875
6 0.75546875 0.134375 0.1828125 0.2453125
6 0.89375 0.3671875 0.2 0.2203125
6 0.77890625 0.53984375 0.1828125 0.22421875
6 0.8515625 0.646875 0.1890625 0.19140625
6 0.934375 0.8390625 0.13046875 0.21796875
6 0.73359375 0.83984375 0.1921875 0.21015625
6 0.50859375 0.8125 0.215625 0.19296875
6 0.51171875 0.9578125 0.221875 0.084375
6 0.278125 0.934375 0.2265625 0.13125
6 0.28671875 0.74296875 0.190625 0.203125
6 0.05859375 0.4359375 0.1171875 0.228125
6 0.2265625 0.3390625 0.21328125 0.17734375
6 0.10234375 0.17265625 0.1890625 0.1984375
6 0.5671875 0.02421875 0.1625 0.0484375
6 0.046875 0.03984375 0.09375 0.0796875
6 0.9359375 0.1359375 0.128125 0.2265625
6 0.95 0.98203125 0.09921875 0.0359375