1 0.5046875 0.4984375 0.3984375 0.39375
5 0.11015625 0.62265625 0.1109375 0.090625
6 0.2375 0.7625 0.21796875 0.21484375
6 0.059375 0.74140625 0.11875 0.21796875
6 0.4484375 0.88203125 0.190625 0.1875
6 0.73203125 0.87734375 0.17890625 0.2046875
6 0.89453125 0.5296875 0.18671875 0.2140625
6 0.8234375 0.359375 0.1890625 0.20234375
6 0.9328125 0.19609375 0.13359375 0.2109375
6 0.9140625 0.08515625 0.171875 0.1703125
6 0.72109375 0.09765625 0.16953125 0.1953125
6 0.675 0.04921875 0.221875 0.0984375
6 0.1 0.025 0.19453125 0.05