1 0.5117534722222222 0.4921006944444445 0.45175925925925925 0.47501157407407407
6 0.19137731481481482 0.4142534722222223 0.2043113425925926 0.2776157407407407
6 0.4386400462962963 0.13643518518518521 0.24517939814814813 0.20741319444444445
6 0.8193113425925926 0.10308593749999999 0.2290162037037035 0.20617187499999998
6 0.9486631944444444 0.04818431712962963 0.10266782407407433 0.09636863425925926
6 0.8573090277777778 0.3334027777777778 0.23533564814814803 0.24899884259259258
6 0.7973090277777778 0.7375636574074074 0.23824652777777774 0.22027777777777793
6 0.9293287037037036 0.8367245370370371 0.12972222222222243 0.2232175925925926
6 0.9782291666666666 0.6659317129629629 0.034004629629629336 0.16288194444444457
6 0.9798726851851851 0.44405671296296295 0.03425925925925917 0.19725694444444458
6 0.68359375 0.9082928240740742 0.21325231481481488 0.11415509259259267
6 0.4885879629629629 0.8784606481481481 0.2138599537037038 0.19618634259259266
6 0.2648726851851852 0.9292013888888888 0.19534143518518512 0.12090277777777772
6 0.08130063657407408 0.90984375 0.16260127314814815 0.17953125000000014
6 0.31841435185185185 0.764380787037037 0.23836805555555554 0.23668402777777792
6 0.14463541666666666 0.7153298611111112 0.239994212962963 0.24537037037037024
6 0.07919560185185184 0.6678414351851851 0.1583912037037037 0.24556712962962965
5 0.43887731481481485 0.9477835648148147 0.0847569444444444 0.05656249999999972
5 0.6641724537037037 0.6837615740740741 0.05608796296296301 0.08688078703703717
6 0.0501316550925926 0.26417824074074076 0.1002633101851852 0.1896122685185185
6 0.02210792824074074 0.45095486111111105 0.04421585648148148 0.18949652777777787
6 0.06796875 0.09296875 0.1359375 0.1859375
6 0.2705902777777778 0.06356047453703703 0.2588136574074074 0.12712094907407406
6 0.5013194444444444 0.020682870370370372 0.18486111111111114 0.041365740740740745