1 0.46759259259259256 0.5025115740740741 0.4174189814814815 0.4129918981481481
5 0.6636574074074074 0.6328298611111111 0.08784722222222215 0.09499999999999993
5 0.10188078703703703 0.9004398148148148 0.08165509259259256 0.09646990740740727
5 0.7436921296296296 0.9201099537037039 0.07115162037037023 0.06586226851851862
5 0.36553819444444446 0.19770833333333332 0.07401620370370363 0.07995949074074078
5 0.013744212962962962 0.7214872685185185 0.027488425925925923 0.05859953703703695
6 0.15558449074074074 0.632337962962963 0.2575810185185185 0.2927199074074075
6 0.22132523148148148 0.9018938078703703 0.2690393518518518 0.1962123842592593
6 0.533130787037037 0.9440162037037038 0.2247106481481481 0.11196759259259252
6 0.6234375 0.7901331018518519 0.2377893518518519 0.22215277777777764
6 0.8807002314814815 0.8858101851851853 0.18234953703703702 0.2283796296296295
6 0.8729166666666666 0.5757407407407407 0.2200231481481481 0.22735532407407408
6 0.809866898148148 0.35750000000000004 0.2206018518518519 0.22189814814814818
6 0.9659143518518519 0.36528356481481483 0.047685185185185476 0.14906249999999996
6 0.9186921296296298 0.1840162037037037 0.15787037037037024 0.2147222222222222
6 0.536082175925926 0.04624421296296296 0.2622106481481481 0.08040509259259258
6 0.1060546875 0.04532407407407408 0.212109375 0.09063657407407408
6 0.17806712962962962 0.17304398148148148 0.2461226851851852 0.21524884259259255
6 0.023227719907407407 0.2136516203703704 0.046455439814814814 0.2358969907407408
6 0.027155671296296292 0.8685821759259259 0.054311342592592585 0.21918402777777785