1 0.5432754629629629 0.5158159722222223 0.3335243055555555 0.48701388888888886
5 0.30313657407407407 0.2503472222222222 0.08087384259259256 0.08930555555555557
6 0.2070601851851852 0.2858159722222222 0.21803240740740737 0.2605902777777779
6 0.1221701388888889 0.15503472222222223 0.238599537037037 0.21319444444444446
6 0.14960069444444446 0.039375 0.2991550925925926 0.07796875
6 0.5970601851851851 0.13484374999999998 0.2574016203703703 0.22805555555555554
6 0.822662037037037 0.155 0.2640740740740739 0.24861111111111112
6 0.8140798611111112 0.3914930555555555 0.20331018518518534 0.2225347222222222
6 0.9511284722222222 0.34751736111111114 0.09774305555555571 0.27588541666666666
6 0.8494733796296294 0.6205902777777779 0.2653240740740742 0.2697048611111111
6 0.9634432870370372 0.7990104166666667 0.07311342592592567 0.24243055555555557
6 0.9881944444444445 0.9541493055555555 0.023611111111111072 0.09170138888888886
6 0.8463888888888889 0.903359375 0.2437094907407406 0.19328125000000007
6 0.7160474537037038 0.7884201388888888 0.2671875 0.22225694444444458
6 0.470474537037037 0.8125694444444445 0.21189814814814803 0.20967013888888886
6 0.4941608796296296 0.9500173611111112 0.2489467592592593 0.09996527777777757
6 0.2556481481481481 0.9413324652777778 0.22045717592592595 0.11733506944444443
6 0.26122106481481483 0.7658680555555556 0.20943865740740736 0.26020833333333326
6 0.09754050925925925 0.6861284722222223 0.12633680555555554 0.22534722222222214
6 0.10490740740740741 0.9265711805555554 0.10792245370370371 0.14685763888888914