1 0.48602430555555554 0.4852141203703704 0.42366898148148147 0.4221643518518519
6 0.21151620370370372 0.16614583333333333 0.1739872685185185 0.21085069444444443
6 0.4222222222222222 0.16458333333333336 0.2051793981481481 0.2525752314814815
6 0.6143229166666666 0.15980902777777778 0.23839699074074083 0.2015335648148148
6 0.7028356481481481 0.03954716435185185 0.2841724537037038 0.0790943287037037
6 0.817505787037037 0.08394097222222222 0.25248842592592596 0.16788194444444443
6 0.9247974537037038 0.26611689814814815 0.13706597222222214 0.24615162037037042
6 0.08114872685185184 0.278125 0.1622974537037037 0.24137731481481478
6 0.1423611111111111 0.47453703703703703 0.26255787037037037 0.2429976851851851
6 0.08938078703703703 0.6759837962962962 0.17876157407407406 0.21990740740740744
6 0.29172453703703705 0.760011574074074 0.24288194444444447 0.21730324074074084
6 0.10277054398148149 0.9053819444444444 0.20554108796296297 0.18683449074074082
6 0.3485243055555556 0.932667824074074 0.26331018518518523 0.11585648148148167
6 0.7152777777777778 0.9097222222222221 0.21634837962962958 0.13284143518518549