1 0.5485243055555555 0.5002777777777778 0.5301678240740741 0.48441550925925936
6 0.6598090277777777 0.13306134259259259 0.22090277777777773 0.2007349537037037
6 0.819212962962963 0.30051504629629633 0.2032581018518517 0.20567129629629627
6 0.9494502314814814 0.5605729166666666 0.10109953703703703 0.21556134259259246
6 0.8919603587962964 0.5721469907407407 0.2160792824074072 0.22814814814814816
6 0.9760243055555555 0.7654398148148148 0.047951388888888856 0.20263888888888887
6 0.8875520833333332 0.8330208333333333 0.21250578703703696 0.23012152777777786
6 0.9548842592592592 0.9240625000000001 0.09023148148148152 0.10113425925925909
6 0.7736805555555556 0.9584837962962963 0.1961111111111112 0.04558449074074069
6 0.44246527777777783 0.9424710648148148 0.2280729166666667 0.09800347222222214
6 0.26651041666666664 0.7598553240740741 0.23410879629629627 0.23934027777777783
6 0.13745949074074074 0.3254108796296296 0.2301041666666667 0.22440393518518514
6 0.25687499999999996 0.26708912037037036 0.2539467592592592 0.20561342592592596
6 0.34903935185185186 0.11194444444444444 0.2012037037037037 0.2238888888888889
6 0.08048611111111112 0.03984375 0.16097222222222224 0.0796875
6 0.5434375 0.014450231481481482 0.19000000000000003 0.028900462962962965
6 0.8868229166666666 0.09928385416666666 0.22635416666666686 0.19856770833333331
6 0.7191377314814815 0.7644444444444444 0.19678240740740732 0.21483796296296304
6 0.5439293981481482 0.8189409722222223 0.24470486111111106 0.19442129629629648
6 0.06331597222222221 0.8175289351851852 0.04033564814814814 0.18056712962962962