1 0.503263888888889 0.5202083333333334 0.5230208333333334 0.5076041666666666
6 0.2664236111111111 0.8619791666666666 0.26409722222222226 0.2648958333333333
6 0.4132986111111111 0.9588020833333333 0.2491666666666667 0.08239583333333336
6 0.6909548611111112 0.9891145833333332 0.26305555555555565 0.021770833333333427
6 0.7544791666666667 0.8958072916666666 0.2328125 0.20838541666666685
6 0.8166145833333334 0.6788020833333335 0.21694444444444444 0.24927083333333327
6 0.7928645833333333 0.33921875 0.3360763888888888 0.2041666666666667
6 0.8470833333333333 0.15270833333333333 0.21911458333333336 0.20651041666666664
6 0.5557638888888888 0.129375 0.21345486111111106 0.1975520833333333
6 0.27407986111111116 0.20057291666666668 0.24664930555555556 0.2169270833333333
6 0.13782986111111112 0.029531250000000002 0.18994791666666666 0.05244791666666667
6 0.09327690972222222 0.6214583333333333 0.18655381944444444 0.20848958333333342
6 0.19463541666666667 0.5716145833333333 0.20456597222222223 0.25390625
6 0.05633680555555556 0.38286458333333334 0.11267361111111111 0.21885416666666666
6 0.9196874999999999 0.9013411458333334 0.12755208333333315 0.19731770833333329
6 0.045538194444444444 0.86296875 0.09107638888888889 0.21968749999999987