1 0.51015625 0.49609375 0.40859375 0.40703125
6 0.4 0.06328125 0.2578125 0.12578125
6 0.68359375 0.26875 0.1984375 0.2046875
6 0.89609375 0.39609375 0.2078125 0.2125
6 0.86875 0.29921875 0.1890625 0.20234375
6 0.8625 0.14140625 0.23046875 0.19453125
6 0.88671875 0.07578125 0.2171875 0.1515625
6 0.18359375 0.1296875 0.2140625 0.22265625
6 0.07578125 0.1046875 0.1515625 0.209375
6 0.05703125 0.25078125 0.1140625 0.2203125
6 0.1875 0.465625 0.1984375 0.22578125
6 0.21796875 0.36953125 0.2171875 0.20859375
6 0.28515625 0.684375 0.17890625 0.18515625
6 0.12265625 0.715625 0.17734375 0.221875
6 0.25390625 0.8921875 0.20390625 0.2046875
6 0.475 0.86171875 0.225 0.21484375
6 0.584375 0.90234375 0.20234375 0.19453125
6 0.05546875 0.88203125 0.1109375 0.23515625
6 0.66640625 0.7328125 0.20390625 0.1984375
6 0.82734375 0.8328125 0.18671875 0.2546875
6 0.90625 0.8359375 0.18515625 0.203125
6 0.95 0.65390625 0.09921875 0.221875
6 0.7953125 0.5890625 0.1921875 0.22265625
6 0.76875 0.975 0.1625 0.05
6 0.94921875 0.97109375 0.1015625 0.0546875