1 0.52890625 0.51328125 0.396875 0.4234375
6 0.35390625 0.28125 0.21015625 0.18984375
6 0.50625 0.18984375 0.209375 0.2390625
6 0.8 0.27421875 0.23671875 0.2625
6 0.8953125 0.57421875 0.209375 0.26328125
5 0.77421875 0.57109375 0.0671875 0.0796875
6 0.9796875 0.4234375 0.040625 0.1796875
6 0.24296875 0.53203125 0.1921875 0.29765625
6 0.10859375 0.7015625 0.2171875 0.21484375
6 0.0671875 0.4484375 0.13359375 0.24375
6 0.0984375 0.2125 0.196875 0.24765625
6 0.26875 0.09453125 0.259375 0.1890625
6 0.74296875 0.03984375 0.2359375 0.0796875
6 0.48046875 0.80703125 0.26484375 0.21015625
6 0.73515625 0.7359375 0.196875 0.21015625
6 0.79140625 0.921875 0.2359375 0.15625
6 0.46953125 0.95859375 0.2359375 0.0828125
6 0.0890625 0.90625 0.178125 0.1875