1 0.5303530092592592 0.5107060185185185 0.47051504629629637 0.39191550925925933
6 0.7401331018518518 0.27175925925925926 0.2307002314814815 0.22048611111111108
6 0.8626157407407407 0.521875 0.21527777777777785 0.22572337962962957
6 0.7840277777777778 0.8811805555555555 0.2653935185185185 0.237638888888889
5 0.9663194444444445 0.7992766203703704 0.06736111111111107 0.14670138888888892
6 0.1788773148148148 0.6554166666666668 0.2646990740740741 0.2740856481481483
6 0.5393518518518519 0.8996629050925925 0.21446759259259274 0.20067418981481494
6 0.4150173611111111 0.8541203703703705 0.25642361111111106 0.24038773148148138
6 0.12997685185185184 0.89375 0.20162037037037037 0.2125
6 0.15005787037037038 0.3832638888888889 0.22048611111111108 0.21877314814814816
6 0.24785879629629629 0.3253703703703704 0.18582175925925926 0.18936921296296294
6 0.19780092592592594 0.11224537037037038 0.24947916666666664 0.22154513888888888
6 0.5592592592592592 0.08949074074074073 0.2591435185185185 0.16624999999999998
6 0.6552662037037037 0.06748842592592594 0.25115740740740744 0.1192824074074074
6 0.88828125 0.09909722222222223 0.2234375 0.17518518518518517
6 0.9417317708333333 0.31077546296296293 0.11653645833333356 0.22292245370370373
6 0.9909505208333332 0.5481655092592593 0.01809895833333357 0.2942245370370369
6 0.35326967592592595 0.9969690393518519 0.238599537037037 0.006061921296296191