1 0.56859375 0.5203414351851852 0.35876736111111107 0.3250115740740741
6 0.7557928240740741 0.8848611111111111 0.20421296296296293 0.1982465277777777
6 0.5607175925925926 0.9064279513888888 0.22156249999999994 0.18714409722222242
6 0.10706307870370371 0.7878761574074075 0.21412615740740742 0.25212962962962954
6 0.052557870370370366 0.5639525462962963 0.10511574074074073 0.2404050925925926
6 0.04689814814814815 0.39078703703703704 0.0937962962962963 0.13543402777777774
6 0.04804976851851852 0.2781018518518518 0.09609953703703704 0.22495370370370366
6 0.04140625 0.07276620370370371 0.0828125 0.14553240740740742
6 0.19738425925925926 0.24365740740740743 0.21877314814814816 0.19365740740740733
6 0.23153935185185187 0.0685763888888889 0.2150462962962963 0.1217824074074074
6 0.42690972222222223 0.26039351851851855 0.22691550925925927 0.2455439814814815
6 0.43194444444444446 0.07261574074074074 0.21736111111111106 0.1063425925925926
6 0.8599652777777778 0.4929398148148148 0.23218171296296292 0.24196180555555563
6 0.913605324074074 0.6826273148148149 0.11723958333333329 0.20321759259259267
6 0.8571238425925927 0.9866203703703704 0.18982638888888914 0.02675925925925924
6 0.12157407407407408 0.9578125 0.24314814814814817 0.084375