1 0.51953125 0.51015625 0.3890625 0.4484375
5 0.21328125 0.09375 0.084375 0.11953125
5 0.10234375 0.43125 0.09375 0.0890625
6 0.09140625 0.2265625 0.1828125 0.2046875
6 0.06875 0.06171875 0.1375 0.1234375
6 0.3171875 0.134375 0.1734375 0.2109375
6 0.31484375 0.271875 0.25625 0.14140625
6 0.6578125 0.12890625 0.196875 0.2203125
6 0.66875 0.2109375 0.30546875 0.15078125
6 0.9015625 0.24296875 0.196875 0.2265625
6 0.85078125 0.50390625 0.22734375 0.25703125
6 0.68359375 0.7765625 0.22734375 0.2390625
6 0.44609375 0.80078125 0.26875 0.20078125
6 0.31640625 0.6546875 0.221875 0.2625
6 0.103125 0.62109375 0.20546875 0.18984375
6 0.23203125 0.4515625 0.2078125 0.2125
6 0.0578125 0.82578125 0.115625 0.2046875
6 0.10703125 0.94453125 0.2140625 0.11015625
6 0.38125 0.9375 0.23125 0.125
6 0.371875 0.025 0.24375 0.05