1 0.57859375 0.5117708333333333 0.38817708333333323 0.40126736111111116
6 0.8878255208333334 0.5777430555555556 0.2243489583333332 0.24918402777777793
6 0.7996875 0.7669618055555555 0.2668750000000001 0.24086805555555557
6 0.6363020833333334 0.8942708333333333 0.27947916666666667 0.21145833333333322
6 0.2996875 0.8265277777777778 0.26817708333333334 0.2720833333333335
6 0.15515625 0.8201041666666666 0.21927083333333336 0.28626736111111095
6 0.17411458333333335 0.50859375 0.23442708333333329 0.24487847222222214
6 0.12296875 0.5125520833333332 0.19604166666666667 0.27666666666666656
6 0.25645833333333334 0.2248263888888889 0.22901041666666666 0.22204861111111115
6 0.2839583333333333 0.2984895833333333 0.25223958333333335 0.21996527777777777
6 0.05067708333333334 0.11753472222222223 0.10135416666666668 0.23506944444444447
6 0.29640625 0.07626736111111111 0.26468749999999996 0.13795138888888886
6 0.7035416666666666 0.09592013888888888 0.2445833333333333 0.1401736111111111
6 0.62265625 0.09777777777777778 0.2507291666666667 0.15057291666666667
6 0.8422395833333333 0.27189236111111115 0.2517708333333335 0.23630208333333336
6 0.97984375 0.24265625000000002 0.04031249999999993 0.2504513888888889
6 0.8998828124999999 0.9337239583333332 0.20023437500000013 0.13255208333333357