1 0.45703125 0.4690104166666666 0.42265625 0.47504629629629636
6 0.64375 0.7040393518518518 0.22421875 0.21484953703703696
6 0.48125 0.8105439814814815 0.22265625 0.2663194444444443
6 0.16875 0.74 0.25234375 0.29307870370370354
6 0.090625 0.42744212962962963 0.18046875 0.29116319444444444
5 0.19609375 0.4227546296296296 0.071875 0.08941550925925927
6 0.7625 0.43137731481481484 0.20390625 0.32848958333333333
6 0.8953125 0.24538194444444444 0.209375 0.24053240740740742
6 0.9390625 0.5099768518518518 0.12109375 0.26733217592592595
6 0.90546875 0.7619675925925925 0.1890625 0.27448495370370374
6 0.73515625 0.8775289351851852 0.275 0.17410879629629647
6 0.22890625 0.964560185185185 0.2515625 0.05865740740740719
6 0.509375 0.1541898148148148 0.28203125 0.23936921296296293
6 0.23828125 0.24603587962962964 0.21015625 0.23510995370370366
6 0.17890625 0.07166811342592593 0.2515625 0.14333622685185185
6 0.521875 0.02185763888888889 0.2515625 0.04371527777777778
6 0.915625 0.06443287037037038 0.16875 0.12886574074074075