1 0.4884027777777778 0.5259548611111111 0.4133506944444445 0.40295138888888893
6 0.23371527777777779 0.727806712962963 0.20744791666666665 0.2276331018518519
6 0.4324826388888889 0.8509837962962962 0.2537152777777777 0.23324652777777785
6 0.7927430555555556 0.914525462962963 0.27437500000000004 0.17094907407407406
6 0.8850347222222222 0.7926215277777777 0.17309027777777786 0.2442997685185185
6 0.920173611111111 0.6358506944444444 0.11543402777777771 0.228125
6 0.7827256944444445 0.43590856481481477 0.2319791666666667 0.23556134259259257
6 0.8951388888888889 0.38920717592592596 0.1883333333333333 0.23628472222222213
6 0.9097569444444445 0.16594328703703703 0.17822916666666658 0.21953125
6 0.7665972222222223 0.07690972222222223 0.28399305555555543 0.1072337962962963
6 0.5156423611111112 0.07152777777777779 0.25934027777777774 0.11412037037037037
6 0.43328125 0.19916087962962964 0.2817881944444444 0.25066550925925923
6 0.10234375 0.11707175925925925 0.2046875 0.2341435185185185
6 0.10053819444444445 0.35078125 0.2010763888888889 0.2578125
6 0.06479166666666666 0.613744212962963 0.12958333333333333 0.23842592592592596