1 0.50390625 0.50234375 0.3859375 0.459375
6 0.3390625 0.128125 0.22890625 0.253125
6 0.1109375 0.04609375 0.221875 0.0921875
6 0.7546875 0.0578125 0.2265625 0.115625
6 0.8953125 0.18671875 0.209375 0.2421875
6 0.8296875 0.55859375 0.1875 0.22265625
6 0.9109375 0.7765625 0.178125 0.24765625
6 0.8546875 0.9265625 0.221875 0.146875
6 0.38125 0.896875 0.23046875 0.20625
6 0.51328125 0.934375 0.13515625 0.13125
6 0.21328125 0.7140625 0.2390625 0.2265625
6 0.11171875 0.89296875 0.2234375 0.2140625
6 0.15546875 0.4390625 0.24765625 0.253125
6 0.12890625 0.3140625 0.2265625 0.20625