1 0.5109375 0.5125 0.346875 0.3609375
6 0.53671875 0.1453125 0.24765625 0.2453125
6 0.82578125 0.3234375 0.26328125 0.23515625
6 0.87734375 0.4453125 0.24453125 0.2265625
6 0.91640625 0.671875 0.16640625 0.2203125
6 0.88203125 0.803125 0.2359375 0.23984375
6 0.821875 0.9546875 0.228125 0.090625
6 0.6265625 0.81796875 0.27890625 0.23984375
6 0.9796875 0.19765625 0.040625 0.16953125
6 0.21171875 0.2109375 0.21953125 0.2375
6 0.3265625 0.046875 0.24140625 0.09375
6 0.05390625 0.09375 0.10703125 0.1875
6 0.084375 0.46640625 0.16796875 0.20625
6 0.18828125 0.64921875 0.2421875 0.22578125
6 0.20390625 0.890625 0.259375 0.21796875
6 0.0390625 0.934375 0.078125 0.13125
6 0.0265625 0.73671875 0.053125 0.20078125