1 0.5099479166666667 0.5349652777777778 0.5190798611111112 0.47435185185185186
6 0.2456423611111111 0.7823784722222223 0.20031828703703702 0.20107638888888885
6 0.7118518518518518 0.8422453703703704 0.2197337962962962 0.19774884259259268
6 0.9180830439814816 0.8784722222222221 0.16383391203703682 0.24305555555555572
6 0.8415162037037037 0.6345543981481482 0.1700578703703705 0.20720486111111108
6 0.808431712962963 0.33461805555555557 0.24883101851851847 0.23139467592592594
6 0.8651157407407407 0.11383680555555556 0.2643750000000001 0.17643518518518517
6 0.47296875 0.18261574074074075 0.17645833333333344 0.1597800925925926
6 0.2343923611111111 0.2973148148148148 0.24501736111111114 0.23440393518518512
6 0.13359375 0.5308391203703703 0.18566550925925923 0.23342592592592587
6 0.1368923611111111 0.3787268518518518 0.21720486111111112 0.19142939814814816
6 0.037222222222222226 0.30786458333333333 0.06305555555555556 0.23135416666666667
6 0.20063657407407404 0.08009837962962964 0.2012731481481481 0.15427083333333333
6 0.1912326388888889 0.05249999999999999 0.2175983796296296 0.09933449074074074
6 0.4484259259259259 0.06558449074074074 0.22653935185185184 0.11130787037037038
6 0.4141956018518519 0.9314814814814815 0.21914930555555542 0.137037037037037
6 0.8334606481481481 0.9807291666666668 0.3103067129629629 0.03854166666666643
6 0.16072916666666665 0.9424421296296297 0.23467592592592595 0.11511574074074069
6 0.04364583333333333 0.7881018518518519 0.04673611111111111 0.20745370370370378
6 0.03291087962962963 0.5575173611111112 0.038836805555555555 0.23063657407407412
6 0.03411458333333333 0.07126157407407407 0.06822916666666666 0.14252314814814815