1 0.5358680555555555 0.537349537037037 0.4701504629629628 0.44200231481481483
6 0.28289930555555554 0.16660300925925925 0.1960243055555555 0.20417245370370368
6 0.16340277777777779 0.11599537037037037 0.1833854166666667 0.17079282407407406
6 0.0745138888888889 0.09969907407407408 0.14898726851851854 0.19861689814814815
6 0.4997222222222222 0.17083333333333334 0.22357060185185187 0.20949652777777777
6 0.7382523148148148 0.23306712962962967 0.20370370370370364 0.21703703703703708
6 0.9329094328703704 0.2693402777777778 0.13418113425925923 0.2611168981481482
6 0.891752025462963 0.5694270833333334 0.21649594907407418 0.24962384259259257
6 0.8896556712962962 0.4645370370370371 0.22068865740740762 0.2015625
6 0.9881828703703703 0.7262557870370371 0.023634259259259237 0.21681712962962968
6 0.9418923611111112 0.7995254629629629 0.11621527777777771 0.20777777777777792
6 0.8635185185185186 0.9274710648148148 0.18604166666666658 0.14505787037037052
6 0.9814221643518518 0.9753110532407409 0.037155671296296336 0.04937789351851833
6 0.4875115740740741 0.9426895254629629 0.24352430555555565 0.11462094907407412
6 0.1309664351851852 0.94375 0.16989583333333336 0.1125
6 0.11278935185185186 0.7927893518518518 0.1546064814814815 0.21682870370370377
6 0.12502893518518518 0.5479918981481482 0.20618634259259258 0.2498900462962963
6 0.19458912037037038 0.46199652777777783 0.20608796296296292 0.2179398148148149