1 0.47421875 0.47381365740740744 0.4375520833333333 0.5052777777777777
6 0.32760416666666664 0.1517824074074074 0.23999999999999994 0.2616782407407407
6 0.11529947916666668 0.29204282407407406 0.23059895833333335 0.2768055555555556
6 0.03471354166666667 0.4956134259259259 0.06942708333333333 0.2259606481481482
6 0.2151041666666667 0.6837094907407407 0.2731770833333334 0.199056712962963
6 0.25307291666666665 0.8378703703703703 0.23604166666666665 0.2606655092592593
6 0.34125 0.834201388888889 0.24989583333333334 0.23502893518518525
6 0.5163020833333334 0.8814120370370372 0.2503124999999999 0.18291666666666656
6 0.7777604166666666 0.858136574074074 0.27947916666666683 0.20020833333333315
6 0.7406770833333333 0.667349537037037 0.2521875000000001 0.21104166666666657
6 0.8025520833333333 0.17110532407407408 0.24932291666666656 0.2614525462962963
6 0.8709895833333332 0.2184085648148148 0.23864583333333336 0.26471064814814815
6 0.8398958333333333 0.46303819444444444 0.25203124999999993 0.27873263888888894
6 0.8943229166666666 0.47537615740740746 0.15963541666666678 0.2934895833333332
6 0.018932291666666667 0.7882175925925926 0.03786458333333333 0.28450231481481475
6 0.0920703125 0.9651041666666668 0.184140625 0.065763888888889
6 0.08572916666666666 0.02948061342592593 0.17145833333333332 0.05896122685185186
6 0.7194270833333334 0.06572337962962962 0.2548958333333333 0.13144675925925925
6 0.9360937500000001 0.01851273148148148 0.12781249999999994 0.03702546296296296