1 0.50546875 0.5296875 0.396875 0.40703125
6 0.32265625 0.24453125 0.221875 0.21640625
6 0.65703125 0.2515625 0.2 0.23359375
6 0.825 0.2125 0.1921875 0.196875
5 0.79296875 0.40234375 0.1125 0.11015625
5 0.09453125 0.55625 0.11015625 0.11015625
5 0.125 0.72890625 0.09921875 0.10390625
5 0.53359375 0.290625 0.06484375 0.06953125
5 0.98125 0.18515625 0.03671875 0.07890625
6 0.82890625 0.58671875 0.18125 0.19921875
6 0.109375 0.06875 0.21875 0.1375
6 0.5109375 0.06796875 0.228125 0.1359375
6 0.0375 0.18671875 0.075 0.1453125
6 0.02890625 0.37421875 0.0578125 0.1859375
6 0.03203125 0.59609375 0.06328125 0.221875
6 0.0796875 0.83984375 0.15859375 0.2109375
6 0.246875 0.85390625 0.1890625 0.2203125
6 0.41015625 0.81484375 0.24375 0.259375
6 0.590625 0.86796875 0.14453125 0.21875
6 0.74140625 0.91953125 0.1890625 0.16015625
6 0.9484375 0.9171875 0.096875 0.165625
6 0.97578125 0.61015625 0.0484375 0.2671875
6 0.0453125 0.95078125 0.090625 0.0984375