1 0.503125 0.51171875 0.38515625 0.42265625
6 0.40234375 0.20234375 0.24609375 0.1984375
6 0.78828125 0.34921875 0.240625 0.23515625
6 0.8640625 0.15234375 0.2390625 0.24375
6 0.94453125 0.44921875 0.1109375 0.23125
6 0.778125 0.690625 0.2265625 0.2109375
6 0.88203125 0.87890625 0.2359375 0.2421875
6 0.7 0.971875 0.215625 0.05546875
6 0.37265625 0.7625 0.24453125 0.22578125
6 0.14765625 0.77890625 0.2234375 0.22265625
6 0.18671875 0.5484375 0.22734375 0.2390625
6 0.04609375 0.4671875 0.0921875 0.25
6 0.11015625 0.12890625 0.2 0.21640625
6 0.2875 0.04921875 0.25234375 0.0984375
6 0.1296875 0.96796875 0.259375 0.06328125
6 0.02421875 0.825 0.0484375 0.1625