1 0.5423958333333333 0.4689004629629629 0.42515625 0.45647569444444436
6 0.45895833333333336 0.7930787037037037 0.26671875000000006 0.21703125000000015
6 0.8465104166666666 0.6208969907407408 0.2638020833333332 0.2550289351851852
6 0.9028645833333332 0.8232175925925926 0.19427083333333356 0.265763888888889
6 0.96703125 0.510775462962963 0.06593750000000007 0.24400462962962965
6 0.8128645833333333 0.2690798611111111 0.24734374999999992 0.23004050925925928
6 0.8884895833333333 0.10075520833333333 0.22302083333333336 0.20151041666666666
6 0.7118749999999999 0.010030381944444444 0.2236979166666666 0.02006076388888889
6 0.39 0.21731481481481482 0.26708333333333334 0.24585648148148148
6 0.15760416666666666 0.21211805555555557 0.24499999999999997 0.24159722222222219
6 0.2140625 0.44751157407407405 0.25078125 0.25824652777777785
6 0.07906250000000001 0.5391782407407407 0.10317708333333335 0.2630497685185185
6 0.16239583333333335 0.8837152777777778 0.22026041666666663 0.23252893518518505
6 0.3516145833333334 0.9468113425925925 0.26526041666666667 0.09005208333333314
6 0.13005208333333335 0.02890625 0.2601041666666667 0.0578125
6 0.031875 0.17238425925925926 0.05119791666666666 0.1723784722222222