1 0.51171875 0.50390625 0.43125 0.40390625
6 0.28671875 0.1578125 0.17890625 0.1875
6 0.17421875 0.11484375 0.16796875 0.15625
6 0.078125 0.09765625 0.15546875 0.1953125
6 0.4953125 0.15078125 0.2046875 0.19140625
6 0.721875 0.19921875 0.18515625 0.19921875
6 0.925 0.22421875 0.15 0.2453125
6 0.86015625 0.51640625 0.21015625 0.2296875
6 0.85625 0.415625 0.20234375 0.18359375
6 0.9671875 0.6640625 0.065625 0.20625
6 0.9203125 0.73828125 0.15859375 0.19296875
6 0.8078125 0.8890625 0.171875 0.18125
6 0.9515625 0.940625 0.096875 0.11875
6 0.44453125 0.92421875 0.228125 0.1515625
6 0.090625 0.93359375 0.18046875 0.13203125
6 0.08046875 0.77421875 0.1609375 0.2015625
6 0.1046875 0.5359375 0.209375 0.23203125
6 0.18671875 0.44765625 0.1875 0.20078125