1 0.49944444444444447 0.4944791666666667 0.3589062500000001 0.38121527777777775
1 0.38081597222222224 0.1556597222222222 0.3711805555555555 0.3113194444444444
5 0.29279513888888886 0.4513715277777778 0.10656249999999998 0.08902777777777775
5 0.6161284722222222 0.72265625 0.10467013888888879 0.07411458333333343
5 0.5841145833333333 0.3018402777777778 0.06607638888888889 0.05835069444444443
6 0.830329861111111 0.4259201388888889 0.26156250000000014 0.21532986111111113
6 0.7871874999999999 0.7166145833333333 0.20487847222222227 0.2635416666666668
6 0.921736111111111 0.5623437499999999 0.1338194444444447 0.19170138888888885
6 0.8307638888888889 0.04137152777777778 0.2572222222222223 0.08274305555555556
6 0.6258854166666666 0.01814236111111111 0.14510416666666667 0.03628472222222222
6 0.11543402777777778 0.3546701388888889 0.21536458333333336 0.2788368055555555
6 0.08503472222222222 0.7537152777777777 0.17006944444444444 0.23631944444444458
6 0.32984375 0.821232638888889 0.26671875 0.3068750000000001
6 0.05618055555555555 0.957204861111111 0.1123611111111111 0.08559027777777786
6 0.8178819444444445 0.950954861111111 0.30362847222222233 0.036128472222222284
6 0.0578125 0.05 0.115625 0.1