1 0.5111111111111112 0.44734375000000004 0.3955092592592592 0.40140624999999996
6 0.26524884259259257 0.8942708333333333 0.2537384259259259 0.19546874999999986
6 0.535457175925926 0.8198958333333334 0.23584490740740732 0.22312499999999993
6 0.09012731481481481 0.5583854166666666 0.15329282407407407 0.25270833333333337
6 0.1756076388888889 0.35229166666666667 0.1751620370370371 0.22765624999999998
6 0.47566550925925927 0.08979166666666667 0.24508101851851852 0.17958333333333334
6 0.88125 0.06755208333333333 0.2375 0.13510416666666666
6 0.7890104166666666 0.23625 0.2560706018518518 0.24786458333333333
6 0.8479571759259258 0.48203125 0.2006712962962965 0.24651041666666665
6 0.9686328124999999 0.5007291666666667 0.06273437500000015 0.22770833333333335
6 0.9853645833333333 0.7428125 0.029270833333333357 0.2197395833333335
6 0.8953935185185184 0.8413020833333335 0.202847222222222 0.21468750000000014
6 0.7287152777777777 0.6582812499999999 0.23058449074074083 0.22979166666666656
6 0.09133101851851852 0.8103645833333333 0.14173611111111112 0.2573958333333334
6 0.03125 0.31494791666666666 0.05 0.21385416666666668
6 0.071875 0.10546875 0.14375 0.2109375
6 0.22564814814814813 0.017109375 0.1770543981481481 0.03421875