1 0.51015625 0.50078125 0.41015625 0.48671875
6 0.33984375 0.165625 0.22578125 0.2515625
6 0.12109375 0.29375 0.24140625 0.265625
6 0.046875 0.49609375 0.09375 0.2234375
6 0.26171875 0.6984375 0.2640625 0.1859375
6 0.3109375 0.8578125 0.221875 0.25
6 0.4 0.85859375 0.23828125 0.2234375
6 0.58125 0.91640625 0.24140625 0.16640625
6 0.8453125 0.9078125 0.26953125 0.18359375
6 0.79453125 0.71328125 0.2421875 0.19921875
6 0.8234375 0.21328125 0.23515625 0.25
6 0.8921875 0.265625 0.215625 0.25390625
6 0.88125 0.5125 0.23671875 0.26796875
6 0.9328125 0.52734375 0.134375 0.2890625
6 0.03984375 0.790625 0.0796875 0.2828125
6 0.1390625 0.97421875 0.215625 0.05078125
6 0.08515625 0.02578125 0.1703125 0.05078125
6 0.73125 0.08046875 0.246875 0.1609375
6 0.9421875 0.040625 0.1125 0.08125