1 0.5412962962962963 0.4796469907407408 0.4460243055555555 0.43065393518518535
6 0.4391203703703703 0.12056278935185186 0.22143518518518518 0.2411255787037037
6 0.9037499999999999 0.2068229166666667 0.19250000000000006 0.2578993055555555
6 0.9302835648148149 0.5252893518518519 0.1394328703703703 0.21909722222222214
6 0.9301041666666666 0.8610011574074073 0.1397916666666667 0.18114583333333342
6 0.7544386574074073 0.8572743055555556 0.22916087962962967 0.21374421296296298
6 0.3941261574074074 0.9209432870370371 0.20295138888888892 0.12885416666666671
6 0.47447337962962965 0.8080381944444444 0.24652777777777785 0.24826388888888892
5 0.3402835648148148 0.6835532407407408 0.07696180555555561 0.07232060185185177
5 0.3274421296296296 0.023373842592592592 0.07050925925925924 0.046747685185185184
6 0.20978009259259262 0.524369212962963 0.2444212962962963 0.3127835648148148
6 0.09700231481481482 0.6768113425925926 0.13401041666666666 0.21122106481481479
6 0.17993055555555557 0.9461747685185184 0.22118634259259257 0.10501157407407433
6 0.06096064814814815 0.3897800925925926 0.09210648148148148 0.21418981481481483
6 0.06054398148148149 0.18527199074074074 0.11163773148148148 0.2153472222222222
6 0.21578125000000004 0.1564814814814815 0.21458912037037034 0.23313078703703702
6 0.15642939814814816 0.0316724537037037 0.1831712962962963 0.0633449074074074