1 0.5208101851851852 0.5438194444444445 0.41619212962962954 0.45031250000000006
6 0.608269675925926 0.23125 0.26209490740740743 0.21430555555555558
6 0.22077546296296297 0.3644618055555555 0.2585706018518518 0.2515625
6 0.13215856481481483 0.15864583333333332 0.257494212962963 0.2608680555555556
6 0.07373842592592593 0.4600347222222222 0.11153356481481483 0.24190972222222218
6 0.24907986111111108 0.7149131944444445 0.24247106481481479 0.2266840277777778
6 0.15999999999999998 0.88671875 0.23979166666666668 0.2265625
6 0.3446296296296296 0.9855425347222223 0.2206539351851852 0.02891493055555543
6 0.6677314814814814 0.8067881944444444 0.2619907407407407 0.24236111111111108
6 0.889351851851852 0.83421875 0.22129629629629619 0.2390798611111112
6 0.8469733796296296 0.5957291666666666 0.24549189814814804 0.25487847222222226
6 0.9662297453703704 0.5183159722222223 0.0675405092592591 0.2608159722222222
6 0.8971657986111111 0.16947916666666668 0.2056684027777777 0.23093750000000002
6 0.7180960648148148 0.07946180555555557 0.26431712962962967 0.10684027777777778
6 0.8969024884259259 0.9954427083333333 0.20619502314814825 0.00911458333333357