1 0.5222337962962963 0.5585416666666666 0.434375 0.45
1 0.31449652777777776 0.1906640625 0.43149305555555556 0.381328125
6 0.3186805555555556 0.8218229166666667 0.19214120370370366 0.22177083333333342
6 0.5285995370370371 0.8790624999999999 0.22549768518518504 0.18968750000000015
6 0.7548032407407407 0.7990104166666667 0.1860069444444445 0.2252604166666668
6 0.9392708333333333 0.7419791666666666 0.12145833333333336 0.21807291666666656
6 0.9279282407407408 0.4705729166666667 0.14414351851851848 0.2572916666666666
6 0.7718287037037037 0.3696875 0.1923958333333335 0.23036458333333334
6 0.6200520833333334 0.24046875 0.2473958333333332 0.1919270833333333
6 0.6175752314814815 0.07588541666666666 0.257025462962963 0.15177083333333333
6 0.8679398148148149 0.05252604166666667 0.21163773148148124 0.10505208333333334
6 0.04684606481481481 0.0779296875 0.09366898148148148 0.155859375
6 0.07559606481481482 0.5170833333333333 0.12961805555555556 0.32208333333333333
6 0.10081018518518518 0.8660937499999999 0.15763888888888888 0.2678125000000001