1 0.4605381944444444 0.47544560185185186 0.4716145833333332 0.5054050925925926
6 0.15568287037037037 0.4275347222222222 0.1912037037037037 0.21237847222222223
6 0.12902199074074075 0.24969328703703703 0.23274305555555558 0.20112847222222224
6 0.20813657407407407 0.09782986111111111 0.24935185185185188 0.19565972222222222
6 0.41180555555555554 0.05472800925925926 0.31388888888888894 0.10945601851851852
6 0.698130787037037 0.07286458333333333 0.2810821759259259 0.14572916666666666
6 0.10130931712962962 0.7504108796296297 0.20261863425925924 0.22964699074074063
6 0.2409953703703704 0.6777430555555556 0.2542013888888889 0.20878472222222227
6 0.332181712962963 0.814670138888889 0.2938136574074074 0.19045717592592587
6 0.10336805555555555 0.9134837962962962 0.2067361111111111 0.1730324074074076
6 0.29399305555555555 0.934369212962963 0.2666898148148148 0.11866898148148124
6 0.4995081018518518 0.8822569444444444 0.19412615740740743 0.20856481481481487
6 0.6388310185185185 0.7377199074074074 0.24567708333333335 0.2249131944444443
6 0.7411400462962963 0.9008391203703704 0.24614004629629632 0.15862268518518513
6 0.8712384259259259 0.7386342592592593 0.19056134259259244 0.2451215277777777
6 0.8914583333333332 0.5141608796296296 0.17353587962962963 0.24773726851851857
6 0.735005787037037 0.5226967592592592 0.1908159722222221 0.2349884259259259
6 0.8397569444444445 0.33784143518518517 0.2227372685185184 0.21877314814814816
6 0.7116724537037037 0.23554976851851853 0.27861111111111114 0.22822916666666665
6 0.3577314814814815 0.20157407407407407 0.24589120370370363 0.21399884259259264
6 0.008214699074074074 0.4612094907407407 0.016429398148148148 0.23226851851851862
6 0.0067534722222222215 0.2121990740740741 0.013506944444444443 0.1631018518518518
6 0.053125 0.05625 0.10625 0.1125