1 0.51484375 0.503125 0.4203125 0.4
6 0.4328125 0.13515625 0.20625 0.24375
6 0.89921875 0.25703125 0.20078125 0.24375
6 0.91640625 0.571875 0.16640625 0.20625
6 0.9078125 0.909375 0.18359375 0.18125
6 0.70625 0.89453125 0.2171875 0.21015625
6 0.346875 0.9359375 0.19375 0.128125
6 0.43203125 0.821875 0.23125 0.23125
5 0.30625 0.6921875 0.07265625 0.0671875
5 0.328125 0.03203125 0.06640625 0.06328125
6 0.1859375 0.528125 0.2265625 0.2953125
6 0.0640625 0.67265625 0.128125 0.20234375
6 0.13671875 0.94765625 0.21328125 0.10390625
6 0.04453125 0.38828125 0.08828125 0.2046875
6 0.053125 0.18671875 0.10546875 0.20625
6 0.21015625 0.16640625 0.20078125 0.21796875
6 0.1578125 0.0328125 0.178125 0.065625
6 0.7734375 0.0140625 0.16875 0.028125