1 0.5004398148148148 0.5127025462962963 0.3552719907407408 0.41894097222222226
6 0.2261921296296296 0.6648032407407407 0.25250578703703697 0.22925925925925927
6 0.16407407407407407 0.4261400462962963 0.28120949074074075 0.26915509259259257
6 0.09810474537037037 0.5014236111111111 0.19620949074074073 0.28019097222222217
6 0.08642650462962963 0.18460069444444444 0.17285300925925925 0.2902951388888889
6 0.34946180555555556 0.09945601851851851 0.24404513888888885 0.18527777777777776
6 0.694675925925926 0.3801157407407407 0.20943865740740755 0.274056712962963
6 0.967505787037037 0.27096064814814813 0.06026620370370352 0.167337962962963
6 0.9483738425925926 0.08515625 0.10012731481481474 0.11697916666666668
6 0.8367592592592592 0.9074493634259259 0.2490682870370371 0.18510127314814823
6 0.9484143518518519 0.9644849537037036 0.07645833333333343 0.07103009259259281
6 0.46663773148148147 0.9386921296296297 0.27462384259259254 0.12261574074074062
6 0.11758101851851852 0.8953125 0.23516203703703703 0.209375