1 0.5015625 0.50859375 0.41796875 0.425
6 0.275 0.07734375 0.321875 0.15390625
6 0.653125 0.1453125 0.22734375 0.27265625
6 0.87421875 0.16640625 0.21171875 0.228125
6 0.84921875 0.3828125 0.190625 0.21015625
6 0.8421875 0.6109375 0.2234375 0.21875
6 0.66640625 0.7625 0.20078125 0.146875
6 0.89453125 0.82109375 0.20625 0.196875
6 0.68671875 0.91484375 0.240625 0.16953125
6 0.36875 0.81484375 0.20625 0.1859375
6 0.4390625 0.953125 0.20546875 0.09375
6 0.1265625 0.696875 0.21328125 0.19140625
6 0.08984375 0.48359375 0.1796875 0.17421875
6 0.1796875 0.42109375 0.1875 0.20703125
6 0.09453125 0.209375 0.1890625 0.23984375
6 0.0734375 0.90078125 0.146875 0.1984375
6 0.23515625 0.9703125 0.2 0.059375