1 0.47075810185185185 0.537181712962963 0.4186921296296296 0.4053819444444445
6 0.7066145833333334 0.7588252314814815 0.20994212962962955 0.22922453703703702
6 0.49515046296296295 0.8668402777777778 0.2570196759259259 0.2348668981481481
6 0.1327199074074074 0.9093460648148148 0.2654398148148148 0.18130787037037024
6 0.0680787037037037 0.7742476851851852 0.1361574074074074 0.2461226851851853
6 0.04310185185185185 0.6145833333333333 0.0862037037037037 0.2299189814814815
6 0.18461805555555555 0.4248263888888889 0.23452546296296295 0.23715277777777785
6 0.08547019675925925 0.3706018518518518 0.1709403935185185 0.2380497685185185
6 0.0866087962962963 0.14464699074074075 0.1732175925925926 0.2205439814814815
6 0.23552662037037037 0.061950231481481474 0.28671875 0.11588541666666667
6 0.4868865740740741 0.07517361111111111 0.26138310185185176 0.12352430555555556
6 0.5579629629629629 0.21400462962962963 0.28521412037037025 0.2522858796296297
6 0.8961863425925927 0.1521701388888889 0.20762731481481467 0.24473379629629627
6 0.8807060185185186 0.3903356481481482 0.2138252314814814 0.25899884259259254
6 0.8974016203703703 0.6570891203703704 0.15277777777777785 0.2395833333333332