1 0.4413888888888889 0.5063715277777778 0.4254513888888889 0.45450231481481485
6 0.6188194444444445 0.7539756944444445 0.22472222222222235 0.20496527777777765
6 0.4573263888888889 0.8445659722222223 0.2242881944444445 0.2557002314814813
6 0.15223958333333332 0.74796875 0.25373263888888886 0.28077546296296296
6 0.08736111111111111 0.4347164351851852 0.17472222222222222 0.2819328703703704
5 0.18569444444444444 0.438599537037037 0.0721701388888889 0.08567708333333339
6 0.7410243055555557 0.4964872685185185 0.20769097222222221 0.31688657407407417
6 0.8831770833333333 0.3263657407407407 0.22531250000000008 0.23152777777777772
6 0.9203298611111113 0.5893576388888888 0.13927083333333315 0.2594270833333333
6 0.88203125 0.8352604166666666 0.2057291666666668 0.26373842592592567
6 0.7046354166666667 0.9253399884259259 0.2740104166666665 0.1493200231481481
6 0.20651041666666664 0.9742071759259259 0.24809027777777776 0.051585648148148165
6 0.4989583333333334 0.20240740740740742 0.2814236111111111 0.22694444444444448
6 0.2309201388888889 0.26795138888888886 0.21111111111111108 0.22486111111111118
6 0.17723958333333334 0.08030092592592593 0.2501909722222222 0.1565335648148148
6 0.5148263888888889 0.05121527777777777 0.24847222222222226 0.07918981481481482
6 0.9081423611111111 0.11759259259259258 0.1837152777777778 0.1865740740740741