1 0.41484375 0.51015625 0.33203125 0.29375
6 0.215625 0.1703125 0.18828125 0.18046875
6 0.403125 0.13046875 0.2046875 0.1828125
6 0.86796875 0.22578125 0.2390625 0.22890625
6 0.93359375 0.4375 0.1328125 0.225
6 0.94140625 0.60546875 0.1171875 0.125
6 0.94453125 0.7125 0.1109375 0.21171875
6 0.9546875 0.921875 0.08984375 0.15546875
6 0.78671875 0.75546875 0.20234375 0.175
6 0.76328125 0.9359375 0.20234375 0.12734375
6 0.5640625 0.75234375 0.2078125 0.225
6 0.5703125 0.94453125 0.20390625 0.1109375
6 0.13515625 0.55390625 0.21328125 0.22109375
6 0.0625 0.37421875 0.125 0.1890625
6 0.1015625 0.04375 0.203125 0.0875
6 0.85234375 0.0484375 0.28671875 0.09609375