1 0.4921875 0.49453125 0.43125 0.475
6 0.19453125 0.55 0.175 0.19921875
6 0.159375 0.721875 0.215625 0.1875
6 0.2296875 0.871875 0.23125 0.18984375
6 0.42421875 0.92734375 0.29765625 0.14453125
6 0.703125 0.89921875 0.265625 0.17734375
6 0.1265625 0.240625 0.25234375 0.21640625
6 0.28984375 0.30546875 0.23515625 0.19453125
6 0.38515625 0.1703125 0.275 0.17578125
6 0.140625 0.08125 0.246875 0.1625
6 0.3546875 0.05546875 0.253125 0.1109375
6 0.55078125 0.1 0.1796875 0.2
6 0.678125 0.2359375 0.2265625 0.21015625
6 0.784375 0.07421875 0.23046875 0.1484375
6 0.90859375 0.23125 0.1828125 0.23125
6 0.91640625 0.44609375 0.16640625 0.23359375
6 0.76015625 0.44140625 0.1734375 0.221875
6 0.85234375 0.61640625 0.2046875 0.2046875
6 0.72265625 0.71875 0.2578125 0.2125
6 0.378125 0.7625 0.22734375 0.19921875
6 0.02890625 0.52265625 0.0578125 0.221875
6 0.02109375 0.7625 0.0421875 0.15625
6 0.06328125 0.93046875 0.1265625 0.1390625