1 0.5188425925925926 0.5230150462962964 0.4686689814814814 0.47861111111111115
6 0.18526041666666665 0.581105324074074 0.24065972222222226 0.26829282407407395
6 0.09847800925925926 0.817650462962963 0.15596643518518521 0.28265625000000016
6 0.2851388888888889 0.8656886574074074 0.2733043981481481 0.2367592592592594
6 0.6682638888888889 0.9233217592592592 0.27898148148148144 0.13844907407407375
6 0.4582349537037037 0.9834895833333335 0.2552893518518518 0.024085648148147953
6 0.9070081018518519 0.9078414351851851 0.18598379629629633 0.1609375
6 0.7493518518518518 0.2835590277777778 0.2321006944444445 0.2166261574074074
6 0.932505787037037 0.36358217592592595 0.1349884259259259 0.27085648148148145
6 0.8370138888888888 0.0839351851851852 0.2896527777777777 0.1678703703703704
6 0.9921875 0.08333333333333334 0.015625 0.16666666666666669
6 0.6546469907407408 0.020682870370370372 0.1436689814814816 0.041365740740740745
6 0.3807349537037037 0.05959346064814815 0.24035300925925923 0.1191869212962963
6 0.32438078703703704 0.21169560185185182 0.2260821759259259 0.22434606481481484
6 0.10858217592592592 0.26178819444444446 0.20883101851851854 0.2482986111111111