1 0.5078125 0.50859375 0.3703125 0.37421875
6 0.30625 0.284375 0.18671875 0.165625
6 0.50234375 0.18046875 0.18359375 0.15078125
6 0.84609375 0.20625 0.21328125 0.2546875
6 0.6703125 0.0625 0.18515625 0.125
6 0.78125 0.41171875 0.17890625 0.20703125
6 0.61796875 0.79375 0.18515625 0.2546875
6 0.4 0.809375 0.1921875 0.18125
6 0.23515625 0.65390625 0.1453125 0.24296875
6 0.1953125 0.475 0.23671875 0.24921875
6 0.14453125 0.9375 0.25546875 0.125
6 0.57421875 0.96171875 0.23046875 0.0765625
6 0.8296875 0.834375 0.1984375 0.2515625
6 0.0703125 0.70625 0.13984375 0.1984375
6 0.94609375 0.496875 0.10703125 0.21640625
6 0.946875 0.05859375 0.10546875 0.11640625
6 0.32109375 0.084375 0.275 0.16796875