1 0.50703125 0.4879803240740741 0.346875 0.36920138888888887
1 0.63203125 0.8408449074074074 0.3609375 0.31831018518518517
5 0.71171875 0.5425752314814816 0.103125 0.08512152777777793
5 0.3859375 0.2533738425925926 0.10234375 0.07026620370370366
5 0.4265625 0.6742881944444445 0.0640625 0.05641782407407412
6 0.18046875 0.5362673611111111 0.2546875 0.20689814814814814
6 0.2171875 0.24931134259259258 0.19765625 0.25605324074074076
6 0.07578125 0.3948726851851852 0.1515625 0.18662037037037038
6 0.18828125 0.940306712962963 0.2515625 0.11938657407407405
6 0.39140625 0.9695572916666666 0.14296875 0.06088541666666671
6 0.88984375 0.6499016203703704 0.20703125 0.2710358796296296
6 0.9140625 0.2549479166666667 0.17109375 0.2298784722222223
6 0.6671875 0.17238425925925926 0.25703125 0.2975578703703704
6 0.93984375 0.05376736111111111 0.1203125 0.08146990740740741
6 0.18125 0.014403935185185185 0.3 0.02710069444444444
6 0.9484375 0.9535185185185184 0.103125 0.09296296296296305