1 0.5046875 0.4796875 0.3375 0.353125
1 0.384375 0.83515625 0.35078125 0.3296875
5 0.30546875 0.5296875 0.10078125 0.08125
5 0.62265625 0.25390625 0.09921875 0.0671875
5 0.5828125 0.66171875 0.0625 0.05390625
6 0.821875 0.53125 0.24765625 0.196875
6 0.78671875 0.25234375 0.1921875 0.2453125
6 0.92578125 0.39765625 0.1484375 0.178125
6 0.8140625 0.93359375 0.24453125 0.13203125
6 0.61796875 0.9609375 0.1375 0.078125
6 0.13203125 0.63125 0.20078125 0.259375
6 0.09609375 0.24765625 0.19140625 0.2203125
6 0.3484375 0.17109375 0.25 0.284375
6 0.075 0.05078125 0.1390625 0.0828125
6 0.82109375 0.01796875 0.29140625 0.0359375
6 0.06328125 0.94140625 0.1265625 0.1171875