1 0.5310532407407408 0.528125 0.40982060185185176 0.5030960648148148
6 0.3532349537037037 0.13858217592592595 0.24474537037037045 0.25244212962962964
6 0.11587962962962964 0.040370370370370376 0.23175925925925928 0.08074074074074075
6 0.7901851851851852 0.08704861111111112 0.24052662037037037 0.10462384259259261
6 0.9151982060185185 0.21774884259259258 0.169603587962963 0.26347800925925924
6 0.8744618055555555 0.6052835648148148 0.19938657407407412 0.24384259259259267
6 0.9336906828703704 0.8373495370370371 0.13261863425925924 0.26728587962962963
6 0.8930671296296296 0.9553703703703704 0.21386574074074077 0.08925925925925923
6 0.4027835648148148 0.9102445023148148 0.24440393518518527 0.17951099537037046
6 0.5436979166666667 0.9542491319444444 0.14382523148148146 0.09150173611111115
6 0.2272337962962963 0.7349421296296296 0.2541087962962963 0.25136574074074075
6 0.12228009259259258 0.8984375 0.23275462962962962 0.203125
6 0.1641550925925926 0.4427199074074074 0.2621238425925926 0.27911458333333333
6 0.1350636574074074 0.31079282407407405 0.23988425925925924 0.22876157407407405