1 0.517962962962963 0.4933275462962962 0.43885416666666666 0.4211631944444445
6 0.7709027777777778 0.27229745370370373 0.24583912037037034 0.20589699074074072
6 0.9195703125 0.39660300925925923 0.16085937500000008 0.21110532407407412
6 0.8226041666666667 0.5927662037037037 0.20084490740740718 0.1896122685185185
6 0.6682118055555556 0.7896701388888889 0.22874421296296282 0.20876736111111108
6 0.4963888888888889 0.9258680555555557 0.25710648148148146 0.13812500000000014
6 0.7187094907407408 0.9639988425925926 0.23746527777777776 0.05505787037037031
6 0.09129050925925926 0.8388599537037038 0.13811921296296298 0.2074247685185185
6 0.1087037037037037 0.6088136574074074 0.1875925925925926 0.2167476851851852
6 0.05519675925925925 0.43843750000000004 0.08993055555555556 0.18874999999999992
6 0.03272569444444444 0.23399305555555555 0.0571412037037037 0.18904513888888888
6 0.24798032407407405 0.3238136574074074 0.2433391203703704 0.2269444444444444
6 0.3355960648148148 0.11856336805555556 0.25163773148148144 0.23712673611111112