1 0.5439583333333333 0.5046064814814815 0.44140625 0.42813657407407407
6 0.40793402777777776 0.06147569444444445 0.27211805555555557 0.11489583333333334
6 0.7131944444444445 0.27211226851851855 0.2149131944444445 0.2155439814814814
6 0.9127300347222222 0.40639467592592593 0.1745399305555555 0.22307870370370358
6 0.9018402777777779 0.3061979166666666 0.19631944444444435 0.21226851851851852
6 0.884236111111111 0.14199652777777777 0.231527777777778 0.20344907407407406
6 0.8994227430555556 0.08363425925925926 0.20115451388888878 0.14281828703703703
6 0.18958333333333335 0.11991898148148147 0.2321527777777778 0.23453703703703707
6 0.07944444444444444 0.10111111111111111 0.15810763888888887 0.20221064814814813
6 0.06534722222222222 0.2406539351851852 0.11954861111111112 0.23052662037037042
6 0.20897569444444444 0.4684143518518519 0.2158854166666667 0.2374189814814814
6 0.2365625 0.36888888888888893 0.23383680555555558 0.21972800925925923
6 0.31982638888888887 0.6964699074074074 0.1929166666666667 0.1949189814814815
6 0.15409722222222222 0.7268055555555556 0.19380208333333332 0.23240740740740726
6 0.29546875000000006 0.901105324074074 0.22138888888888886 0.19778935185185204
6 0.5241145833333333 0.88375 0.24274305555555564 0.22688657407407398
6 0.6364756944444444 0.9122309027777777 0.21828125000000007 0.17553819444444443
6 0.09409722222222222 0.88671875 0.11944444444444444 0.2265625
6 0.7166145833333333 0.7530960648148148 0.22006944444444443 0.20859375
6 0.8876388888888889 0.8594675925925926 0.20470486111111122 0.26692129629629624
6 0.9331032986111112 0.8620138888888889 0.1337934027777777 0.21418402777777779
6 0.9746267361111112 0.6744155092592592 0.05074652777777757 0.2300173611111111
6 0.843576388888889 0.6058564814814815 0.2087152777777778 0.23418981481481466
6 0.83359375 0.989609375 0.16779513888888892 0.020781249999999928
6 0.9824609375 0.9867144097222222 0.03507812500000007 0.026571180555555428