1 0.449369212962963 0.4948900462962963 0.41956597222222225 0.3990277777777777
6 0.6285416666666667 0.7262731481481481 0.25916666666666666 0.2619618055555556
6 0.39100694444444445 0.8076851851851853 0.29006944444444444 0.20362268518518506
6 0.1384375 0.8001851851851851 0.24322337962962964 0.2696527777777778
6 0.04147569444444445 0.9463715277777778 0.0829513888888889 0.10647569444444435
6 0.11559606481481481 0.5255324074074075 0.23119212962962962 0.2618692129629629
6 0.09097800925925927 0.1782175925925926 0.18195601851851853 0.2248148148148148
6 0.10546875 0.05859375 0.2109375 0.1171875
6 0.709537037037037 0.15014467592592592 0.27988425925925925 0.2425925925925926
6 0.933130787037037 0.3171643518518518 0.11072916666666685 0.26086226851851857
6 0.8273958333333333 0.5069270833333334 0.26880787037037024 0.24016782407407397
6 0.8517592592592592 0.8073958333333333 0.2134317129629629 0.24131944444444428
6 0.9076736111111112 0.9444212962962963 0.0776157407407407 0.09740740740740747
6 0.49508680555555556 0.935763888888889 0.2586921296296296 0.12217592592592581
6 0.9686747685185185 0.06368634259259259 0.06265046296296291 0.12737268518518519