1 0.5076157407407408 0.46345486111111106 0.39171296296296293 0.49204282407407407
6 0.3376446759259259 0.11682581018518519 0.23388310185185182 0.23365162037037038
6 0.11047453703703705 0.04296875 0.2209490740740741 0.0859375
6 0.7535243055555555 0.03023726851851851 0.22892361111111104 0.06047453703703702
6 0.8963194444444443 0.12300347222222223 0.20736111111111127 0.24600694444444446
6 0.8353819444444444 0.49623842592592593 0.19072916666666656 0.2390046296296296
6 0.9143330439814814 0.7105902777777777 0.1713339120370371 0.26302083333333337
6 0.863900462962963 0.8638599537037036 0.22451388888888885 0.16186342592592595
6 0.3847685185185185 0.8688657407407406 0.23355324074074071 0.22265625
6 0.5194212962962963 0.896412037037037 0.13768518518518516 0.14059606481481488
6 0.2170138888888889 0.6991608796296296 0.24232060185185186 0.24673032407407405
6 0.11677083333333334 0.8848090277777778 0.22189814814814812 0.2303819444444443
6 0.1563599537037037 0.4253761574074074 0.2503298611111111 0.27387152777777785
6 0.12886574074074075 0.3015625 0.22888310185185184 0.22465277777777787