1 0.4828125 0.559375 0.43359375 0.4390625
1 0.78359375 0.14375 0.4328125 0.2875
6 0.23984375 0.1765625 0.24765625 0.20078125
6 0.05234375 0.15078125 0.1046875 0.2515625
6 0.09140625 0.4609375 0.1828125 0.24296875
6 0.17265625 0.58671875 0.18359375 0.2265625
6 0.303125 0.81796875 0.2140625 0.221875
6 0.4875 0.88828125 0.2421875 0.22265625
6 0.89609375 0.8296875 0.2078125 0.2609375
6 0.76171875 0.6734375 0.1875 0.21640625
6 0.84609375 0.415625 0.18125 0.2625
6 0.971875 0.353125 0.05546875 0.1890625
6 0.51640625 0.2390625 0.21015625 0.19296875
6 0.30703125 0.05234375 0.19609375 0.1046875
6 0.490625 0.04921875 0.146875 0.0984375