1 0.5002951388888889 0.5090914351851852 0.3543055555555556 0.40724537037037045
6 0.7655034722222223 0.35170717592592593 0.25097222222222226 0.2213541666666666
6 0.8355729166666667 0.5873437499999999 0.2799479166666668 0.25984374999999993
6 0.9001866319444446 0.5105439814814815 0.19962673611111087 0.27263310185185186
6 0.9176692708333334 0.8239293981481481 0.16466145833333315 0.2833622685185183
6 0.6647569444444444 0.9121006944444445 0.24305555555555552 0.17579861111111086
6 0.3134722222222222 0.6436226851851852 0.20901041666666664 0.2663483796296296
6 0.046545138888888886 0.7588136574074074 0.06303819444444445 0.16528356481481482
6 0.07250000000000001 0.942193287037037 0.10256944444444445 0.11561342592592609
6 0.1532986111111111 0.11439814814814815 0.2481597222222222 0.20024305555555558
6 0.039461805555555556 0.05340856481481482 0.07814236111111111 0.10681134259259259
6 0.5195138888888888 0.07336805555555556 0.2734027777777778 0.14106481481481484
6 0.8734418402777777 0.1142824074074074 0.25311631944444457 0.21671875