1 0.5371932870370371 0.45578124999999997 0.40887731481481476 0.4841666666666667
5 0.23806712962962964 0.9015625 0.08954861111111115 0.1276041666666668
5 0.11535879629629628 0.5645312499999999 0.09799768518518519 0.09697916666666657
6 0.11221064814814814 0.7753125 0.18428240740740742 0.21968750000000004
6 0.09436921296296297 0.9393229166666668 0.13614583333333333 0.12135416666666643
6 0.3423090277777778 0.853125 0.18295138888888882 0.2273958333333333
6 0.33660300925925923 0.7133854166666667 0.2652199074074074 0.16192708333333333
6 0.6893692129629629 0.83625 0.20744791666666665 0.23838541666666657
6 0.6978298611111111 0.7519270833333334 0.3154976851851853 0.17463541666666665
6 0.9150810185185186 0.7036979166666667 0.16983796296296277 0.24307291666666658
6 0.8741203703703704 0.4403645833333333 0.23902777777777792 0.2779166666666667
6 0.6963483796296297 0.17354166666666665 0.23847222222222228 0.25916666666666666
6 0.45420138888888884 0.16463541666666665 0.27950231481481486 0.22291666666666665
6 0.3258101851851852 0.3227083333333334 0.23369791666666667 0.2822395833333333
6 0.11276620370370372 0.3713541666666667 0.20886574074074074 0.2072916666666666
6 0.24678819444444447 0.5354166666666667 0.217349537037037 0.23046875
6 0.060515046296296296 0.16661458333333332 0.11640625 0.21828124999999998
6 0.10780092592592594 0.05213541666666667 0.2147974537037037 0.10427083333333334
6 0.3830555555555556 0.0521875 0.24111111111111114 0.104375
6 0.40014467592592595 0.9557291666666666 0.24725115740740727 0.05546875