1 0.50625 0.4859375 0.38125 0.38203125
6 0.32109375 0.71015625 0.234375 0.25078125
6 0.5453125 0.78671875 0.2671875 0.19453125
6 0.7875 0.77890625 0.21796875 0.25859375
6 0.91640625 0.93359375 0.1609375 0.13203125
6 0.83359375 0.51328125 0.221875 0.25078125
6 0.89296875 0.18046875 0.20390625 0.21640625
6 0.871875 0.059375 0.21640625 0.11875
6 0.27578125 0.15546875 0.25546875 0.23203125
6 0.04921875 0.3203125 0.09765625 0.2515625
6 0.1421875 0.50078125 0.24453125 0.2296875
6 0.0984375 0.790625 0.196875 0.23125
6 0.03828125 0.93828125 0.0765625 0.1234375
6 0.4390625 0.9265625 0.24375 0.146875
6 0.02890625 0.0671875 0.0578125 0.134375