1 0.4609375 0.5109375 0.35078125 0.37109375
6 0.14765625 0.4609375 0.23671875 0.2296875
6 0.26328125 0.2734375 0.24375 0.221875
6 0.4328125 0.1265625 0.25390625 0.2296875
6 0.75234375 0.19453125 0.2421875 0.2515625
6 0.896875 0.19453125 0.20546875 0.2671875
6 0.853125 0.496875 0.21171875 0.2265625
6 0.909375 0.49296875 0.18125 0.25859375
6 0.7546875 0.77421875 0.2078125 0.2046875
6 0.7328125 0.7046875 0.23046875 0.20234375
6 0.9515625 0.87890625 0.09140625 0.2421875
6 0.70859375 0.93046875 0.24765625 0.1390625
6 0.315625 0.9296875 0.2265625 0.140625
6 0.39375 0.92265625 0.234375 0.1546875
6 0.18984375 0.7546875 0.22890625 0.21796875
6 0.03359375 0.7890625 0.06640625 0.23984375
6 0.034375 0.15234375 0.06875 0.19921875
6 0.14140625 0.08828125 0.25546875 0.1765625