1 0.5120543981481481 0.47119212962962964 0.36563657407407407 0.38004050925925925
6 0.49664930555555553 0.8485416666666667 0.2605787037037038 0.2590624999999999
6 0.1951388888888889 0.6745023148148148 0.2766608796296296 0.24861111111111106
6 0.14148148148148149 0.5525462962962963 0.25685185185185183 0.23865740740740743
6 0.09402777777777778 0.32328125 0.175462962962963 0.23156249999999998
6 0.12508680555555557 0.18395833333333333 0.24557291666666664 0.25315393518518514
6 0.18008680555555556 0.038722511574074074 0.23515046296296296 0.07744502314814815
6 0.38480324074074074 0.16140625 0.2924479166666666 0.2545428240740741
6 0.04434027777777778 0.8103356481481482 0.04581018518518519 0.17620370370370358
6 0.8266898148148147 0.7715162037037038 0.2314409722222223 0.2503935185185185
6 0.7143171296296297 0.937488425925926 0.24937499999999985 0.09168981481481495
6 0.9684027777777778 0.8818229166666667 0.06319444444444429 0.18228009259259254
6 0.9313657407407409 0.5085300925925926 0.13726851851851835 0.21694444444444444
6 0.8375752314814815 0.32079861111111113 0.25450810185185196 0.23858796296296295
6 0.8172106481481481 0.09595052083333333 0.27033564814814814 0.19190104166666666
6 0.9703182870370369 0.04680700231481481 0.0593634259259261 0.09361400462962963
6 0.9850694444444444 0.22634837962962964 0.02986111111111107 0.20726851851851852