1 0.4788252314814815 0.5525868055555556 0.415625 0.4340972222222222
6 0.6708622685185185 0.2621180555555555 0.2329108796296296 0.2310706018518518
6 0.3231481481481482 0.2596296296296296 0.20960648148148148 0.24834490740740742
6 0.1492361111111111 0.2130613425925926 0.20072916666666668 0.20980902777777777
5 0.18058449074074073 0.41168981481481487 0.11803240740740736 0.11753472222222214
5 0.905966435185185 0.5925925925925926 0.1149074074074072 0.11744212962962948
5 0.8733912037037037 0.7705729166666666 0.10392361111111086 0.1108680555555555
5 0.45097800925925924 0.30326967592592596 0.06771990740740748 0.07386574074074073
5 0.003982928240740741 0.1790451388888889 0.007965856481481482 0.08306712962962962
6 0.14167245370370368 0.6012037037037037 0.1898148148148148 0.2126099537037037
6 0.8893576388888889 0.09199074074074073 0.22050347222222227 0.13775462962962962
6 0.4768692129629629 0.07820601851851852 0.23688657407407412 0.13511574074074076
6 0.9642881944444444 0.2090798611111111 0.06987268518518519 0.15359953703703705
6 0.9730150462962964 0.402349537037037 0.04987268518518491 0.19518518518518507
6 0.9681712962962962 0.6342881944444445 0.056383101851852045 0.23052662037037025
6 0.9155150462962963 0.8859085648148148 0.1578819444444445 0.22494212962962976
6 0.7458680555555556 0.8895703125000001 0.19857060185185188 0.22085937499999986
6 0.5758564814814815 0.8508391203703705 0.25512152777777786 0.27703124999999995
6 0.390306712962963 0.8914872685185186 0.15167824074074066 0.21702546296296282
6 0.23375000000000004 0.9302314814814814 0.19793981481481476 0.13953703703703724
6 0.03277777777777778 0.9265625 0.06555555555555556 0.146875
6 0.008369502314814816 0.621394675925926 0.01673900462962963 0.27794560185185196
6 0.9514756944444445 0.9745254629629629 0.08339120370370381 0.05094907407407412