1 0.5420891203703704 0.5220891203703704 0.44314236111111105 0.43203125
6 0.2746585648148148 0.2931770833333333 0.24712962962962964 0.21305555555555555
6 0.11789930555555557 0.4104918981481481 0.20366319444444447 0.2162557870370371
6 0.24895833333333334 0.6089583333333334 0.20331018518518515 0.1944212962962963
6 0.4175173611111111 0.8093692129629628 0.23084490740740743 0.21454861111111115
6 0.59890625 0.9391637731481481 0.2574537037037038 0.1216724537037038
6 0.3822627314814815 0.9743402777777778 0.23605324074074083 0.05131944444444443
6 0.9604991319444445 0.8792824074074075 0.07900173611111114 0.20916087962962954
6 0.9300694444444446 0.6499016203703704 0.13986111111111085 0.21952546296296305
6 0.974681712962963 0.4852256944444445 0.05063657407407405 0.19024305555555543
6 0.9850202546296296 0.2821296296296296 0.02995949074074069 0.18862268518518518
6 0.7948958333333334 0.36378472222222225 0.24579861111111115 0.23246527777777776
6 0.6920949074074074 0.15431712962962965 0.2537210648148148 0.2500173611111111