1 0.5666087962962962 0.4796875 0.3486111111111111 0.3
6 0.7553240740740741 0.8265625 0.19820601851851868 0.18359375
6 0.5640046296296296 0.86640625 0.21550925925925918 0.18671875
6 0.1099681712962963 0.7703125 0.2199363425925926 0.23359375
6 0.054361979166666664 0.55390625 0.10872395833333333 0.22890625
6 0.048755787037037035 0.384375 0.09751157407407407 0.128125
6 0.04849537037037037 0.2734375 0.09699074074074074 0.215625
6 0.0404296875 0.0703125 0.080859375 0.140625
6 0.19696180555555554 0.2296875 0.21206597222222223 0.178125
6 0.22841435185185185 0.05546875 0.20954861111111106 0.11015625
6 0.4233796296296296 0.23359375 0.21941550925925918 0.22890625
6 0.4248263888888889 0.046875 0.21206597222222215 0.09375
6 0.8518229166666668 0.4359375 0.22473958333333358 0.225
6 0.9161458333333334 0.61875 0.12905092592592596 0.19375
6 0.8646122685185185 0.95546875 0.20326967592592596 0.08828125
6 0.12624421296296295 0.9515625 0.2524884259259259 0.096875