1 0.5138368055555556 0.3239236111111111 0.4439178240740741 0.4641145833333334
6 0.4957233796296296 0.6605555555555556 0.2132407407407408 0.21487847222222206
5 0.3048900462962963 0.6971527777777778 0.09618055555555553 0.12142361111111129
6 0.15542824074074074 0.84203125 0.22333912037037038 0.20751736111111113
6 0.3974074074074074 0.8593923611111111 0.22891782407407407 0.22260416666666671
6 0.5490972222222222 0.9409027777777776 0.22316550925925932 0.07864583333333357
6 0.703287037037037 0.89578125 0.25263888888888886 0.15649305555555557
6 0.8629456018518518 0.7449826388888889 0.2642708333333331 0.2507291666666667
6 0.8107465277777777 0.5169097222222222 0.2297569444444445 0.23045138888888878
6 0.8592650462962963 0.2929513888888889 0.21667824074074069 0.25720486111111107
6 0.78203125 0.08269097222222223 0.2200810185185187 0.16538194444444446
6 0.2156944444444444 0.19190972222222222 0.22571759259259264 0.2123090277777778
6 0.09646122685185185 0.21444444444444444 0.1929224537037037 0.2226736111111111
6 0.019826388888888886 0.2131597222222222 0.03965277777777777 0.16743055555555558
6 0.03749855324074074 0.0373046875 0.07499710648148147 0.074609375
6 0.3248090277777778 0.021284722222222222 0.24569444444444438 0.042569444444444444
6 0.5778935185185186 0.02084201388888889 0.21999421296296298 0.04168402777777778
6 0.9371412037037036 0.028984374999999996 0.12493634259259281 0.05796874999999999
6 0.0343677662037037 0.9209895833333335 0.0687355324074074 0.15723958333333315
6 0.055558449074074076 0.6974305555555556 0.11111689814814815 0.1879513888888889
6 0.19501157407407407 0.5591145833333333 0.19281828703703704 0.19913194444444446
6 0.2637905092592593 0.9738888888888889 0.17677083333333332 0.03597222222222207