1 0.509375 0.47890625 0.41015625 0.3828125
6 0.24765625 0.89140625 0.225 0.20859375
6 0.42109375 0.76796875 0.2265625 0.20625
6 0.5890625 0.9203125 0.2421875 0.159375
6 0.8828125 0.79296875 0.234375 0.1921875
6 0.89296875 0.95859375 0.2140625 0.0828125
6 0.93203125 0.61015625 0.1359375 0.2359375
6 0.65390625 0.74453125 0.22109375 0.19296875
6 0.9234375 0.20546875 0.153125 0.2484375
6 0.69765625 0.23046875 0.215625 0.1953125
6 0.5390625 0.08828125 0.23359375 0.1765625
6 0.74375 0.05625 0.234375 0.1125
6 0.33984375 0.04296875 0.171875 0.08515625
6 0.15390625 0.071875 0.2078125 0.14296875
6 0.04140625 0.15 0.0828125 0.2
6 0.2234375 0.28046875 0.190625 0.18515625
6 0.06875 0.428125 0.1375 0.2453125
6 0.040625 0.64609375 0.08046875 0.1953125
6 0.0640625 0.86484375 0.128125 0.23359375