1 0.50625 0.49765625 0.42734375 0.44453125
6 0.19140625 0.44765625 0.21796875 0.24921875
6 0.0875 0.228125 0.175 0.26484375
6 0.27734375 0.178125 0.25 0.21875
6 0.63359375 0.090625 0.2578125 0.18125
6 0.43828125 0.0375 0.2390625 0.075
6 0.8859375 0.1015625 0.221875 0.203125
6 0.72890625 0.71953125 0.21171875 0.20078125
6 0.91953125 0.64296875 0.1609375 0.2515625
6 0.8171875 0.91484375 0.2671875 0.16953125
6 0.97890625 0.91328125 0.04140625 0.1734375
6 0.646875 0.975 0.13359375 0.04921875
6 0.3890625 0.940625 0.221875 0.11875
6 0.33203125 0.79296875 0.20625 0.20859375
6 0.11171875 0.75078125 0.22109375 0.23203125