1 0.5005439814814815 0.5109664351851851 0.3902719907407407 0.3976273148148149
6 0.7135763888888889 0.7475115740740741 0.19564814814814824 0.1765914351851851
6 0.5167476851851852 0.8471354166666666 0.19286458333333342 0.16166087962962977
6 0.1644212962962963 0.8083333333333332 0.22570023148148147 0.2690104166666664
6 0.34983796296296293 0.947974537037037 0.19083333333333333 0.10405092592592595
6 0.22455439814814815 0.5990740740740741 0.18910879629629634 0.21927083333333322
6 0.38014467592592593 0.21385995370370373 0.19679398148148142 0.26793981481481477
6 0.601556712962963 0.20645254629629628 0.2016030092592592 0.1932002314814815
6 0.7750289351851852 0.3720775462962963 0.15582175925925928 0.2547164351851852
6 0.821875 0.5572048611111111 0.24975694444444443 0.26443865740740724
6 0.8595717592592592 0.09114583333333334 0.2652372685185185 0.12844328703703706
6 0.42054976851851855 0.04991319444444444 0.23797453703703705 0.07748842592592593
6 0.16251157407407407 0.16443865740740743 0.210787037037037 0.26611689814814815
6 0.934832175925926 0.32514467592592594 0.13033564814814796 0.20815972222222215
6 0.06189814814814815 0.5087673611111111 0.10037037037037037 0.22690972222222214
6 0.0749537037037037 0.94765625 0.09685185185185186 0.1046875
6 0.7046354166666666 0.9310329861111111 0.2859259259259259 0.13793402777777786