1 0.4565104166666667 0.5278645833333334 0.45552083333333326 0.40557291666666656
6 0.20921875 0.10708043981481481 0.24953124999999998 0.21416087962962962
6 0.3844270833333333 0.22766782407407407 0.2510416666666667 0.2183506944444445
6 0.5689583333333333 0.07559027777777778 0.26364583333333336 0.15118055555555557
6 0.8666666666666668 0.19398726851851852 0.2516666666666666 0.20431134259259257
6 0.8880208333333334 0.033077256944444446 0.22312499999999993 0.06615451388888889
6 0.9046875 0.3846412037037037 0.15375000000000014 0.24578703703703697
6 0.6265625 0.24827546296296296 0.24463541666666674 0.2042071759259259
6 0.8680729166666667 0.8050810185185184 0.17114583333333327 0.26087384259259283
6 0.6368750000000001 0.7843113425925926 0.23937500000000006 0.2072511574074074
6 0.46177083333333335 0.9172453703703702 0.2544791666666667 0.15284143518518506
6 0.67359375 0.9476678240740741 0.24927083333333327 0.08642361111111115
6 0.24911458333333333 0.9695659722222221 0.18390625 0.05423611111111128
6 0.08388020833333334 0.9419791666666667 0.1677604166666667 0.11490162037037024
6 0.14348958333333334 0.7393287037037037 0.21208333333333332 0.19592013888888893
6 0.035455729166666665 0.5883101851851851 0.07091145833333333 0.2600983796296298
6 0.013242187499999999 0.36061342592592593 0.026484374999999998 0.20455439814814813
6 0.046302083333333334 0.13289930555555557 0.09260416666666667 0.2459085648148148