1 0.4685416666666667 0.5283854166666666 0.41989583333333336 0.4154745370370371
6 0.665798611111111 0.23717592592592593 0.23475694444444456 0.22119791666666666
6 0.32795138888888886 0.24748842592592593 0.21286458333333336 0.23821759259259262
6 0.15940972222222222 0.20890625000000002 0.20260416666666664 0.20065393518518518
5 0.18286458333333333 0.40163773148148146 0.11902777777777782 0.11256365740740755
5 0.8822048611111111 0.5518750000000001 0.115902777777778 0.11254050925925937
5 0.8439583333333334 0.7271006944444445 0.1046875 0.10620949074074063
5 0.45043402777777775 0.28563078703703704 0.06875 0.07079861111111115
5 0.012517361111111111 0.18035300925925926 0.025034722222222222 0.08148148148148149
6 0.13866319444444447 0.5878414351851852 0.19258680555555557 0.20370370370370364
6 0.887638888888889 0.06429398148148148 0.224722222222222 0.12858796296296296
6 0.48302083333333334 0.06425202546296296 0.23630208333333336 0.12850405092592593
6 0.9551562499999999 0.17567708333333334 0.07921874999999971 0.14819444444444443
6 0.9569097222222223 0.36466435185185186 0.061562500000000145 0.19023726851851847
6 0.94375 0.59046875 0.06930555555555565 0.22387731481481482
6 0.8835243055555555 0.8384895833333333 0.16657986111111106 0.21600694444444457
6 0.7148958333333333 0.8545775462962963 0.20133680555555564 0.22485532407407405
6 0.5518229166666666 0.8159548611111112 0.2577951388888888 0.2651041666666668
6 0.3666145833333333 0.8712152777777777 0.15595486111111115 0.22295717592592582
6 0.21449652777777778 0.9199826388888889 0.19756944444444446 0.1576620370370371
6 0.028194444444444446 0.9199652777777778 0.05638888888888889 0.1600694444444443
6 0.010477430555555556 0.6131249999999999 0.02095486111111111 0.27140625000000007
6 0.9138541666666666 0.9468229166666667 0.09081597222222229 0.092829861111111