1 0.5357638888888889 0.49006944444444445 0.40436921296296297 0.4008506944444445
6 0.3319444444444445 0.7291666666666667 0.20251736111111107 0.1777951388888889
6 0.5422453703703705 0.8339583333333334 0.19962384259259275 0.16289930555555543
6 0.8929615162037038 0.7993576388888888 0.21407696759259237 0.27217013888888886
6 0.7227719907407407 0.9370659722222221 0.19649884259259257 0.09960069444444457
6 0.8269965277777779 0.5844618055555555 0.19632523148148168 0.22137152777777783
6 0.6403067129629629 0.18828125 0.20520833333333338 0.27152777777777776
6 0.41076388888888893 0.17618055555555556 0.20859375 0.19432291666666668
6 0.2433738425925926 0.3433159722222222 0.16255787037037034 0.2580902777777778
6 0.20737847222222222 0.5325520833333333 0.258912037037037 0.2672569444444445
6 0.13657407407407407 0.059375 0.27314814814814814 0.11875
6 0.587181712962963 0.028237847222222223 0.24542824074074082 0.056475694444444446
6 0.8613715277777778 0.14036458333333332 0.21837384259259238 0.26869791666666665
6 0.07497106481481482 0.2931076388888889 0.13582175925925927 0.21065972222222218
6 0.9677879050925926 0.49428819444444444 0.06442418981481488 0.2298784722222223
6 0.9770833333333332 0.9357118055555557 0.04583333333333357 0.08767361111111142
6 0.3547164351851852 0.9217881944444445 0.29508101851851853 0.1478472222222223