1 0.5 0.49765625 0.36484375 0.3578125
6 0.25390625 0.08671875 0.2359375 0.1734375
6 0.5125 0.1421875 0.21796875 0.1984375
6 0.084375 0.41953125 0.16875 0.2328125
6 0.184375 0.609375 0.16015625 0.20625
6 0.47890625 0.86796875 0.22734375 0.20859375
6 0.8765625 0.88984375 0.246875 0.2171875
6 0.76953125 0.68046875 0.23671875 0.2203125
6 0.81796875 0.44375 0.18359375 0.22265625
6 0.95234375 0.4171875 0.0953125 0.2125
6 0.96484375 0.1859375 0.0703125 0.20625
6 0.85625 0.09921875 0.18671875 0.1984375
6 0.7 0.28359375 0.21328125 0.2046875
6 0.078125 0.18046875 0.15625 0.2375
6 0.0359375 0.65625 0.07109375 0.20078125
6 0.0796875 0.87734375 0.159375 0.2453125
6 0.2421875 0.9578125 0.16640625 0.08359375