1 0.525787037037037 0.5147916666666666 0.4104976851851852 0.4770138888888889
5 0.20791087962962962 0.08755208333333334 0.08920138888888891 0.12618055555555557
5 0.08967592592592592 0.44246527777777783 0.09912615740740742 0.09515624999999997
6 0.08684751157407408 0.22774305555555557 0.17369502314814816 0.21637152777777774
6 0.0640625 0.06015625 0.128125 0.1203125
6 0.3161921296296296 0.12732638888888886 0.1828819444444445 0.2243402777777778
6 0.31278935185185186 0.27034722222222224 0.26984375 0.15362847222222217
6 0.6732696759259259 0.11513888888888887 0.207951388888889 0.23027777777777775
6 0.6835706018518518 0.19883680555555555 0.32069444444444456 0.1641319444444444
6 0.9106712962962963 0.22659722222222226 0.17596643518518534 0.23980902777777774
6 0.8719328703703704 0.5000694444444445 0.2402662037037036 0.2732638888888889
6 0.6948206018518518 0.7891145833333333 0.24012731481481478 0.25451388888888893
6 0.44619791666666664 0.8196354166666667 0.28280092592592593 0.215625
6 0.3113888888888889 0.6703125 0.23483796296296297 0.27861111111111114
6 0.09799189814814815 0.6391840277777778 0.1959837962962963 0.20288194444444443
6 0.22468171296296297 0.4597743055555556 0.2188310185185185 0.226701388888889
6 0.0495775462962963 0.8535243055555556 0.0991550925925926 0.2179513888888888
6 0.10127170138888889 0.9586111111111112 0.20254340277777777 0.08199652777777758
6 0.3765393518518519 0.9438194444444445 0.2452314814814815 0.09996527777777757
6 0.3732696759259259 0.01991319444444444 0.25346064814814817 0.03982638888888888