1 0.5365740740740741 0.5159722222222223 0.5271990740740741 0.4735069444444445
6 0.28958333333333336 0.7557291666666666 0.20407986111111107 0.20062500000000014
6 0.7476273148148149 0.82125 0.22326388888888893 0.1968055555555555
6 0.9324725115740741 0.8644965277777776 0.13505497685185192 0.25126736111111114
6 0.8650462962962964 0.6193402777777778 0.17485532407407406 0.20555555555555555
6 0.8197916666666668 0.3237673611111111 0.2530381944444443 0.23083333333333336
6 0.8651041666666666 0.11553819444444444 0.264525462962963 0.16515625000000003
6 0.4852141203703704 0.16951388888888888 0.17925347222222215 0.15980902777777778
6 0.258130787037037 0.27855902777777775 0.24936342592592595 0.2337847222222223
6 0.16996527777777778 0.5074652777777777 0.19160879629629632 0.23199652777777774
6 0.1666087962962963 0.35703125 0.21973379629629633 0.1911979166666667
6 0.057002314814814825 0.2859722222222222 0.08859953703703705 0.2289756944444444
6 0.21495949074074075 0.07418402777777777 0.20179398148148148 0.13822916666666668
6 0.20512152777777776 0.04649305555555556 0.21565393518518522 0.08355902777777778
6 0.4570891203703704 0.06314236111111111 0.22511574074074084 0.09565972222222223
6 0.4642361111111112 0.9166319444444444 0.22413194444444445 0.16673611111111128
6 0.8598090277777779 0.9685980902777779 0.2803819444444443 0.06280381944444428
6 0.21623263888888888 0.9265364583333333 0.23833912037037033 0.1469270833333333
6 0.08486689814814816 0.7567534722222222 0.0728587962962963 0.20569444444444435
6 0.06351273148148148 0.5315451388888889 0.0652199074074074 0.22871527777777773
6 0.044299768518518516 0.061927083333333334 0.08859953703703703 0.12385416666666667