1 0.49453125 0.5030729166666668 0.3546875 0.3774131944444445
6 0.46875 0.12783854166666667 0.253125 0.25567708333333333
6 0.171875 0.3164930555555555 0.26953125 0.2466145833333334
6 0.1234375 0.4410069444444444 0.246875 0.2367361111111112
6 0.0828125 0.6723784722222221 0.165625 0.23024305555555563
6 0.11796875 0.8098784722222222 0.2359375 0.25133680555555565
6 0.17578125 0.95625 0.2328125 0.08407986111111114
6 0.3765625 0.8189756944444444 0.28515625 0.2524305555555557
6 0.01875 0.18864583333333335 0.03671875 0.1758159722222222
6 0.80078125 0.18689236111111113 0.22421875 0.24873263888888886
6 0.68359375 0.03596354166666667 0.246875 0.07192708333333334
6 0.9546875 0.08032552083333333 0.090625 0.16065104166666666
6 0.9234375 0.4443229166666667 0.153125 0.21512152777777782
6 0.82421875 0.6363715277777777 0.24765625 0.23675347222222226
6 0.8109375 0.8757291666666667 0.2640625 0.21758680555555543
6 0.96875 0.9175347222222221 0.0625 0.12248263888888858
6 0.98125 0.7227256944444445 0.03671875 0.20706597222222206