1 0.50859375 0.5015625 0.38203125 0.4265625
6 0.1546875 0.096875 0.18515625 0.16796875
6 0.2046875 0.15546875 0.1828125 0.1984375
6 0.35625 0.09296875 0.17890625 0.18359375
6 0.58515625 0.02109375 0.16015625 0.0421875
6 0.8125 0.01171875 0.10703125 0.0234375
6 0.9265625 0.10859375 0.146875 0.21640625
6 0.8296875 0.478125 0.2078125 0.21875
6 0.8640625 0.89921875 0.21015625 0.1984375
6 0.7859375 0.93828125 0.20390625 0.1234375
6 0.30703125 0.9171875 0.20078125 0.165625
6 0.1953125 0.7640625 0.2078125 0.18203125
6 0.15703125 0.7046875 0.23046875 0.1875
6 0.175 0.4921875 0.2 0.21484375
6 0.05390625 0.365625 0.10703125 0.2546875