1 0.5259143518518519 0.4789756944444445 0.4566608796296297 0.43242476851851847
5 0.5186342592592592 0.8142418981481482 0.15694444444444447 0.13684606481481473
6 0.6928761574074074 0.1722048611111111 0.25574652777777784 0.23323495370370367
6 0.09759259259259259 0.12482638888888889 0.19357060185185188 0.24093171296296295
6 0.45784722222222224 0.045034722222222226 0.2313194444444445 0.09006944444444445
6 0.20425925925925928 0.03670138888888889 0.28664351851851855 0.07340277777777778
6 0.19445601851851851 0.5947511574074074 0.21410879629629628 0.22327546296296302
6 0.0473900462962963 0.569513888888889 0.06592013888888888 0.19765046296296304
6 0.11131944444444444 0.7993692129629629 0.18203703703703705 0.2465740740740742
6 0.22003472222222223 0.9298784722222223 0.3426273148148148 0.13789351851851847
6 0.6876157407407407 0.8133043981481481 0.1987789351851852 0.2060995370370371
6 0.893148148148148 0.7783912037037037 0.20101273148148166 0.2288368055555555
6 0.8234606481481481 0.591869212962963 0.20645833333333313 0.22833912037037046
6 0.8521759259259258 0.45188657407407407 0.21523148148148152 0.20851273148148142
6 0.916261574074074 0.24088541666666666 0.1674768518518519 0.288599537037037