1 0.5278414351851851 0.49094328703703705 0.43216435185185187 0.4260416666666666
6 0.22407407407407404 0.3988425925925926 0.2472858796296297 0.31863425925925926
6 0.40265625 0.0796875 0.29906249999999995 0.159375
6 0.8321585648148148 0.06804832175925926 0.25958333333333317 0.13609664351851852
6 0.9391087962962963 0.07201967592592592 0.12178240740740734 0.14403935185185185
6 0.9771397569444445 0.33990162037037036 0.04572048611111086 0.20072337962962966
6 0.8713020833333334 0.44690393518518523 0.2558680555555554 0.2924479166666666
6 0.8969733796296296 0.6647569444444444 0.20605324074074077 0.2875578703703702
6 0.7891550925925926 0.9236400462962961 0.26438078703703705 0.10723379629629619
6 0.912824074074074 0.8944733796296298 0.17435185185185204 0.15364583333333356
6 0.1052314814814815 0.40167824074074077 0.1775 0.2591435185185185
6 0.09697916666666666 0.6587962962962963 0.1309085648148148 0.27534722222222213
6 0.049866898148148146 0.11640625 0.09973379629629629 0.2328125