1 0.49454282407407407 0.4335069444444445 0.3865335648148148 0.417829861111111
6 0.7847164351851852 0.6203645833333333 0.23274884259259246 0.26446180555555543
6 0.9062355324074074 0.44977430555555553 0.18752893518518512 0.23473958333333336
6 0.7819212962962963 0.2735416666666667 0.26257523148148143 0.27449652777777783
6 0.9380714699074074 0.20520833333333335 0.12385706018518512 0.2699479166666666
6 0.446255787037037 0.12628472222222223 0.243292824074074 0.2381423611111111
6 0.1266724537037037 0.16838541666666668 0.23888310185185188 0.25678819444444445
6 0.1872685185185185 0.4102777777777778 0.2109201388888889 0.26710069444444445
6 0.06428240740740741 0.5434375 0.1161574074074074 0.24937500000000004
6 0.04498263888888889 0.3477604166666667 0.08244791666666666 0.24081597222222229
6 0.06409143518518519 0.05609375 0.12818287037037038 0.1121875
6 0.37351851851851847 0.7518055555555556 0.28712384259259255 0.2445833333333333
6 0.3435300925925926 0.9366319444444444 0.2550694444444444 0.12673611111111108
6 0.10945023148148147 0.9015625 0.19510416666666663 0.196875
6 0.7052314814814815 0.9929383680555557 0.12151041666666665 0.014123263888888715
6 0.8254861111111111 0.8842881944444445 0.23803240740740747 0.23142361111111107
6 0.9711226851851851 0.8675520833333333 0.05775462962962976 0.20934027777777758
6 0.94703125 0.6834548611111112 0.10593749999999993 0.23065972222222228