1 0.5033043981481482 0.4655671296296296 0.4014814814814816 0.4404513888888889
6 0.3753356481481481 0.13836082175925926 0.2847164351851852 0.2767216435185185
6 0.6979166666666667 0.12398726851851852 0.19277199074074075 0.19855324074074074
6 0.9019907407407407 0.10653935185185186 0.1783449074074074 0.21307870370370371
6 0.1396296296296296 0.545601851851852 0.2460474537037037 0.22280092592592596
6 0.0656495949074074 0.7277777777777777 0.1312991898148148 0.22335069444444447
6 0.10544560185185185 0.9169560185185185 0.2108912037037037 0.16608796296296297
6 0.8133680555555556 0.5605034722222222 0.22675347222222228 0.2533854166666666
6 0.894704861111111 0.7535879629629629 0.19948495370370373 0.2615162037037038
6 0.9423900462962962 0.4299189814814815 0.10885995370370338 0.2548032407407407
6 0.16664930555555554 0.07080439814814815 0.2354513888888889 0.1416087962962963
6 0.6082581018518518 0.026497395833333333 0.21238425925925936 0.052994791666666666