1 0.5071296296296296 0.532986111111111 0.3990972222222222 0.42013888888888895
6 0.436880787037037 0.09979745370370371 0.22623842592592602 0.17552083333333332
6 0.23776041666666664 0.18463541666666666 0.21030092592592595 0.23819444444444446
6 0.6661631944444444 0.16299189814814813 0.2276157407407407 0.25601851851851853
6 0.8989351851851852 0.17708333333333334 0.20081018518518512 0.22222222222222224
6 0.9564467592592593 0.43084490740740744 0.0828819444444445 0.22332175925925918
6 0.7133738425925926 0.7524016203703704 0.21186342592592594 0.23825231481481488
6 0.911880787037037 0.7503761574074075 0.1672569444444445 0.22644675925925917
6 0.7697858796296296 0.9273799189814815 0.20048032407407418 0.14524016203703702
6 0.9385358796296297 0.9313368055555555 0.11063657407407419 0.13732638888888893
6 0.4566493055555555 0.9017578125 0.23201967592592593 0.196484375
6 0.5935706018518518 0.9833116319444445 0.13554976851851847 0.03337673611111107
6 0.30637731481481484 0.732638888888889 0.2079918981481482 0.24279513888888893
6 0.1800173611111111 0.9063874421296297 0.21234374999999997 0.18722511574074047
6 0.16777199074074073 0.9777488425925925 0.13785879629629627 0.04450231481481488
5 0.04206018518518519 0.9665653935185186 0.08174768518518519 0.06686921296296297
6 0.041147280092592595 0.5992476851851851 0.08229456018518519 0.21490162037037025
6 0.2200462962962963 0.46608796296296295 0.2269039351851852 0.2653645833333334
6 0.07078703703703704 0.352662037037037 0.14157407407407407 0.22326388888888893
6 0.052083333333333336 0.16209490740740742 0.10416666666666667 0.18356481481481485