1 0.50390625 0.49375 0.3890625 0.384375
6 0.24140625 0.19765625 0.215625 0.1796875
6 0.62578125 0.15 0.209375 0.2140625
6 0.7828125 0.32421875 0.20625 0.20703125
6 0.91875 0.7203125 0.1625 0.284375
6 0.8 0.8671875 0.278125 0.265625
6 0.565625 0.92109375 0.25625 0.1578125
6 0.325 0.93671875 0.196875 0.1265625
6 0.11484375 0.70546875 0.1984375 0.21640625
6 0.0625 0.8921875 0.12421875 0.215625
6 0.14140625 0.43515625 0.26484375 0.2265625
6 0.06796875 0.078125 0.1359375 0.15625
6 0.25078125 0.0390625 0.24453125 0.07734375
6 0.86796875 0.09765625 0.2359375 0.1953125