1 0.509375 0.5153587962962962 0.39296875 0.39566550925925925
6 0.24375 0.8114236111111112 0.21796875 0.18526041666666657
6 0.6328125 0.865625 0.21171875 0.2203240740740739
6 0.7921875 0.6914236111111112 0.20859375 0.21324652777777775
6 0.92265625 0.2917939814814815 0.1546875 0.2897916666666666
6 0.809375 0.14480324074074075 0.28125 0.2697916666666667
6 0.571875 0.08581597222222222 0.259375 0.1585300925925926
6 0.32734375 0.06656828703703703 0.19921875 0.12560763888888887
6 0.11640625 0.295474537037037 0.20078125 0.222505787037037
6 0.06171875 0.10872685185185185 0.1234375 0.2166724537037037
6 0.14296875 0.5693055555555555 0.2671875 0.23442708333333329
6 0.06875 0.9244140625 0.1375 0.151171875
6 0.253125 0.965999710648148 0.246875 0.06800057870370395
6 0.878125 0.9105020254629629 0.2390625 0.17899594907407418