1 0.46645833333333336 0.46182291666666664 0.45859375 0.4240393518518518
5 0.4283854166666667 0.7877951388888889 0.15760416666666668 0.13462384259259252
6 0.6568229166666667 0.16262152777777777 0.25645833333333334 0.22841435185185183
6 0.09171875 0.12109953703703705 0.1834375 0.23592592592592593
6 0.44177083333333333 0.04299913194444445 0.22734375 0.0859982638888889
6 0.1975 0.0356712962962963 0.2815625 0.0713425925925926
6 0.13510416666666666 0.5763946759259259 0.21609375000000003 0.21824074074074068
6 0.015885416666666666 0.5536168981481481 0.03177083333333333 0.19276620370370381
6 0.06449218749999999 0.7768923611111112 0.12898437499999998 0.24074652777777777
6 0.14885416666666668 0.9160937499999999 0.29770833333333335 0.16484953703703695
6 0.5919791666666667 0.7851041666666667 0.20020833333333332 0.20173611111111106
6 0.7934895833333333 0.7505960648148149 0.20328125000000002 0.22448495370370375
6 0.7432812500000001 0.5699247685185185 0.20864583333333328 0.2232465277777777
6 0.7850520833333332 0.4336053240740741 0.21671875000000007 0.20427083333333335
6 0.8756770833333334 0.22980324074074074 0.19786458333333315 0.2833043981481482