1 0.45703125 0.5171875 0.34765625 0.3671875
6 0.33828125 0.1703125 0.2171875 0.228125
6 0.571875 0.2515625 0.23671875 0.21796875
6 0.7765625 0.39453125 0.2171875 0.2109375
6 0.95 0.41875 0.09921875 0.17734375
6 0.9359375 0.62734375 0.128125 0.1953125
6 0.7734375 0.84375 0.20234375 0.24921875
5 0.60703125 0.80390625 0.084375 0.07109375
6 0.471875 0.78828125 0.2421875 0.2046875
6 0.55078125 0.94765625 0.2421875 0.10390625
6 0.9515625 0.85234375 0.096875 0.20625
6 0.82265625 0.9390625 0.21171875 0.12109375
6 0.934375 0.07578125 0.13125 0.1515625
6 0.7609375 0.1578125 0.20234375 0.2140625
6 0.753125 0.07265625 0.209375 0.1453125
6 0.44140625 0.03984375 0.19453125 0.0796875
6 0.15 0.4015625 0.25234375 0.2203125
6 0.10546875 0.62578125 0.21015625 0.228125
6 0.2140625 0.83125 0.21171875 0.221875
6 0.02109375 0.9171875 0.04140625 0.165625
6 0.065625 0.11640625 0.13125 0.2296875