1 0.5078125 0.50234375 0.4046875 0.35703125
6 0.38125 0.22578125 0.215625 0.21796875
6 0.8109375 0.240625 0.20390625 0.21640625
6 0.81171875 0.4765625 0.22109375 0.2109375
6 0.83359375 0.615625 0.1984375 0.2109375
6 0.95546875 0.54140625 0.0890625 0.20625
6 0.89921875 0.83046875 0.20078125 0.19453125
6 0.715625 0.93515625 0.246875 0.1296875
6 0.65234375 0.746875 0.23515625 0.2296875
6 0.378125 0.80078125 0.23828125 0.2265625
6 0.9625 0.2 0.075 0.2234375
6 0.809375 0.0609375 0.225 0.12109375
6 0.221875 0.59453125 0.22734375 0.228125
6 0.2515625 0.0421875 0.209375 0.08359375
6 0.109375 0.3046875 0.21796875 0.22421875
6 0.04453125 0.5953125 0.08828125 0.2125
6 0.0640625 0.8359375 0.128125 0.23125
6 0.04609375 0.01953125 0.09140625 0.03828125
6 0.0171875 0.1453125 0.034375 0.1296875