1 0.503125 0.5453125 0.43515625 0.4109375
6 0.4140625 0.2078125 0.25390625 0.2265625
6 0.58359375 0.05 0.259375 0.1
6 0.85859375 0.0609375 0.271875 0.12109375
6 0.87734375 0.575 0.24375 0.24765625
6 0.9140625 0.48046875 0.171875 0.2453125
6 0.9625 0.76171875 0.075 0.23984375
6 0.8671875 0.92265625 0.265625 0.1515625
6 0.66953125 0.821875 0.275 0.2453125
6 0.428125 0.8640625 0.21796875 0.221875
6 0.22421875 0.76015625 0.2234375 0.2453125
6 0.221875 0.9375 0.25 0.125
6 0.05 0.8671875 0.1 0.259375
6 0.04296875 0.2828125 0.0859375 0.22421875
6 0.221875 0.071875 0.2140625 0.14296875