1 0.45418402777777783 0.5000173611111112 0.3645428240740742 0.38928819444444435
6 0.3288657407407407 0.8566666666666667 0.2275347222222223 0.2417361111111113
6 0.5724594907407408 0.7776909722222222 0.2477662037037037 0.23125
6 0.7860532407407408 0.6347569444444445 0.22740162037037043 0.22376736111111112
6 0.9549826388888889 0.6142881944444445 0.08262731481481467 0.18774305555555557
6 0.9417418981481482 0.39755208333333336 0.11244212962962977 0.20559027777777777
6 0.7856018518518518 0.1682638888888889 0.21285300925925926 0.26328125
5 0.612644675925926 0.20505208333333336 0.08882523148148139 0.0753993055555556
6 0.4718981481481482 0.21833333333333332 0.2531365740740741 0.21809027777777779
6 0.5527662037037037 0.06072916666666667 0.25228009259259265 0.10246527777777777
6 0.9598900462962963 0.16276041666666669 0.07971064814814817 0.21579861111111112
6 0.8378587962962964 0.07565972222222223 0.22037615740740718 0.11894097222222222
6 0.9352662037037037 0.9442013888888889 0.11659722222222228 0.11159722222222221
6 0.7686168981481482 0.8789409722222222 0.2125810185185184 0.2265625
6 0.7594618055555555 0.9448090277777779 0.21811342592592595 0.11038194444444435
6 0.43499421296296303 0.9750781249999999 0.2027662037037036 0.049843750000000145
6 0.1345486111111111 0.6124652777777777 0.26419560185185187 0.23473958333333336
6 0.09884114583333334 0.38112847222222224 0.19768229166666668 0.2419270833333334
6 0.20425347222222223 0.16862847222222221 0.2220138888888889 0.2345833333333333
6 0.0125 0.08074652777777777 0.025 0.16149305555555554
6 0.0564525462962963 0.89453125 0.1129050925925926 0.2109375