1 0.50703125 0.49296875 0.41953125 0.39609375
6 0.26015625 0.26640625 0.22890625 0.2125
6 0.63828125 0.1515625 0.2390625 0.20859375
6 0.890625 0.16796875 0.215625 0.20703125
6 0.94453125 0.55703125 0.1109375 0.2140625
6 0.80234375 0.68203125 0.2 0.20703125
6 0.94921875 0.76875 0.1015625 0.20625
6 0.90625 0.92421875 0.1875 0.1515625
6 0.7171875 0.8828125 0.209375 0.2046875
6 0.51796875 0.82421875 0.18359375 0.18203125
6 0.3078125 0.75 0.2078125 0.21875
6 0.1390625 0.84609375 0.240625 0.196875
6 0.11484375 0.44453125 0.2296875 0.2484375
6 0.17578125 0.08046875 0.2390625 0.1609375
6 0.78671875 0.0421875 0.1921875 0.08359375