1 0.4959085648148148 0.56171875 0.3867476851851851 0.404386574074074
6 0.6415162037037037 0.20814236111111112 0.2414641203703704 0.2517534722222222
6 0.3919849537037037 0.2780266203703704 0.2611284722222222 0.24201967592592588
6 0.16912615740740738 0.4137789351851852 0.24039930555555555 0.2337847222222223
6 0.022158564814814815 0.42846064814814816 0.04431712962962963 0.1905150462962963
6 0.030580150462962963 0.6480902777777777 0.06116030092592593 0.2094155092592592
6 0.14851851851851852 0.8715277777777779 0.22805555555555554 0.2569444444444443
5 0.32109953703703703 0.8524131944444445 0.0926793981481481 0.07945023148148138
6 0.46425925925925926 0.8444328703703704 0.265763888888889 0.22828124999999985
6 0.374994212962963 0.9715509259259261 0.2575694444444444 0.056898148148147955
6 0.007575231481481484 0.8822743055555555 0.015150462962962968 0.21923611111111113
6 0.10103153935185186 0.9549363425925925 0.2020630787037037 0.09012731481481495
6 0.05 0.07718171296296297 0.1 0.15436342592592595
6 0.20011574074074073 0.1686574074074074 0.22491319444444446 0.23520254629629628
6 0.21214699074074073 0.08469907407407408 0.22648726851851855 0.15666666666666668
6 0.5415277777777778 0.06972222222222221 0.20756944444444442 0.08703703703703702
6 0.8241319444444445 0.46043402777777775 0.27767361111111094 0.24533564814814818
6 0.8556944444444443 0.6951504629629629 0.22662037037037025 0.2508738425925925
6 0.7303703703703703 0.8913570601851852 0.23479745370370358 0.2172858796296296
6 0.9261111111111113 0.9589872685185185 0.0457407407407409 0.08202546296296305
6 0.9275694444444443 0.17021412037037037 0.1440798611111113 0.23741898148148147