1 0.4924479166666666 0.5181423611111111 0.42277199074074084 0.37688078703703703
6 0.3539351851851852 0.7938657407407408 0.22615740740740745 0.2291666666666666
6 0.788888888888889 0.7943287037037037 0.21438078703703703 0.22717013888888893
6 0.7985243055555555 0.5552951388888889 0.23136574074074084 0.222337962962963
6 0.8256365740740741 0.414699074074074 0.20870949074074083 0.22149884259259273
6 0.9423611111111111 0.49490740740740746 0.08900462962962977 0.21238425925925916
6 0.8953414351851852 0.20135995370370371 0.2041087962962962 0.2026041666666666
6 0.71796875 0.08995949074074075 0.2546875 0.13582175925925927
6 0.6469618055555555 0.27508680555555554 0.2469039351851851 0.2416377314814815
6 0.3724247685185185 0.21015625 0.24916087962962957 0.23938078703703702
6 0.9365451388888889 0.842042824074074 0.07557870370370381 0.22905092592592596
6 0.7799189814814815 0.9559606481481481 0.230787037037037 0.08807870370370381
6 0.2068576388888889 0.41368634259259257 0.2382523148148148 0.23975694444444445
6 0.21357060185185187 0.9651331018518519 0.21684027777777776 0.0697337962962962
6 0.09693287037037038 0.7055555555555555 0.19386574074074076 0.23611111111111108
6 0.03665364583333333 0.4078125 0.07330729166666666 0.21796875
6 0.06245659722222222 0.1640625 0.12491319444444444 0.2390625
6 0.027170138888888883 0.9845775462962962 0.054340277777777765 0.03084490740740762
6 0.0008825231481481455 0.8622974537037038 0.001765046296296291 0.1324074074074076