1 0.50546875 0.51796875 0.36796875 0.3859375
6 0.53984375 0.85859375 0.2484375 0.20625
6 0.73671875 0.72421875 0.221875 0.1859375
6 0.8171875 0.578125 0.19453125 0.19921875
6 0.934375 0.75234375 0.13125 0.23984375
6 0.9625 0.9546875 0.075 0.090625
6 0.1140625 0.89140625 0.20625 0.18203125
6 0.1921875 0.78359375 0.209375 0.221875
6 0.16015625 0.24375 0.22734375 0.2125
6 0.49140625 0.1859375 0.23125 0.2109375
6 0.82109375 0.07265625 0.22890625 0.1453125
6 0.378125 0.028125 0.20078125 0.05625
6 0.05546875 0.3984375 0.1109375 0.23984375