1 0.4890046296296296 0.5153356481481481 0.43275462962962974 0.4264930555555555
6 0.7905960648148149 0.6245486111111112 0.24612268518518512 0.32065972222222217
6 0.57734375 0.9315625000000001 0.30063657407407407 0.13687499999999986
6 0.13660300925925925 0.9315711805555555 0.26056134259259256 0.136857638888889
6 0.04366319444444444 0.92421875 0.08732638888888888 0.1515625
6 0.018851273148148145 0.6449594907407408 0.03770254629629629 0.20398148148148146
6 0.13472222222222224 0.5413541666666666 0.25604745370370374 0.2934780092592593
6 0.11877893518518519 0.31755787037037037 0.2277777777777778 0.2891550925925926
6 0.2652199074074074 0.05708333333333333 0.26796875 0.10938078703703705
6 0.1125 0.07822916666666667 0.225 0.15645833333333334
6 0.9021990740740741 0.6293287037037036 0.1588541666666668 0.2623668981481481
6 0.9369502314814815 0.3664178240740741 0.11024305555555572 0.2780439814814814
6 0.9309027777777779 0.9021874999999999 0.07962962962962976 0.19562500000000008