1 0.5307002314814815 0.42578125 0.4030266203703704 0.40703125
6 0.2561921296296296 0.60546875 0.24262152777777776 0.2578125
6 0.12022569444444446 0.43359375 0.2026736111111111 0.2296875
6 0.23260416666666667 0.26015625 0.2728645833333333 0.2671875
6 0.07214120370370371 0.1890625 0.13761574074074073 0.265625
6 0.556255787037037 0.11875 0.2531365740740741 0.2375
6 0.8767332175925926 0.1703125 0.2465335648148148 0.25
6 0.8359780092592594 0.409375 0.2217129629629632 0.2609375
6 0.95234375 0.5453125 0.0953125 0.246875
6 0.9633203124999999 0.35078125 0.07335937500000007 0.2375
6 0.9328125 0.0578125 0.134375 0.115625
6 0.6753703703703704 0.74453125 0.29605902777777776 0.23671875
6 0.7186516203703703 0.934375 0.2609027777777776 0.13125
6 0.9240379050925925 0.90234375 0.15192418981481487 0.1953125
6 0.36311342592592594 0.9859375 0.12276041666666666 0.028125
6 0.23714699074074072 0.87734375 0.24734953703703705 0.2453125
6 0.08299768518518517 0.846875 0.07784722222222222 0.20625
6 0.09399305555555555 0.66328125 0.12280092592592591 0.2265625