1 0.5184953703703703 0.5517708333333333 0.46683449074074074 0.3970891203703705
6 0.2721527777777778 0.31536458333333334 0.2516319444444444 0.22054976851851854
6 0.5228125 0.24772569444444445 0.33017361111111115 0.23692708333333332
6 0.6984606481481481 0.12547453703703704 0.22339120370370366 0.2158101851851852
6 0.9124363425925927 0.10835648148148147 0.17512731481481475 0.1675462962962963
6 0.8686689814814814 0.29237847222222224 0.24448495370370366 0.2164351851851852
6 0.8402199074074075 0.5136053240740741 0.18380208333333314 0.22322337962962954
6 0.8357928240740741 0.7949710648148148 0.2496064814814815 0.20487847222222227
6 0.9630381944444444 0.7228935185185185 0.0377199074074074 0.16659722222222229
6 0.8917013888888888 0.9780844907407407 0.16063078703703723 0.04383101851851876
6 0.7091608796296296 0.9924421296296296 0.17758101851851843 0.01511574074074069
6 0.6346701388888889 0.9742766203703702 0.16063078703703687 0.051446759259259525
6 0.40096643518518515 0.9474594907407408 0.25494212962962964 0.10508101851851848
6 0.25622685185185184 0.9531655092592594 0.144369212962963 0.09366898148148124
6 0.28686921296296297 0.7951273148148148 0.217806712962963 0.21174189814814817
6 0.17130787037037037 0.6048206018518518 0.22483796296296296 0.21195023148148148
6 0.04482783564814815 0.5100983796296296 0.0896556712962963 0.242829861111111
6 0.06986111111111111 0.25134837962962964 0.13972222222222222 0.23082175925925927
6 0.08244791666666666 0.8699652777777779 0.16489583333333332 0.21414930555555572