1 0.50390625 0.5046875 0.39140625 0.40234375
6 0.37578125 0.1734375 0.278125 0.2515625
6 0.69296875 0.18359375 0.1875 0.18125
6 0.89375 0.16171875 0.1734375 0.2359375
6 0.146875 0.55703125 0.240625 0.20078125
6 0.07109375 0.73203125 0.14140625 0.21015625
6 0.109375 0.921875 0.21875 0.153125
6 0.81015625 0.61953125 0.22109375 0.23203125
6 0.896875 0.815625 0.20546875 0.2421875
6 0.94140625 0.50234375 0.1171875 0.2421875
6 0.17109375 0.07734375 0.23046875 0.15390625
6 0.60546875 0.05 0.21015625 0.1