1 0.5022743055555555 0.5036226851851853 0.45739583333333333 0.4515451388888888
6 0.6840625 0.9087977430555554 0.22392361111111114 0.18240451388888915
6 0.5480902777777777 0.9045370370370371 0.23732638888888893 0.1909259259259258
6 0.3407118055555555 0.8220601851851852 0.196875 0.21663194444444436
6 0.2738888888888889 0.7310763888888889 0.2136805555555555 0.2350868055555555
6 0.17897569444444444 0.5354224537037038 0.2137673611111111 0.2389930555555555
6 0.07555555555555556 0.6947511574074074 0.12569444444444447 0.2457523148148148
6 0.15168402777777779 0.91953125 0.2660763888888889 0.1609375
6 0.029045138888888888 0.8503009259259258 0.02255208333333334 0.13651620370370382
6 0.07234375000000001 0.37455439814814817 0.13277777777777777 0.2131712962962963
6 0.21987847222222223 0.30319444444444443 0.22960069444444448 0.24883101851851858
6 0.10458333333333333 0.1038136574074074 0.20916666666666667 0.2076273148148148
6 0.4812673611111111 0.12043981481481483 0.22345486111111104 0.2182002314814815
6 0.37505208333333334 0.11885416666666666 0.2501041666666667 0.22289351851851852
6 0.7106944444444444 0.11552662037037038 0.22295138888888885 0.1955439814814815
6 0.9505034722222222 0.259375 0.09899305555555564 0.23425925925925925
6 0.8258159722222222 0.37736111111111115 0.21607638888888872 0.2375
6 0.8415104166666666 0.626880787037037 0.222934027777778 0.22989583333333333
6 0.80046875 0.7474594907407408 0.19868055555555558 0.19248263888888886
6 0.95625 0.76171875 0.0875 0.20457175925925916
6 0.9645833333333332 0.5300115740740741 0.07083333333333357 0.20861111111111103
6 0.9501996527777777 0.08361689814814814 0.09960069444444457 0.1130960648148148
6 0.9156423611111112 0.934693287037037 0.16871527777777756 0.13061342592592595