1 0.51484375 0.496875 0.4203125 0.3859375
6 0.23046875 0.26953125 0.20390625 0.20625
5 0.340625 0.29453125 0.075 0.075
6 0.32109375 0.10859375 0.23125 0.1984375
6 0.790625 0.15625 0.21328125 0.19921875
6 0.80625 0.0765625 0.21015625 0.153125
6 0.9140625 0.34609375 0.171875 0.18984375
6 0.94921875 0.3078125 0.1015625 0.184375
6 0.8390625 0.67265625 0.196875 0.21875
6 0.75625 0.69765625 0.190625 0.2046875
6 0.63828125 0.78984375 0.20234375 0.196875
6 0.4890625 0.8171875 0.17578125 0.18125
6 0.40703125 0.86640625 0.2 0.1796875
6 0.246875 0.90859375 0.215625 0.153125
6 0.225 0.9390625 0.221875 0.12109375
6 0.8015625 0.95859375 0.1859375 0.0828125
6 0.97109375 0.76640625 0.0578125 0.23203125
6 0.06875 0.26328125 0.1375 0.24296875
6 0.046875 0.07421875 0.09375 0.1484375
6 0.15859375 0.66015625 0.2484375 0.21640625
5 0.08671875 0.81171875 0.08046875 0.09296875
6 0.01953125 0.61328125 0.0390625 0.1953125