1 0.50859375 0.50390625 0.4375 0.42734375
6 0.33984375 0.103125 0.2140625 0.19296875
6 0.4734375 0.103125 0.23046875 0.20625
6 0.6734375 0.18828125 0.1875 0.20625
6 0.73671875 0.27578125 0.20390625 0.22265625
6 0.825 0.4640625 0.20390625 0.2265625
6 0.9359375 0.30703125 0.128125 0.2359375
6 0.8625 0.08125 0.25859375 0.1625
6 0.984375 0.153125 0.03125 0.13125
6 0.9328125 0.61875 0.13359375 0.20625
6 0.78046875 0.69140625 0.21953125 0.2359375
6 0.89453125 0.8921875 0.2109375 0.21484375
6 0.521875 0.8859375 0.21328125 0.21875
6 0.6265625 0.8796875 0.23671875 0.21640625
6 0.296875 0.89375 0.215625 0.19453125
6 0.05703125 0.75625 0.1140625 0.2265625
6 0.1890625 0.6359375 0.20625 0.22578125
6 0.17890625 0.39375 0.21328125 0.21796875
6 0.221875 0.275 0.190625 0.18203125
6 0.05625 0.26796875 0.1125 0.19453125
6 0.0453125 0.4921875 0.090625 0.2
6 0.0546875 0.9375 0.109375 0.125
6 0.096875 0.07890625 0.19375 0.1578125