1 0.4817013888888889 0.5433564814814814 0.4494097222222223 0.43095486111111114
6 0.21663194444444445 0.763744212962963 0.2449131944444444 0.23172453703703688
6 0.6004166666666666 0.8944328703703703 0.25564236111111105 0.21113425925925924
6 0.8550173611111112 0.8940089699074074 0.22354166666666658 0.21198206018518526
6 0.9283680555555556 0.5007407407407408 0.11298611111111115 0.22722222222222221
6 0.7935069444444445 0.3637615740740741 0.214982638888889 0.22471643518518522
6 0.9418923611111112 0.28453703703703703 0.104826388888889 0.21900462962962966
6 0.9052256944444445 0.12289351851851853 0.18954861111111115 0.16104166666666667
6 0.7152083333333333 0.15219328703703705 0.22421875 0.22207754629629628
6 0.5078472222222222 0.20173611111111112 0.19743055555555564 0.19808449074074072
6 0.2880034722222222 0.2678587962962963 0.22331597222222221 0.23684027777777777
6 0.12365885416666667 0.15964699074074074 0.24731770833333333 0.21596643518518518
6 0.09881076388888889 0.573599537037037 0.19762152777777778 0.266730324074074
6 0.12364149305555557 0.9314916087962963 0.24728298611111113 0.13701678240740733
6 0.74671875 0.9882378472222222 0.19951388888888885 0.023524305555555715