1 0.50546875 0.509375 0.39140625 0.4
6 0.43359375 0.084375 0.221875 0.16796875
6 0.23671875 0.1765625 0.20625 0.2265625
6 0.659375 0.1390625 0.2234375 0.24375
6 0.89140625 0.14609375 0.1984375 0.2140625
6 0.9546875 0.39453125 0.08984375 0.21640625
6 0.7109375 0.71796875 0.2078125 0.2265625
6 0.9125 0.7109375 0.175 0.21796875
6 0.76875 0.91015625 0.196875 0.1796875
6 0.940625 0.91015625 0.11875 0.1796875
6 0.46015625 0.88671875 0.22734375 0.2046875
6 0.596875 0.96875 0.13203125 0.06171875
6 0.3078125 0.7140625 0.20390625 0.23203125
6 0.18671875 0.8984375 0.209375 0.1890625
6 0.17421875 0.97109375 0.1359375 0.0578125
5 0.05 0.96171875 0.0796875 0.0765625
6 0.0421875 0.5921875 0.084375 0.20859375
6 0.22109375 0.4546875 0.221875 0.253125
6 0.07109375 0.34765625 0.14140625 0.21484375
6 0.0515625 0.1609375 0.103125 0.17734375