1 0.4890625 0.571875 0.37421875 0.4015625
6 0.77109375 0.39453125 0.225 0.2546875
6 0.9015625 0.56640625 0.1921875 0.22421875
6 0.7734375 0.73515625 0.25390625 0.26328125
6 0.9359375 0.80625 0.128125 0.2609375
6 0.44609375 0.87890625 0.2359375 0.2421875
6 0.13046875 0.82421875 0.23125 0.246875
6 0.18671875 0.5875 0.20390625 0.25703125
6 0.059375 0.45390625 0.11875 0.2421875
6 0.04296875 0.64609375 0.0859375 0.234375
6 0.0671875 0.93828125 0.134375 0.1203125
6 0.3640625 0.25703125 0.27890625 0.23359375
6 0.33359375 0.06796875 0.2515625 0.1359375
6 0.1 0.1 0.2 0.2
6 0.68984375 0.01796875 0.1203125 0.03515625
6 0.8078125 0.125 0.23125 0.24921875
6 0.96328125 0.159375 0.07265625 0.203125
6 0.940625 0.3375 0.11875 0.221875