1 0.5083680555555555 0.5539930555555556 0.4146875 0.4799768518518519
6 0.8925173611111111 0.9575520833333332 0.20003472222222207 0.08489583333333357
6 0.8375868055555555 0.9157841435185186 0.19762152777777792 0.16843171296296297
6 0.6791666666666666 0.9466869212962962 0.19157986111111108 0.10662615740740762
6 0.08741319444444445 0.9102141203703702 0.13524305555555555 0.17957175925925953
6 0.1682986111111111 0.553761574074074 0.2246701388888889 0.24751157407407404
6 0.12256944444444444 0.11047453703703705 0.22795138888888888 0.2196759259259259
6 0.20604166666666668 0.07609953703703705 0.21755208333333337 0.13778935185185187
6 0.71359375 0.13709490740740743 0.21546874999999996 0.18443287037037037
6 0.8342534722222222 0.30202546296296295 0.22380208333333335 0.20844907407407404
6 0.8754687499999999 0.3666956018518519 0.24814236111111115 0.21571180555555552
6 0.86171875 0.590306712962963 0.21677083333333336 0.24302662037037043
6 0.9675694444444446 0.7329571759259259 0.06486111111111086 0.2759837962962962