1 0.46515625 0.5078414351851852 0.4021354166666667 0.4064467592592592
6 0.47703125 0.8560185185185185 0.26875 0.21848379629629627
6 0.6877604166666667 0.7125462962962963 0.24010416666666679 0.19814236111111114
6 0.7790104166666666 0.560138888888889 0.21286458333333336 0.21059027777777786
6 0.8836458333333332 0.7332523148148148 0.146875 0.24995949074074061
6 0.8999479166666667 0.9331539351851852 0.07697916666666664 0.07869212962962954
6 0.07532552083333333 0.9008738425925926 0.15065104166666665 0.19278356481481468
6 0.12588541666666667 0.7900115740740741 0.22921874999999997 0.23368634259259266
6 0.13078125000000002 0.23705439814814816 0.24734374999999997 0.22486689814814814
6 0.47302083333333333 0.16765625 0.25114583333333335 0.22342013888888887
6 0.8164583333333333 0.05889612268518518 0.24203125000000014 0.11779224537037036
6 0.36791666666666667 0.020065104166666667 0.20786458333333338 0.040130208333333334
6 0.039296874999999995 0.39700231481481485 0.07859374999999999 0.25130787037037033