1 0.50859375 0.5375 0.41953125 0.44453125
6 0.2609375 0.278125 0.17890625 0.21015625
6 0.36015625 0.11484375 0.2046875 0.1875
6 0.57265625 0.21875 0.21953125 0.18515625
6 0.7390625 0.1203125 0.18515625 0.20703125
6 0.5484375 0.0484375 0.24453125 0.096875
6 0.90625 0.10703125 0.1875 0.2140625
6 0.76875 0.3640625 0.19296875 0.1640625
6 0.85625 0.2921875 0.18671875 0.228125
6 0.9375 0.58125 0.12421875 0.21484375
6 0.71171875 0.75859375 0.16953125 0.203125
6 0.85234375 0.74140625 0.196875 0.19453125
6 0.50625 0.878125 0.23515625 0.203125
6 0.78984375 0.95078125 0.221875 0.0984375
6 0.95078125 0.875 0.09765625 0.2390625
6 0.27109375 0.815625 0.221875 0.203125
6 0.14453125 0.6234375 0.22734375 0.2140625
6 0.090625 0.1671875 0.18125 0.27421875
6 0.03203125 0.8953125 0.0640625 0.19296875