1 0.5415856481481481 0.5533449074074074 0.4834201388888889 0.44042245370370364
6 0.42858217592592596 0.19849537037037038 0.2811863425925926 0.24382523148148144
6 0.597662037037037 0.04172019675925926 0.27809606481481486 0.08344039351851852
6 0.8718851273148148 0.05132667824074074 0.2562297453703703 0.10265335648148148
6 0.9001808449074075 0.5766840277777778 0.19963831018518513 0.26502893518518517
6 0.9375535300925926 0.4792187500000001 0.12489293981481495 0.26072337962962955
6 0.996082175925926 0.7745601851851852 0.007835648148148166 0.25375000000000014
6 0.9008912037037037 0.9260532407407407 0.19821759259259258 0.12548611111111113
6 0.732476851851852 0.8421469907407408 0.30481481481481476 0.26291087962962967
6 0.476568287037037 0.8826851851851852 0.24431712962962973 0.22532407407407398
6 0.2572395833333333 0.7842939814814814 0.2501273148148148 0.26210069444444456
6 0.2611400462962963 0.9499884259259259 0.2696643518518519 0.09689236111111121
6 0.08862268518518518 0.879832175925926 0.09751157407407407 0.23954282407407418
6 0.048177083333333336 0.28075231481481483 0.07950231481481482 0.23849537037037036
6 0.2167650462962963 0.06625144675925926 0.23348958333333333 0.13250289351851852