1 0.46163194444444444 0.5192708333333333 0.4200520833333332 0.4238368055555556
6 0.5518229166666667 0.08967013888888889 0.23538773148148148 0.15901041666666665
6 0.7517650462962963 0.1801215277777778 0.22199074074074066 0.23989583333333334
6 0.3172743055555555 0.13137152777777777 0.23888888888888893 0.25354166666666667
6 0.09163049768518519 0.1317361111111111 0.18326099537037038 0.2243923611111111
6 0.02696759259259259 0.38743055555555556 0.05393518518518518 0.22798611111111108
6 0.24033564814814815 0.7309375 0.22355324074074073 0.23993055555555554
6 0.06364293981481481 0.7172916666666665 0.12728587962962962 0.22909722222222229
6 0.17468171296296298 0.9168098958333333 0.21015625 0.16638020833333336
6 0.030700231481481478 0.915625 0.061400462962962955 0.16875
6 0.4957465277777778 0.8998784722222222 0.24369212962962958 0.20024305555555558
6 0.3521412037037037 0.9793272569444443 0.1400752314814815 0.04134548611111129
6 0.6576678240740741 0.7363020833333334 0.21984953703703702 0.2453125
6 0.7781828703703704 0.9134852430555555 0.22259837962962958 0.17302951388888915
6 0.7872106481481482 0.9864930555555557 0.1422453703703704 0.027013888888888716
5 0.9164641203703704 0.9788671875 0.08590856481481488 0.04226562499999993
6 0.9366319444444444 0.6142708333333333 0.09074074074074083 0.21590277777777783
6 0.7574942129629629 0.4687673611111111 0.23940972222222215 0.26760416666666664
6 0.9171006944444444 0.36050347222222223 0.14887152777777785 0.22578125
6 0.9430266203703702 0.1671701388888889 0.10989583333333357 0.18510416666666668