1 0.48171875000000003 0.5208564814814814 0.40517361111111116 0.4203298611111112
6 0.6188715277777778 0.18876157407407407 0.28692708333333333 0.2638020833333333
6 0.29755208333333333 0.18940393518518517 0.19392361111111106 0.18921875
6 0.09571180555555556 0.16075231481481483 0.1803125 0.2442476851851852
6 0.8422569444444445 0.5846990740740741 0.24828125000000015 0.21112847222222228
6 0.9149305555555557 0.7619675925925925 0.14222222222222242 0.2165740740740741
6 0.8700520833333334 0.937550636574074 0.22203124999999985 0.12489872685185191
6 0.16975694444444445 0.6280960648148148 0.22866319444444444 0.24177662037037032
6 0.09204861111111111 0.8240567129629628 0.18409722222222222 0.25199652777777787
6 0.05046440972222223 0.5047453703703704 0.10092881944444446 0.24933449074074082
6 0.8280034722222223 0.10036458333333334 0.23616319444444436 0.15767939814814813
6 0.39112847222222225 0.05927662037037038 0.21305555555555555 0.1015625