1 0.5406423611111111 0.5293402777777778 0.45772569444444444 0.41863425925925934
6 0.23243055555555556 0.2808159722222222 0.22282986111111108 0.22274305555555554
5 0.34920138888888885 0.3108796296296296 0.08237847222222223 0.08104745370370373
6 0.3202430555555556 0.11559606481481481 0.25135416666666666 0.2152199074074074
6 0.8138715277777777 0.18379629629629632 0.231892361111111 0.21605902777777777
6 0.8259895833333333 0.10546875 0.22772569444444457 0.15740740740740744
6 0.9284765625 0.3865162037037037 0.14304687499999993 0.20413773148148148
6 0.9641666666666666 0.3472511574074074 0.07166666666666685 0.19519675925925925
6 0.8886111111111111 0.7247395833333334 0.2163888888888888 0.23576388888888894
6 0.8030729166666667 0.7480902777777778 0.20869791666666657 0.22065972222222213
6 0.6838715277777778 0.8388310185185185 0.22085069444444444 0.21331018518518513
6 0.52890625 0.8619502314814815 0.19277777777777771 0.1958912037037038
6 0.4452604166666667 0.9063512731481481 0.21770833333333323 0.18729745370370382
6 0.27796875 0.9304325810185186 0.2306076388888889 0.13913483796296297
6 0.2548958333333333 0.9556857638888889 0.23690972222222229 0.08862847222222214
6 0.8612673611111111 0.9875651041666668 0.1968229166666667 0.02486979166666643
6 0.9968923611111112 0.8254340277777779 0.006215277777777572 0.24195601851851833
6 0.07267361111111112 0.26631944444444444 0.133125 0.2576388888888889
6 0.042326388888888886 0.07488425925925926 0.08465277777777777 0.14976851851851852
6 0.17633680555555556 0.6858796296296296 0.2701909722222222 0.23541666666666677
5 0.10753472222222223 0.8401041666666667 0.08868055555555557 0.1
6 0.038177083333333334 0.6308449074074074 0.029375000000000005 0.20465856481481487