1 0.5370254629629629 0.4917708333333334 0.39094907407407414 0.43631944444444437
6 0.1062326388888889 0.38949652777777777 0.18718749999999998 0.29913194444444446
6 0.14474537037037036 0.5137847222222223 0.22788773148148148 0.25633680555555555
6 0.18767939814814816 0.8741840277777777 0.2408449074074074 0.25038194444444456
6 0.13708912037037038 0.8940798611111112 0.19124421296296296 0.21182291666666658
6 0.69328125 0.8504340277777779 0.28272569444444445 0.275503472222222
6 0.8286863425925926 0.6863020833333333 0.281712962962963 0.25597222222222216
6 0.8690205439814814 0.5641666666666667 0.2619589120370371 0.29144097222222226
6 0.9516232638888888 0.5369097222222222 0.09675347222222222 0.2698263888888889
6 0.8624840856481482 0.28741319444444446 0.2750318287037036 0.2730381944444444
6 0.9359259259259259 0.9164236111111113 0.12814814814814818 0.1304166666666667