1 0.5122106481481482 0.4958159722222222 0.4009317129629629 0.4480787037037036
6 0.14734953703703704 0.9098958333333333 0.19425925925925927 0.17707754629629627
6 0.19924768518518518 0.8505150462962963 0.19136574074074075 0.20828124999999992
6 0.3567303240740741 0.9105005787037037 0.18651041666666668 0.17899884259259266
6 0.5939988425925926 0.9865364583333334 0.16822337962962966 0.02692708333333336
6 0.8307928240740742 0.9986603009259258 0.11026041666666657 0.0026793981481482375
6 0.9365046296296295 0.8993923611111111 0.1269907407407409 0.20121527777777787
6 0.8475462962962963 0.525 0.21809027777777779 0.23054976851851858
6 0.8795717592592591 0.10286458333333333 0.22086226851851834 0.18293981481481478
6 0.7964641203703704 0.06179398148148148 0.2116782407407408 0.103125
6 0.29820023148148145 0.07784722222222222 0.20890046296296294 0.1499537037037037
6 0.18441550925925926 0.21911458333333336 0.21780671296296297 0.1922685185185186
6 0.14580439814814813 0.27947337962962965 0.24128472222222222 0.19808449074074072
6 0.16619212962962965 0.5008449074074074 0.20946759259259257 0.22651620370370368
6 0.04919560185185185 0.6303472222222222 0.09103009259259259 0.26694444444444443