1 0.5180613425925926 0.4496296296296297 0.45864004629629634 0.44162037037037044
6 0.42769675925925926 0.7984375 0.2673784722222223 0.24458912037037023
6 0.6046932870370371 0.956851851851852 0.2710532407407408 0.08629629629629605
6 0.8753168402777778 0.9493055555555555 0.24936631944444443 0.10138888888888893
6 0.8885243055555556 0.43254629629629626 0.22295138888888885 0.2660416666666666
6 0.9287282986111112 0.5290393518518519 0.14254340277777758 0.2597743055555554
6 0.9784346064814816 0.23757523148148146 0.04313078703703681 0.25129629629629624
6 0.87734375 0.08615162037037036 0.2453125 0.12758101851851852
6 0.6901388888888889 0.16572916666666668 0.29017939814814825 0.26479166666666665
6 0.4351851851851851 0.12224537037037035 0.23130787037037023 0.22555555555555556
6 0.22421296296296295 0.21675347222222224 0.23549189814814814 0.2631712962962963
6 0.2183101851851852 0.05255208333333333 0.2624016203703704 0.09994212962962964
6 0.04774884259259259 0.11935763888888888 0.09471643518518519 0.2386921296296296
6 0.04276041666666667 0.7112673611111111 0.07674768518518518 0.2381597222222222
6 0.22640625 0.9297164351851851 0.22528356481481476 0.14056712962962975