1 0.51328125 0.50859375 0.34921875 0.34921875
6 0.4078125 0.15234375 0.196875 0.1859375
6 0.846875 0.08671875 0.23359375 0.1734375
6 0.90703125 0.328125 0.1859375 0.21484375
6 0.8 0.51953125 0.175 0.1734375
6 0.66875 0.76015625 0.25234375 0.21875
6 0.1203125 0.7609375 0.19609375 0.2203125
6 0.07421875 0.95078125 0.1484375 0.0984375
6 0.96015625 0.8375 0.0796875 0.1984375
6 0.9140625 0.9671875 0.1296875 0.065625
6 0.2 0.52109375 0.2265625 0.23203125
6 0.2390625 0.2859375 0.19453125 0.18125
6 0.09765625 0.16640625 0.15859375 0.2359375
6 0.31328125 0.03125 0.1890625 0.0625