1 0.5430034722222222 0.5693287037037037 0.4307291666666666 0.4182002314814815
6 0.1944039351851852 0.42722800925925924 0.2584375 0.2719907407407408
6 0.6248148148148148 0.24450231481481483 0.24306134259259266 0.23495370370370372
6 0.8488599537037038 0.14403935185185185 0.2594270833333333 0.18075810185185182
6 0.84859375 0.44212962962962965 0.24730324074074056 0.2578993055555555
6 0.9576620370370371 0.5863425925925926 0.08467592592592581 0.23483796296296297
6 0.9549464699074074 0.8391203703703705 0.09010706018518526 0.262037037037037
6 0.7801793981481481 0.879029224537037 0.25649305555555557 0.24194155092592595
6 0.5556481481481481 0.9243706597222221 0.24566550925925928 0.15125868055555572
6 0.771394675925926 0.9923755787037039 0.2813715277777778 0.015248842592592382
6 0.2542824074074074 0.7289930555555555 0.22578125 0.22743055555555572
6 0.2631307870370371 0.8521701388888889 0.23321759259259256 0.25529513888888894
6 0.07890046296296296 0.7956018518518518 0.13810185185185184 0.26151620370370365
6 0.07373842592592592 0.552517361111111 0.1345486111111111 0.23237847222222213
6 0.044189814814814814 0.24363425925925924 0.08458333333333333 0.2310185185185185
6 0.18814814814814815 0.16299189814814813 0.24596064814814816 0.2726273148148148
6 0.42255208333333333 0.12962962962962965 0.25994791666666667 0.21591435185185187
6 0.12249999999999998 0.99140625 0.21587962962962962 0.0171875