1 0.4779050925925926 0.5423032407407408 0.4944618055555555 0.507986111111111
6 0.10498408564814814 0.7696180555555555 0.20996817129629627 0.24985532407407404
6 0.25668402777777777 0.9097294560185185 0.2435590277777778 0.18054108796296298
6 0.6227835648148148 0.9067780671296297 0.2869386574074074 0.18644386574074048
6 0.7741377314814815 0.7737557870370371 0.24526620370370367 0.22740162037037023
6 0.8586284722222223 0.9157335069444444 0.19140046296296304 0.16853298611111106
6 0.04922453703703704 0.90859375 0.09844907407407408 0.1828125
6 0.09706597222222221 0.5690972222222223 0.19413194444444443 0.25460069444444444
6 0.13320601851851852 0.1620949074074074 0.2510011574074074 0.20604745370370373
6 0.2460821759259259 0.25677083333333334 0.2616435185185185 0.26750578703703703
6 0.5082465277777778 0.20243055555555553 0.300318287037037 0.22447916666666662
6 0.811712962962963 0.3912615740740741 0.2756770833333334 0.2024305555555556
6 0.824079861111111 0.1693287037037037 0.21874421296296304 0.21299189814814815
6 0.8168518518518517 0.09267939814814816 0.2241087962962965 0.08038194444444444
6 0.9734895833333332 0.1639178240740741 0.05302083333333343 0.1859375
6 0.5032002314814814 0.07572337962962963 0.2217245370370371 0.09265046296296298
6 0.28956018518518517 0.03949652777777778 0.18962962962962965 0.04982638888888889
6 0.0162109375 0.10746527777777777 0.032421875 0.2148726851851852