1 0.5140625 0.48984375 0.403125 0.36875
6 0.184375 0.60078125 0.2421875 0.24140625
6 0.596875 0.80546875 0.22734375 0.20703125
6 0.81015625 0.91953125 0.2453125 0.1609375
6 0.80625 0.63203125 0.23125 0.228125
6 0.934375 0.503125 0.13046875 0.21796875
6 0.93125 0.26328125 0.1375 0.24375
6 0.73515625 0.209375 0.240625 0.21640625
6 0.521875 0.109375 0.23125 0.2140625
6 0.72421875 0.04921875 0.2671875 0.0984375
6 0.23671875 0.3171875 0.21171875 0.20078125
6 0.24375 0.2 0.21796875 0.2265625
6 0.0671875 0.2421875 0.134375 0.240625
6 0.065625 0.475 0.13125 0.2125
6 0.04140625 0.765625 0.0828125 0.215625
6 0.1828125 0.85234375 0.23046875 0.24296875
6 0.4046875 0.903125 0.24375 0.19375
6 0.10546875 0.02890625 0.2109375 0.0578125