1 0.50703125 0.49453125 0.440625 0.4484375
6 0.1578125 0.25234375 0.2078125 0.221875
6 0.32265625 0.10546875 0.21953125 0.20859375
6 0.66484375 0.14921875 0.2609375 0.178125
6 0.79921875 0.29609375 0.21953125 0.19921875
6 0.8984375 0.14921875 0.190625 0.1890625
6 0.8328125 0.034375 0.165625 0.06796875
6 0.6515625 0.02578125 0.15703125 0.05078125
6 0.08359375 0.1 0.1671875 0.2
6 0.11875 0.44296875 0.23671875 0.22421875
6 0.16171875 0.82890625 0.2265625 0.178125
6 0.2734375 0.74765625 0.2328125 0.2359375
6 0.5171875 0.81640625 0.27265625 0.19296875
6 0.8125 0.66015625 0.25 0.1734375
6 0.8125 0.8703125 0.19609375 0.1875
6 0.80390625 0.95703125 0.2078125 0.0859375
6 0.965625 0.89921875 0.0640625 0.20078125
6 0.50625 0.95078125 0.20625 0.0984375
6 0.3046875 0.9703125 0.17890625 0.059375
6 0.02890625 0.88515625 0.0578125 0.2296875