1 0.4698206018518518 0.49854166666666666 0.4369965277777778 0.40057291666666667
6 0.8044907407407408 0.6285243055555555 0.26374421296296297 0.2611458333333333
6 0.36690972222222223 0.8220659722222223 0.2462962962962963 0.22529513888888886
6 0.13982060185185186 0.9208854166666667 0.26146990740740744 0.15822916666666664
6 0.15982060185185185 0.6327604166666667 0.25211805555555555 0.24737847222222237
6 0.053508391203703695 0.49265625 0.10701678240740739 0.23140625000000004
6 0.06501157407407407 0.24286458333333333 0.13002314814814814 0.2576041666666667
6 0.2552025462962963 0.19770833333333332 0.2608449074074074 0.23529513888888892
6 0.48173611111111114 0.11772569444444445 0.2482060185185185 0.20199652777777782
6 0.2739178240740741 0.04819444444444444 0.2794675925925926 0.08335069444444444
6 0.7658564814814814 0.3315972222222222 0.22952546296296283 0.21753472222222214
6 0.7643229166666667 0.21015625 0.23797453703703705 0.24519097222222222
6 0.9324074074074072 0.26069444444444445 0.12460069444444458 0.2534027777777778
6 0.9215335648148149 0.5006076388888889 0.12079861111111115 0.22517361111111106
6 0.9299942129629629 0.8055902777777778 0.07170138888888893 0.22532986111111092
6 0.7925231481481482 0.8792274305555555 0.25132523148148156 0.241545138888889
6 0.5594618055555556 0.9130034722222222 0.26325231481481487 0.17399305555555564
6 0.9031770833333332 0.05423611111111111 0.19364583333333343 0.03666666666666667