1 0.51171875 0.58671875 0.396875 0.42890625
6 0.15546875 0.38203125 0.2265625 0.21484375
6 0.109375 0.6078125 0.165625 0.2140625
6 0.10078125 0.25625 0.20078125 0.18515625
6 0.07890625 0.07421875 0.1578125 0.1484375
6 0.46796875 0.1796875 0.196875 0.26796875
6 0.690625 0.21875 0.23046875 0.21015625
6 0.9265625 0.3484375 0.146875 0.2140625
6 0.8953125 0.5609375 0.209375 0.24296875
6 0.8296875 0.73828125 0.25546875 0.2625
6 0.4921875 0.9546875 0.25625 0.090625
6 0.7171875 0.05625 0.26171875 0.1125
6 0.9625 0.11171875 0.075 0.2203125
6 0.39296875 0.01484375 0.1640625 0.0296875