1 0.43125 0.5459895833333333 0.5201215277777778 0.5413541666666667
6 0.9152994791666668 0.8137847222222222 0.16940104166666642 0.20741319444444456
6 0.9408506944444444 0.9511979166666666 0.11829861111111128 0.09760416666666671
6 0.7752083333333333 0.8516145833333333 0.1921875 0.25439236111111113
6 0.5788020833333334 0.8639583333333334 0.24536458333333327 0.22397569444444443
6 0.40098958333333334 0.9296788194444445 0.2026215277777778 0.14064236111111086
6 0.6841319444444445 0.9855902777777779 0.23243055555555542 0.028819444444444287
6 0.10798611111111112 0.8906423611111112 0.18118055555555554 0.21565972222222243
6 0.23633680555555556 0.7308854166666666 0.1893229166666667 0.19572916666666665
6 0.12581597222222224 0.6744618055555556 0.1972395833333333 0.2358854166666667
6 0.029652777777777778 0.7373090277777778 0.03131944444444444 0.21524305555555562
6 0.11659722222222224 0.4352256944444445 0.2184201388888889 0.24072916666666658
6 0.20864583333333334 0.3628298611111111 0.21246527777777774 0.21861111111111117
6 0.06559027777777778 0.24720486111111112 0.1251215277777778 0.25687499999999996
6 0.36029513888888887 0.19786458333333334 0.2352256944444444 0.2594270833333333
6 0.8143923611111111 0.2617534722222222 0.23722222222222236 0.20878472222222227
6 0.9272178819444445 0.5644444444444444 0.145564236111111 0.23265625000000015
6 0.9241796875 0.42843749999999997 0.15164062499999992 0.22654513888888897
6 0.94765625 0.14289930555555558 0.1046875 0.2062152777777778
6 0.7701388888888889 0.09666666666666665 0.2777604166666666 0.13644097222222223