1 0.44125 0.5426388888888889 0.3817708333333332 0.3779282407407408
6 0.20427083333333335 0.3108449074074074 0.24437499999999995 0.2322222222222222
6 0.07328124999999999 0.5803587962962963 0.14656249999999998 0.2607175925925926
6 0.6915625000000001 0.7155439814814816 0.28453124999999985 0.22729745370370366
6 0.6368750000000001 0.9031481481481481 0.26020833333333326 0.19370370370370366
6 0.31859375000000006 0.98265625 0.1798958333333333 0.03468750000000007
6 0.42437500000000006 0.10196759259259261 0.25588541666666664 0.1713136574074074
6 0.21213541666666663 0.01648726851851852 0.1319791666666667 0.01774305555555556
6 0.06514322916666668 0.14793402777777778 0.13028645833333335 0.26696180555555554
6 0.0732421875 0.09208912037037037 0.146484375 0.1841377314814815
6 0.9334895833333334 0.10876736111111111 0.13302083333333314 0.1267939814814815
6 0.8943229166666666 0.5786747685185185 0.153125 0.19479166666666678
6 0.9275 0.5043518518518518 0.09812499999999993 0.21062500000000012
6 0.8002083333333333 0.9777965856481481 0.20713541666666657 0.044406828703703737