1 0.47015046296296303 0.4784259259259259 0.5418634259259261 0.5294444444444444
6 0.9241999421296295 0.23863425925925927 0.1516001157407409 0.20313078703703705
6 0.9439568865740741 0.08116898148148148 0.11208622685185184 0.13524884259259257
6 0.7927256944444444 0.19205439814814815 0.20217592592592587 0.2504340277777778
6 0.5930381944444444 0.16802083333333334 0.2549189814814815 0.218431712962963
6 0.40761574074074075 0.08175347222222222 0.2089351851851852 0.15374421296296298
6 0.6882002314814815 0.035173611111111114 0.23494791666666667 0.05265625
6 0.10643518518518517 0.11007523148148149 0.2052835648148148 0.2106712962962963
6 0.2586226851851852 0.280931712962963 0.1970949074074074 0.1910358796296296
6 0.15156828703703704 0.3316435185185186 0.20648726851851854 0.23098379629629626
6 0.03894675925925926 0.2620659722222222 0.05960648148148149 0.21553819444444447
6 0.15171875 0.5712789351851851 0.24895254629629632 0.2362962962962964
6 0.2610358796296296 0.6509548611111111 0.22104745370370366 0.21324652777777792
6 0.11600115740740742 0.7588657407407408 0.15718749999999998 0.25523148148148156
6 0.42747106481481484 0.825144675925926 0.24611111111111103 0.2542071759259258
6 0.8788237847222222 0.7881423611111111 0.24235243055555564 0.20267939814814806
6 0.9459201388888889 0.49041666666666667 0.10815972222222214 0.22848379629629623
6 0.9486848958333333 0.6271122685185185 0.10263020833333343 0.2230497685185185
6 0.9838599537037037 0.9068171296296296 0.03228009259259253 0.18636574074074092
6 0.8493981481481481 0.9439178240740741 0.2837847222222223 0.11216435185185177