1 0.5198263888888889 0.5744791666666667 0.3681770833333333 0.38494791666666667
6 0.2618402777777778 0.3388541666666667 0.23616319444444445 0.23651041666666667
6 0.11645833333333333 0.6068749999999999 0.21187500000000004 0.2668749999999999
6 0.7866840277777778 0.7529687500000001 0.2766493055555557 0.23296875000000003
6 0.7497048611111111 0.9211848958333334 0.25126736111111114 0.15763020833333313
6 0.43680555555555556 0.9991666666666668 0.1770833333333334 0.001666666666666572
6 0.4644965277777778 0.12067708333333334 0.2508680555555555 0.19614583333333332
6 0.24409722222222224 0.031875 0.13194444444444448 0.04
6 0.08493055555555555 0.17104166666666668 0.16753472222222224 0.27249999999999996
6 0.09048611111111111 0.10510416666666667 0.1809548611111111 0.20942708333333332
6 0.9546875 0.1347395833333333 0.090625 0.1482291666666667
6 0.9519791666666666 0.6170312499999999 0.09604166666666672 0.1961458333333333
6 0.9791666666666667 0.5431250000000001 0.04166666666666643 0.2095833333333335
6 0.90890625 0.99765625 0.18218749999999986 0.0046875