1 0.5061631944444445 0.491875 0.36471064814814813 0.3681423611111111
6 0.3928993055555556 0.8574479166666666 0.20519097222222218 0.19668402777777771
6 0.8435011574074075 0.9214713541666667 0.24241319444444437 0.15705729166666665
6 0.9010300925925925 0.6889930555555555 0.18141203703703682 0.22583333333333327
6 0.8016261574074074 0.48828125 0.18233796296296312 0.18289930555555553
6 0.670150462962963 0.23684027777777777 0.2635011574074074 0.23156249999999998
6 0.10609953703703705 0.22352430555555552 0.20493055555555556 0.23182291666666668
6 0.06875 0.039809027777777777 0.1375 0.07961805555555555
6 0.9635185185185187 0.16364583333333332 0.07178240740740734 0.2062152777777778
6 0.923113425925926 0.042395833333333334 0.13502314814814795 0.04673611111111111
6 0.18525462962962963 0.4722395833333334 0.23636574074074074 0.24501736111111114
6 0.2207175925925926 0.7160763888888889 0.20276620370370368 0.19116319444444443
6 0.07890769675925927 0.8355208333333334 0.15781539351851853 0.247378472222222
6 0.29341435185185183 0.97421875 0.19458333333333339 0.0515625