1 0.4869791666666667 0.5366608796296296 0.47494212962962956 0.45434027777777786
6 0.22349537037037037 0.22650462962962964 0.22609953703703703 0.256712962962963
6 0.1302662037037037 0.45931712962962956 0.2269097222222222 0.2365162037037038
6 0.08310185185185184 0.6201099537037037 0.1662037037037037 0.25896990740740744
6 0.2516203703703704 0.7573784722222222 0.28582175925925923 0.18634259259259256
6 0.4948206018518519 0.8748842592592592 0.24166666666666678 0.23527199074074048
6 0.6260706018518519 0.9822844328703704 0.2683738425925927 0.035431134259259166
6 0.8834780092592591 0.9020182291666667 0.1780381944444443 0.19596354166666644
6 0.7391203703703704 0.7511863425925925 0.2370081018518519 0.27777777777777785
6 0.8946180555555555 0.6138599537037036 0.18003472222222214 0.27511574074074086
6 0.8787905092592592 0.3643518518518519 0.22789351851851833 0.24204282407407404
6 0.7351273148148147 0.37251157407407404 0.26791087962962956 0.22864583333333338
6 0.64140625 0.15326967592592594 0.2359375 0.22783564814814813
6 0.6894675925925926 0.08240740740740742 0.15856481481481488 0.0740740740740741
6 0.8914641203703704 0.14907407407407408 0.21707175925925917 0.18125
6 0.444994212962963 0.06273148148148149 0.25376157407407407 0.07800925925925925
6 0.04699797453703704 0.2466145833333333 0.09399594907407408 0.2533854166666666
6 0.0646412037037037 0.88515625 0.1292824074074074 0.2296875
6 0.26105324074074077 0.9102936921296297 0.2617766203703703 0.17941261574074047