1 0.50625 0.503125 0.38984375 0.42109375
6 0.265625 0.26796875 0.22734375 0.21640625
6 0.67578125 0.24140625 0.2328125 0.19453125
6 0.51953125 0.08359375 0.240625 0.16640625
6 0.0953125 0.0375 0.190625 0.075
6 0.16796875 0.646875 0.2171875 0.2046875
6 0.42734375 0.81953125 0.22734375 0.20859375
6 0.87734375 0.79765625 0.2171875 0.1890625
6 0.97109375 0.64765625 0.0578125 0.22265625
6 0.88359375 0.490625 0.1984375 0.2046875
6 0.75 0.94921875 0.24453125 0.1015625
6 0.51328125 0.971875 0.1828125 0.05625
6 0.28671875 0.94296875 0.2390625 0.1140625
6 0.0671875 0.80859375 0.134375 0.2109375