1 0.46359374999999997 0.5360243055555556 0.42302083333333335 0.456568287037037
6 0.7224479166666666 0.31574074074074077 0.2443229166666665 0.23654513888888892
6 0.30942708333333335 0.25766782407407407 0.24828125000000006 0.2142939814814815
6 0.4791666666666667 0.11400462962962962 0.2549479166666666 0.17436342592592596
6 0.9064583333333334 0.09933449074074076 0.18708333333333335 0.07760416666666667
6 0.7953125 0.7066261574074074 0.2333854166666665 0.22407407407407404
6 0.5219270833333333 0.8622395833333334 0.24380208333333328 0.22873263888888892
6 0.092421875 0.8066840277777778 0.18484375 0.20766782407407405
6 0.010442708333333333 0.6458333333333334 0.020885416666666667 0.2307291666666668
6 0.0948828125 0.49444444444444446 0.189765625 0.22268518518518512
6 0.18671875 0.95390625 0.2536458333333333 0.0921875
6 0.4241666666666667 0.9881221064814815 0.18869791666666663 0.023755787037037023
6 0.6567187499999999 0.9643518518518519 0.24989583333333343 0.07129629629629619
6 0.8829166666666666 0.8764178240740741 0.14072916666666657 0.221875