1 0.49515624999999996 0.5142187500000001 0.40881944444444435 0.4438599537037037
6 0.2544270833333333 0.2655208333333333 0.23774305555555558 0.22877314814814814
6 0.6745659722222223 0.2506076388888889 0.2427083333333334 0.2062789351851852
6 0.5170486111111112 0.09193287037037037 0.25026041666666676 0.15965856481481483
6 0.090625 0.032372685185185185 0.18125 0.06474537037037037
6 0.1457986111111111 0.6508391203703704 0.2265451388888889 0.21673032407407397
6 0.4074826388888889 0.8360532407407408 0.2375694444444445 0.22096064814814795
6 0.867361111111111 0.8270081018518518 0.22618055555555544 0.20032407407407432
6 0.9614409722222224 0.674224537037037 0.05352430555555543 0.23034143518518527
6 0.881388888888889 0.5123726851851852 0.20779513888888915 0.21617476851851852
6 0.7335416666666668 0.9608912037037036 0.2521527777777777 0.07821759259259267
6 0.4923784722222222 0.9822034143518519 0.18855902777777783 0.035593171296296335
6 0.26026041666666666 0.9470818865740741 0.24697916666666667 0.10583622685185183
6 0.05468315972222222 0.8127893518518519 0.10936631944444444 0.21854745370370382