1 0.50546875 0.49765625 0.4421875 0.40546875
6 0.2421875 0.21875 0.209375 0.23203125
6 0.1609375 0.4484375 0.21015625 0.2125
6 0.1 0.61015625 0.2 0.2359375
6 0.2875 0.7265625 0.26875 0.16015625
6 0.525 0.82265625 0.225 0.21015625
6 0.65625 0.9546875 0.253125 0.090625
6 0.9125 0.9671875 0.175 0.065625
6 0.909375 0.83515625 0.18125 0.20078125
6 0.7546875 0.6859375 0.21796875 0.2515625
6 0.90859375 0.5453125 0.1828125 0.253125
6 0.88515625 0.3046875 0.2296875 0.215625
6 0.7375 0.32265625 0.25 0.20234375
6 0.6421875 0.11640625 0.21796875 0.20703125
6 0.6828125 0.0390625 0.15 0.078125
6 0.8890625 0.08828125 0.221875 0.1765625
6 0.45 0.0375 0.2421875 0.075
6 0.05703125 0.25078125 0.1140625 0.23671875
6 0.08671875 0.88125 0.1734375 0.2375
6 0.30390625 0.8984375 0.24609375 0.20234375