1 0.50390625 0.52578125 0.41796875 0.4515625
6 0.29296875 0.6828125 0.23125 0.2296875
6 0.7921875 0.6328125 0.21171875 0.24765625
6 0.95859375 0.603125 0.0828125 0.21875
6 0.89609375 0.8484375 0.2078125 0.23984375
6 0.290625 0.89921875 0.27109375 0.1984375
6 0.0421875 0.83828125 0.084375 0.246875
6 0.1140625 0.5625 0.2234375 0.24765625
6 0.0859375 0.35390625 0.171875 0.1859375
6 0.2734375 0.209375 0.26953125 0.1875
6 0.42421875 0.05078125 0.2328125 0.1015625
6 0.82109375 0.03203125 0.21015625 0.0640625
6 0.1484375 0.0515625 0.240625 0.103125
6 0.978125 0.09609375 0.040625 0.1921875