1 0.4878472222222222 0.46687500000000004 0.4272280092592592 0.42210069444444437
6 0.18275462962962963 0.7063425925925927 0.2700231481481482 0.23972800925925916
6 0.39079861111111114 0.8351099537037037 0.24852430555555563 0.26963541666666657
6 0.6775462962962963 0.7541956018518519 0.2686631944444445 0.22405671296296284
6 0.9138599537037037 0.6669155092592594 0.1265625 0.21797453703703695
6 0.8600694444444444 0.4565104166666667 0.251099537037037 0.27602430555555557
6 0.9648148148148149 0.2593171296296296 0.05564236111111143 0.23949652777777777
6 0.75 0.22917245370370373 0.253125 0.24652199074074072
6 0.5300347222222223 0.10501157407407406 0.25555555555555554 0.21002314814814813
6 0.2219039351851852 0.1965451388888889 0.297511574074074 0.22420717592592593
6 0.07794415509259259 0.42473379629629626 0.15588831018518517 0.28017361111111116
6 0.06539351851851852 0.8757465277777777 0.13078703703703703 0.2266319444444445
6 0.794212962962963 0.8875983796296296 0.290625 0.14350694444444442
6 0.25995370370370374 0.9582349537037036 0.11038773148148148 0.05487268518518533