1 0.50625 0.503125 0.4125 0.39765625
6 0.209375 0.28125 0.26171875 0.22421875
6 0.42265625 0.13984375 0.2390625 0.25546875
6 0.70703125 0.20390625 0.2609375 0.20859375
6 0.940625 0.27734375 0.11875 0.2109375
6 0.87890625 0.49140625 0.24140625 0.26171875
6 0.9765625 0.6828125 0.046875 0.23671875
6 0.76015625 0.72578125 0.24453125 0.23203125
6 0.534375 0.8828125 0.246875 0.234375
6 0.2296875 0.78984375 0.28984375 0.20703125
6 0.08359375 0.5703125 0.16640625 0.2703125
6 0.0796875 0.11953125 0.159375 0.2171875
6 0.82890625 0.06328125 0.2859375 0.1265625
6 0.29609375 0.02421875 0.10859375 0.0484375