1 0.4802546296296296 0.49387152777777776 0.4584722222222222 0.4389409722222222
6 0.1775636574074074 0.27348958333333334 0.28961805555555553 0.24904513888888893
6 0.41104166666666664 0.12711805555555555 0.26697916666666666 0.2542361111111111
6 0.7091203703703703 0.16880208333333332 0.28720486111111115 0.23256944444444444
6 0.9371817129629629 0.23505208333333333 0.10850115740740733 0.22852430555555553
6 0.8605497685185185 0.4652777777777778 0.2408622685185186 0.28585069444444444
6 0.9532233796296297 0.6622569444444444 0.03327546296296298 0.2509027777777778
6 0.7360300925925927 0.7171180555555555 0.2720949074074074 0.25684027777777774
6 0.4902141203703704 0.8730208333333334 0.27241319444444445 0.21788194444444428
6 0.1708275462962963 0.8092708333333333 0.3183738425925926 0.23239583333333336
6 0.061902488425925925 0.5842361111111111 0.12380497685185185 0.2916840277777778
6 0.06875 0.11171875 0.1375 0.2234375
6 0.8453587962962963 0.04388888888888889 0.3092824074074073 0.08777777777777777
6 0.2819212962962963 0.0121875 0.1174074074074074 0.024375