1 0.45182291666666663 0.44638888888888884 0.46288773148148155 0.47763888888888884
6 0.6802025462962964 0.27902777777777776 0.2547453703703704 0.24362847222222223
6 0.15761574074074075 0.3421354166666667 0.23554398148148148 0.2619270833333333
6 0.017083333333333332 0.3791319444444444 0.034166666666666665 0.2261111111111111
6 0.0896484375 0.12421440972222222 0.179296875 0.24842881944444445
6 0.6971585648148148 0.08107638888888888 0.29391782407407413 0.16215277777777776
6 0.9498495370370371 0.12126736111111111 0.09882523148148152 0.24253472222222222
6 0.8594675925925925 0.40065972222222224 0.24648148148148152 0.2621701388888889
6 0.8755034722222221 0.6172048611111112 0.18496527777777771 0.1983854166666667
6 0.6713946759259259 0.7699826388888888 0.29199652777777774 0.2007638888888888
6 0.5070775462962963 0.9359201388888888 0.249079861111111 0.10852430555555585
6 0.10210503472222224 0.9654166666666667 0.20421006944444448 0.06737847222222229
6 0.7922337962962963 0.9295833333333332 0.257673611111111 0.10871527777777779