1 0.49921875 0.50703125 0.46171875 0.41328125
6 0.3234375 0.19609375 0.25 0.23203125
6 0.440625 0.11640625 0.2625 0.2328125
6 0.8203125 0.26953125 0.2171875 0.21875
6 0.89765625 0.4734375 0.1921875 0.28046875
6 0.89765625 0.74609375 0.19453125 0.24921875
6 0.70234375 0.74609375 0.20078125 0.22265625
6 0.76328125 0.91640625 0.23046875 0.1671875
6 0.53203125 0.94921875 0.21953125 0.1015625
6 0.35546875 0.81484375 0.25390625 0.2703125
6 0.08671875 0.7515625 0.1734375 0.2703125
6 0.1234375 0.6765625 0.23125 0.25546875
6 0.1015625 0.04140625 0.203125 0.0828125
6 0.80859375 0.05234375 0.27109375 0.1046875
6 0.95546875 0.1109375 0.08828125 0.221875
5 0.74375 0.1375 0.12578125 0.07890625
5 0.08671875 0.33828125 0.0671875 0.05234375