1 0.4792071759259259 0.4727141203703704 0.488900462962963 0.4360532407407408
6 0.2854976851851852 0.7949074074074074 0.2653182870370371 0.24453125
6 0.3994155092592592 0.8686631944444445 0.2790567129629629 0.23880208333333322
6 0.7917303240740742 0.7013020833333334 0.23103587962962954 0.23000578703703703
6 0.8773032407407406 0.49461805555555555 0.20541087962962976 0.29221643518518514
6 0.891724537037037 0.21649305555555554 0.20379050925925918 0.2609664351851852
6 0.6972743055555555 0.22213541666666664 0.2148321759259259 0.23330439814814818
6 0.7668807870370371 0.0689308449074074 0.2411979166666665 0.1378616898148148
6 0.5358101851851852 0.03974247685185185 0.22681712962962966 0.0794849537037037
6 0.35083912037037035 0.16634837962962962 0.27125000000000005 0.28373842592592596
6 0.08473524305555555 0.24050925925925926 0.1694704861111111 0.2807002314814815
6 0.116171875 0.3149016203703704 0.23234375 0.2680555555555556
6 0.07844328703703704 0.9571469907407408 0.15688657407407408 0.08570601851851833
6 0.7679282407407407 0.9197337962962961 0.2801851851851852 0.11018518518518547
6 0.9139351851851852 0.8558449074074075 0.09094907407407433 0.22013888888888894
5 0.7074594907407408 0.8377604166666666 0.13147569444444435 0.08440393518518512
5 0.053148148148148146 0.6592592592592592 0.07072337962962964 0.05564236111111107