1 0.46843749999999995 0.4737789351851852 0.46972222222222226 0.46708333333333324
6 0.8805208333333333 0.21623842592592593 0.22604166666666678 0.24555555555555558
6 0.7033159722222223 0.09506510416666666 0.21694444444444444 0.19013020833333333
6 0.34951388888888885 0.16816550925925927 0.22407986111111117 0.21895254629629632
6 0.2034375 0.09345775462962963 0.23564236111111114 0.18691550925925926
6 0.10354166666666667 0.38541087962962967 0.20708333333333334 0.1983564814814814
6 0.1661284722222222 0.6991261574074075 0.29296875 0.2256423611111112
6 0.014071180555555554 0.6915509259259259 0.028142361111111108 0.1942418981481481
6 0.055499131944444446 0.930486111111111 0.11099826388888889 0.13898726851851856
6 0.23717013888888888 0.9596759259259258 0.22963541666666662 0.06335069444444415
6 0.4811111111111111 0.8901273148148148 0.2800173611111111 0.17976273148148145
6 0.4574305555555556 0.8968113425925927 0.23418402777777772 0.1656944444444445
6 0.7299131944444445 0.886579861111111 0.18934027777777782 0.15635416666666657
6 0.7474131944444444 0.7383564814814815 0.19890624999999992 0.21374999999999994
6 0.8331944444444443 0.6146527777777777 0.1795659722222222 0.19949652777777765
6 0.9013541666666667 0.5892939814814815 0.15052083333333321 0.22994791666666678
6 0.9269444444444443 0.8202430555555555 0.07673611111111107 0.1832523148148148
6 0.909982638888889 0.9388194444444444 0.09319444444444436 0.027436342592592665
6 0.5276041666666667 0.03626157407407407 0.2447916666666668 0.07252314814814814
6 0.08671875 0.0515625 0.1734375 0.103125