1 0.4953125 0.4890625 0.43515625 0.42734375
6 0.10546875 0.26171875 0.2109375 0.2265625
6 0.284375 0.12265625 0.20078125 0.1984375
6 0.6234375 0.18828125 0.2078125 0.20078125
6 0.76875 0.103125 0.21953125 0.1796875
6 0.8578125 0.3859375 0.20234375 0.18125
6 0.778125 0.6921875 0.2734375 0.203125
6 0.95859375 0.6765625 0.0828125 0.184375
6 0.91328125 0.9234375 0.1734375 0.15234375
6 0.69765625 0.9609375 0.2203125 0.078125
6 0.465625 0.90625 0.2640625 0.1875
6 0.4890625 0.9125 0.21953125 0.175
6 0.22578125 0.9171875 0.17890625 0.165625
6 0.21328125 0.759375 0.18359375 0.196875
6 0.1359375 0.64375 0.165625 0.18359375
6 0.06953125 0.6234375 0.1390625 0.2140625
6 0.0359375 0.8484375 0.07109375 0.171875
6 0.04609375 0.975 0.09140625 0.04921875
6 0.203125 0.021875 0.22890625 0.04296875
6 0.46015625 0.05 0.2328125 0.1
6 0.9015625 0.05390625 0.196875 0.1078125