1 0.524079861111111 0.46673611111111113 0.3526736111111111 0.3914930555555555
6 0.18394097222222222 0.4928125 0.24567708333333335 0.24717013888888886
6 0.18307291666666667 0.3323784722222222 0.19852430555555559 0.23883680555555548
6 0.5318576388888889 0.14857638888888888 0.2644965277777779 0.24956597222222218
6 0.7527256944444445 0.25696180555555553 0.21661458333333333 0.22482638888888892
6 0.8848003472222222 0.3703819444444444 0.2303993055555555 0.26381944444444444
6 0.9603428819444446 0.553125 0.07931423611111085 0.21151041666666667
6 0.9071180555555556 0.8667361111111112 0.18576388888888892 0.19736111111111115
6 0.07796875 0.11630208333333333 0.1544097222222222 0.2111458333333333
6 0.16836805555555556 0.024878472222222222 0.18517361111111114 0.049756944444444444
6 0.6503993055555556 0.014635416666666668 0.2273611111111112 0.029270833333333336
6 0.06999999999999999 0.8704861111111111 0.07116319444444445 0.21524305555555542
6 0.16545138888888888 0.9398263888888888 0.25170138888888893 0.11956597222222243