1 0.5 0.52109375 0.42890625 0.39453125
5 0.3453125 0.8890625 0.09765625 0.10078125
6 0.4484375 0.9390625 0.26171875 0.12109375
6 0.77265625 0.846875 0.28828125 0.21484375
6 0.84609375 0.971875 0.2328125 0.05625
6 0.83828125 0.553125 0.21171875 0.23515625
6 0.890625 0.26640625 0.21796875 0.19921875
6 0.9484375 0.4546875 0.103125 0.2203125
6 0.96953125 0.125 0.0609375 0.1625
6 0.875 0.0390625 0.25 0.078125
6 0.540625 0.2078125 0.2234375 0.1953125
6 0.62109375 0.0609375 0.225 0.12109375
6 0.41328125 0.059375 0.1953125 0.11875
6 0.27421875 0.34296875 0.2046875 0.19296875
6 0.08359375 0.28046875 0.16640625 0.19296875
6 0.0921875 0.62578125 0.17890625 0.19140625
6 0.27890625 0.73828125 0.20390625 0.19296875
6 0.05390625 0.875 0.1078125 0.23125