1 0.48201388888888896 0.43530671296296297 0.4503703703703703 0.450162037037037
5 0.33862847222222225 0.7651851851851852 0.07673611111111107 0.08575810185185198
5 0.15288773148148146 0.6400752314814815 0.09365162037037038 0.09520254629629629
5 0.19860532407407408 0.44688657407407406 0.06831597222222223 0.06195601851851862
6 0.8413773148148149 0.5482986111111111 0.26067129629629626 0.245613425925926
6 0.8136689814814815 0.3324363425925926 0.2392534722222223 0.23905092592592592
6 0.895954861111111 0.08694010416666667 0.207309027777778 0.17388020833333334
6 0.39910300925925923 0.04716290509259259 0.2307002314814815 0.09432581018518518
6 0.15322337962962962 0.08941984953703704 0.23495949074074077 0.17883969907407407
6 0.16986111111111113 0.28793402777777777 0.23310185185185187 0.25353009259259257
6 0.02483796296296296 0.20947916666666666 0.04967592592592592 0.2029166666666667
6 0.006315104166666667 0.36094907407407406 0.012630208333333334 0.16243634259259263
6 0.09738715277777778 0.49042245370370363 0.19477430555555555 0.22063657407407397
6 0.057113715277777775 0.7070081018518518 0.11422743055555555 0.18281828703703695
6 0.09818287037037036 0.9458622685185185 0.19636574074074073 0.10749421296296298
6 0.6499189814814814 0.887679398148148 0.2621064814814815 0.16468750000000015
6 0.8510590277777779 0.7923553240740742 0.21196180555555558 0.25165509259259267
6 0.929045138888889 0.8957928240740742 0.035202546296296336 0.1077488425925928