1 0.5082291666666666 0.46673032407407405 0.5177604166666667 0.4917418981481482
5 0.39791666666666664 0.9237442129629629 0.1255208333333333 0.12847222222222215
5 0.224375 0.7440393518518519 0.06385416666666668 0.06894675925925924
6 0.7946354166666667 0.7147511574074074 0.2903124999999999 0.2612268518518519
6 0.91953125 0.5908564814814815 0.1036979166666665 0.26895254629629617
6 0.8123958333333334 0.31918402777777777 0.21802083333333327 0.21776041666666668
6 0.9457812499999999 0.2792997685185185 0.08927083333333315 0.21628472222222223
6 0.82203125 0.4682002314814815 0.18453124999999987 0.21832754629629622
6 0.7471875 0.1113773148148148 0.24546875000000004 0.1850462962962963
6 0.9701041666666667 0.07884259259259259 0.05973958333333336 0.10079282407407408
6 0.5354166666666667 0.04717592592592593 0.23541666666666677 0.06935185185185186
6 0.4135416666666667 0.14924189814814814 0.24536458333333327 0.21857060185185184
6 0.14020833333333332 0.0926099537037037 0.2633333333333333 0.1840162037037037
6 0.20875 0.29738425925925926 0.23781249999999998 0.23394097222222224
6 0.07404947916666667 0.44234375000000004 0.14809895833333334 0.2651562500000001
6 0.17515624999999999 0.6134201388888889 0.23083333333333336 0.21112268518518515
6 0.07541666666666666 0.88046875 0.15083333333333332 0.2390625
6 0.36124999999999996 0.7927141203703704 0.28088541666666667 0.22508101851851842
6 0.565625 0.945162037037037 0.2302083333333334 0.10967592592592582
6 0.6619270833333333 0.9316435185185185 0.24390625000000005 0.13671296296296304
6 0.8706250000000001 0.9104108796296296 0.15270833333333336 0.17917824074074068
6 0.8528645833333334 0.977204861111111 0.1703125 0.045590277777778