1 0.47228009259259257 0.5630208333333334 0.44296875 0.44403356481481493
6 0.4253472222222222 0.2028703703703704 0.2471354166666666 0.23036458333333334
6 0.23093171296296297 0.33759837962962963 0.24699074074074073 0.22645833333333343
6 0.06857638888888888 0.2661863425925926 0.13715277777777776 0.2604976851851852
6 0.13113425925925926 0.5805555555555555 0.23292824074074076 0.2257291666666667
6 0.24192708333333335 0.801556712962963 0.28758680555555555 0.22778356481481482
6 0.39152199074074073 0.9323119212962963 0.2930555555555555 0.1353761574074074
6 0.08248697916666667 0.9095703125 0.16497395833333334 0.180859375
6 0.5972800925925925 0.9739814814814813 0.15688657407407405 0.052037037037037236
6 0.673119212962963 0.9736111111111111 0.2015625 0.052777777777777854
6 0.6993344907407406 0.8150983796296296 0.22809606481481487 0.24263310185185177
6 0.9327546296296296 0.9057436342592592 0.07795138888888893 0.18851273148148168
6 0.9053530092592592 0.8743113425925927 0.13463541666666642 0.2034780092592591
6 0.9301215277777779 0.4380381944444444 0.11770833333333357 0.20961805555555557
6 0.783275462962963 0.5141782407407407 0.20260416666666678 0.2280555555555555
6 0.8649305555555555 0.21157407407407408 0.2297164351851851 0.24427662037037035
6 0.7650462962962964 0.07645833333333334 0.20894097222222213 0.08335069444444443
6 0.5304976851851851 0.06899305555555556 0.22337962962962976 0.09423611111111112
6 0.2306134259259259 0.11371527777777776 0.22936921296296298 0.21384837962962963
6 0.8757233796296295 0.9940769675925927 0.1278356481481481 0.011846064814814738