1 0.5109375 0.52265625 0.45625 0.45
5 0.4359375 0.090625 0.11015625 0.11796875
5 0.26171875 0.2546875 0.05546875 0.06328125
6 0.7953125 0.29765625 0.25625 0.2390625
6 0.93203125 0.41796875 0.1359375 0.2484375
6 0.78671875 0.6703125 0.1921875 0.19921875
6 0.93671875 0.7140625 0.121875 0.20078125
6 0.8046875 0.53046875 0.16015625 0.20078125
6 0.71328125 0.884375 0.21796875 0.2046875
6 0.94765625 0.92734375 0.1046875 0.14453125
6 0.5125 0.94609375 0.21796875 0.1078125
6 0.40234375 0.81875 0.2171875 0.19921875
6 0.14453125 0.8859375 0.23828125 0.203125
6 0.21953125 0.6734375 0.209375 0.2140625
6 0.0828125 0.53359375 0.165625 0.2453125
6 0.2078125 0.37578125 0.20390625 0.19296875
6 0.096875 0.115625 0.19375 0.23125
6 0.39375 0.2125 0.25 0.2046875
6 0.596875 0.06328125 0.2078125 0.12578125
6 0.68515625 0.07578125 0.2203125 0.1515625
6 0.90703125 0.1 0.1828125 0.2
6 0.87890625 0.0359375 0.17890625 0.071875