1 0.535613425925926 0.47177083333333336 0.4226446759259259 0.4296354166666667
6 0.19409722222222223 0.5700000000000001 0.23557291666666663 0.27237847222222217
5 0.14122685185185185 0.39458333333333334 0.08883101851851852 0.07618055555555552
5 0.8346527777777777 0.22993055555555558 0.04749421296296319 0.0846354166666666
6 0.8507060185185186 0.39288194444444446 0.2110185185185184 0.22652777777777774
6 0.8065277777777778 0.6525000000000001 0.2618171296296296 0.23000000000000007
6 0.710474537037037 0.8710763888888888 0.25949074074074086 0.23229166666666642
6 0.9278298611111111 0.9403993055555556 0.14434027777777772 0.08069444444444471
6 0.12089120370370372 0.8138541666666667 0.23147569444444444 0.24651041666666665
6 0.029033564814814818 0.5439756944444445 0.05077546296296296 0.21125000000000008
6 0.06553240740740741 0.19701388888888888 0.13016782407407407 0.2786284722222222
6 0.09867476851851852 0.03203125 0.19734953703703703 0.0640625
6 0.41261574074074076 0.012335069444444444 0.23304398148148148 0.024670138888888887
6 0.6530150462962963 0.08478298611111111 0.2544675925925926 0.16956597222222222
6 0.8890972222222222 0.09369791666666667 0.2218055555555555 0.18739583333333334
6 0.9670240162037036 0.2488368055555555 0.06595196759259281 0.2085243055555555
6 0.28686342592592595 0.22413194444444445 0.27060763888888884 0.25675347222222217