1 0.496875 0.54375 0.40625 0.4109375
5 0.61484375 0.23359375 0.06875 0.07890625
5 0.8 0.36328125 0.084375 0.08671875
5 0.76796875 0.54609375 0.0625 0.05625
6 0.14609375 0.41875 0.2390625 0.221875
6 0.184375 0.62578125 0.215625 0.21796875
6 0.1078125 0.890625 0.21328125 0.21796875
6 0.5984375 0.940625 0.2140625 0.11875
6 0.83203125 0.90625 0.2140625 0.1875
6 0.80390625 0.70078125 0.209375 0.23203125
6 0.96484375 0.784375 0.0703125 0.19375
6 0.978125 0.640625 0.04375 0.153125
6 0.87890625 0.5109375 0.2078125 0.20078125
6 0.915625 0.30546875 0.15078125 0.1703125
6 0.86953125 0.059375 0.25 0.11875
6 0.3109375 0.0875 0.24375 0.17421875
6 0.1125 0.1828125 0.21171875 0.2296875
6 0.028125 0.06484375 0.05546875 0.1296875
6 0.98359375 0.1578125 0.0328125 0.13515625