1 0.5046875 0.53359375 0.425 0.41875
6 0.56484375 0.17890625 0.23828125 0.21640625
6 0.75234375 0.32265625 0.23828125 0.2125
6 0.92734375 0.2609375 0.1453125 0.2515625
6 0.84296875 0.56796875 0.2234375 0.2125
6 0.725 0.78125 0.278125 0.2109375
6 0.57109375 0.92109375 0.2859375 0.1578125
6 0.9 0.90625 0.2 0.1875
6 0.3671875 0.95625 0.1546875 0.08671875
6 0.28984375 0.9546875 0.1953125 0.090625
6 0.2703125 0.7703125 0.21796875 0.2296875
6 0.03515625 0.859375 0.0703125 0.2046875
6 0.06328125 0.81953125 0.1265625 0.1953125
6 0.0546875 0.38515625 0.109375 0.2015625
6 0.1984375 0.46875 0.19296875 0.21640625
6 0.128125 0.165625 0.21953125 0.23125
6 0.23203125 0.0359375 0.2046875 0.071875
6 0.46640625 0.04140625 0.21796875 0.0828125
6 0.76015625 0.1 0.2203125 0.2
6 0.0875 0.96796875 0.125 0.06328125