1 0.5465567129629629 0.5313368055555555 0.4531828703703704 0.43828125
6 0.20951967592592596 0.6092303240740741 0.25506365740740744 0.27745949074074083
5 0.14409722222222224 0.4307291666666667 0.0945601851851852 0.07751736111111107
5 0.8321469907407408 0.3058449074074074 0.05384837962962976 0.08535879629629628
6 0.8591435185185186 0.47045717592592595 0.2266493055555557 0.23043981481481488
6 0.8315393518518519 0.7288773148148149 0.278443287037037 0.23547453703703702
6 0.7495949074074074 0.9117983217592591 0.2747395833333332 0.17640335648148167
6 0.9486400462962962 0.992650462962963 0.10271990740740762 0.014699074074074048
6 0.16507523148148148 0.8506655092592592 0.2226851851851852 0.25054976851851835
6 0.05419560185185186 0.5738715277777777 0.0390625 0.21180555555555552
6 0.06756365740740741 0.22844328703703703 0.12216435185185186 0.281886574074074
6 0.08929398148148147 0.04849537037037037 0.17858796296296295 0.09699074074074074
6 0.3912037037037037 0.04331597222222222 0.23787615740740745 0.06646412037037037
6 0.6381655092592593 0.12725694444444444 0.2700810185185185 0.21724537037037037
6 0.8805700231481481 0.16440972222222222 0.2388599537037038 0.2038773148148148
6 0.9634259259259259 0.33307291666666666 0.0731481481481481 0.21105324074074075
6 0.27925347222222224 0.2674479166666667 0.28894675925925917 0.26157407407407407