1 0.5238715277777778 0.4696180555555555 0.50390625 0.47449652777777784
5 0.6342592592592593 0.9139930555555555 0.12230902777777786 0.12439236111111107
5 0.8006655092592592 0.7412673611111111 0.061834490740740475 0.06611111111111115
6 0.24965277777777778 0.708125 0.2822916666666667 0.2519618055555556
6 0.10703125 0.58921875 0.14577546296296298 0.2621874999999999
6 0.22983217592592595 0.3243402777777778 0.21287615740740745 0.20986111111111114
6 0.07815393518518518 0.2838888888888889 0.12939814814814815 0.2095659722222222
6 0.22173032407407406 0.4685069444444444 0.1801793981481481 0.21069444444444443
6 0.28845486111111107 0.10476996527777778 0.23984375 0.20953993055555556
6 0.052806712962962965 0.06953125 0.10561342592592593 0.1390625
6 0.49288194444444444 0.04736111111111111 0.22951388888888893 0.09472222222222222
6 0.6138020833333334 0.16243055555555558 0.23865740740740726 0.21043402777777778
6 0.8717375578703704 0.09720920138888889 0.2565248842592592 0.19441840277777778
6 0.8123553240740741 0.3074826388888889 0.23116319444444464 0.22508680555555555
6 0.9355830439814815 0.4498090277777778 0.12883391203703703 0.25654513888888886
6 0.8475983796296298 0.6142361111111111 0.2241319444444443 0.20387152777777792
6 0.9359664351851851 0.87046875 0.12806712962962977 0.22288194444444437
6 0.6686921296296295 0.7872395833333334 0.27265625 0.21664930555555556
6 0.4716435185185185 0.9371701388888889 0.22204861111111107 0.1125694444444445
6 0.3799768518518518 0.9251215277777778 0.23506944444444447 0.14093750000000008
6 0.15630787037037036 0.9058333333333334 0.19178240740740743 0.1883333333333333
6 0.1837673611111111 0.970173611111111 0.18680555555555553 0.05796874999999986