1 0.49821180555555555 0.4634201388888889 0.45758680555555564 0.4150405092592592
5 0.34500000000000003 0.08180555555555556 0.1046875 0.10622685185185185
6 0.4520659722222223 0.0462890625 0.27553819444444444 0.092578125
6 0.7909027777777778 0.12224537037037035 0.30654513888888885 0.2264525462962963
6 0.8692361111111111 0.010318287037037037 0.2451041666666665 0.020636574074074075
6 0.8536284722222224 0.42798032407407405 0.22654513888888914 0.24695023148148146
6 0.8844270833333333 0.7292650462962962 0.20225694444444428 0.2084953703703704
6 0.9497569444444445 0.5311574074074074 0.08166666666666664 0.23025462962962956
6 0.9640104166666668 0.8739641203703703 0.036562500000000143 0.16899305555555558
6 0.8636979166666666 0.9590682870370371 0.23121527777777792 0.070451388888889
6 0.533125 0.7904513888888889 0.23812499999999998 0.20563657407407412
6 0.61421875 0.9374826388888888 0.23770833333333333 0.11658564814814838
6 0.39621527777777776 0.940659722222222 0.20873263888888882 0.11324652777777758
6 0.258125 0.651886574074074 0.21930555555555556 0.2023726851851851
6 0.07277777777777777 0.7212847222222223 0.14555555555555555 0.20118055555555542
6 0.08439670138888888 0.36028935185185185 0.16879340277777777 0.19972800925925932
6 0.27197916666666666 0.23935185185185187 0.21774305555555556 0.20236111111111113
6 0.04921875 0.109375 0.0984375 0.21875