1 0.4607233796296296 0.47722800925925923 0.4426562499999999 0.4799479166666666
6 0.8337152777777778 0.5275462962962962 0.2536342592592593 0.23726851851851852
6 0.8259375 0.2650462962962963 0.2284780092592591 0.2574074074074074
6 0.9265625 0.06701388888888889 0.146875 0.13402777777777777
6 0.6375057870370371 0.01686921296296296 0.2281365740740741 0.03373842592592592
6 0.5886053240740741 0.20031828703703702 0.2436979166666667 0.1916377314814815
6 0.33784143518518517 0.08648726851851853 0.22880787037037037 0.17297453703703705
6 0.20218750000000002 0.22479745370370371 0.23612268518518514 0.22569444444444448
6 0.09594907407407408 0.07421875 0.19189814814814815 0.1484375
6 0.08118634259259258 0.44357638888888895 0.14145254629629628 0.21750578703703702
6 0.1412210648148148 0.5164351851851852 0.19454861111111113 0.1921585648148149
6 0.11656249999999999 0.7136574074074075 0.1977546296296296 0.24768518518518512
6 0.2532986111111111 0.8939525462962964 0.24717013888888886 0.20347222222222214
6 0.6461805555555555 0.9028645833333332 0.2895543981481481 0.1589988425925924
6 0.8016203703703703 0.7641493055555555 0.21935185185185163 0.23912037037037023
6 0.957991898148148 0.7000289351851852 0.08401620370370395 0.18428819444444447
6 0.9902010995370372 0.4690393518518519 0.019597800925925668 0.14649884259259274
6 0.9125752314814815 0.8908854166666668 0.1748495370370371 0.15818865740740762
6 0.07400462962962963 0.913888888888889 0.09875 0.17222222222222214