1 0.50625 0.4984375 0.421875 0.45390625
6 0.39296875 0.20859375 0.25390625 0.20234375
6 0.64921875 0.2 0.2328125 0.20625
6 0.89609375 0.24609375 0.2078125 0.271875
6 0.8921875 0.6015625 0.215625 0.271875
6 0.94140625 0.86796875 0.1171875 0.2640625
6 0.75859375 0.9265625 0.2421875 0.146875
6 0.38125 0.8234375 0.24609375 0.1953125
6 0.34765625 0.9703125 0.14296875 0.059375
6 0.09375 0.7890625 0.1875 0.23515625
6 0.1375 0.54140625 0.2328125 0.25859375
6 0.19609375 0.3578125 0.24375 0.23359375
6 0.5140625 0.034375 0.20234375 0.06796875
6 0.03125 0.26328125 0.0625 0.17421875