1 0.5052256944444444 0.47595486111111107 0.42614583333333333 0.48674768518518513
6 0.2190798611111111 0.35292245370370373 0.22153935185185186 0.27922453703703703
6 0.41093171296296294 0.09947916666666666 0.25936342592592593 0.19895833333333332
6 0.7434664351851852 0.25066550925925923 0.19454861111111105 0.22042824074074074
6 0.8355324074074074 0.2308449074074074 0.16800347222222206 0.22178819444444448
6 0.9164699074074074 0.284837962962963 0.16706018518518526 0.1875
6 0.94921875 0.10601851851851851 0.1015625 0.21203703703703702
6 0.30500578703703707 0.8756655092592591 0.21552083333333333 0.20480324074074047
6 0.4073321759259259 0.86953125 0.22201967592592595 0.23862847222222214
6 0.14145254629629628 0.950491898148148 0.2631597222222222 0.09878472222222215
6 0.0537962962962963 0.8271412037037038 0.09730902777777777 0.2730613425925924
6 0.06748263888888889 0.4593460648148149 0.12898726851851852 0.22659143518518512
6 0.750619212962963 0.7942997685185185 0.23477430555555542 0.2734664351851851
6 0.9284447337962962 0.7391493055555556 0.14311053240740748 0.21953125
6 0.9206958912037038 0.5745659722222223 0.1586082175925924 0.2778645833333334
6 0.8063078703703704 0.9274305555555558 0.23501157407407405 0.09461805555555572