1 0.46328125 0.50703125 0.4046875 0.4390625
6 0.81328125 0.446875 0.2328125 0.21640625
6 0.81328125 0.6953125 0.209375 0.2359375
6 0.9234375 0.90625 0.153125 0.1765625
6 0.64296875 0.96328125 0.2140625 0.0734375
6 0.59140625 0.76484375 0.225 0.1734375
6 0.36015625 0.9015625 0.21171875 0.1890625
6 0.2265625 0.7546875 0.2171875 0.20625
6 0.109375 0.9171875 0.21875 0.165625
6 0.084375 0.5515625 0.16875 0.2
6 0.1609375 0.48125 0.17890625 0.17578125
6 0.121875 0.29765625 0.20390625 0.228125
6 0.25625 0.10703125 0.22734375 0.2109375
6 0.6265625 0.084375 0.26953125 0.16796875
6 0.7765625 0.2234375 0.20078125 0.21875
6 0.94453125 0.278125 0.1109375 0.17109375
6 0.97890625 0.496875 0.0421875 0.1390625
6 0.8984375 0.0859375 0.20234375 0.171875
6 0.06640625 0.09453125 0.13203125 0.1890625