1 0.459375 0.47109375 0.36875 0.3859375
6 0.1875 0.31484375 0.20078125 0.19921875
6 0.790625 0.359375 0.24375 0.2546875
6 0.86953125 0.603125 0.2265625 0.228125
6 0.9671875 0.47109375 0.065625 0.2078125
6 0.9578125 0.921875 0.084375 0.15625
6 0.678125 0.871875 0.26328125 0.20859375
6 0.434375 0.815625 0.21015625 0.2609375
6 0.6734375 0.6609375 0.20390625 0.19453125
6 0.60859375 0.15703125 0.24609375 0.20859375
6 0.83203125 0.115625 0.2171875 0.20703125
6 0.45703125 0.04453125 0.24453125 0.0890625
6 0.065625 0.13984375 0.13125 0.2375
6 0.04296875 0.396875 0.0859375 0.2203125
6 0.05390625 0.63203125 0.10703125 0.2046875
6 0.22734375 0.6359375 0.1984375 0.21015625
6 0.021875 0.91328125 0.04375 0.1703125
6 0.1046875 0.96875 0.13515625 0.06171875