1 0.5490509259259259 0.5189004629629629 0.38795717592592605 0.4226388888888888
6 0.8327083333333334 0.3730671296296296 0.21087962962962975 0.21934606481481483
6 0.20779513888888887 0.3829513888888889 0.25547453703703704 0.27896990740740735
6 0.12280671296296297 0.6304803240740741 0.23788194444444444 0.25060763888888893
6 0.03080439814814815 0.48714699074074075 0.0616087962962963 0.22116898148148145
6 0.03574074074074074 0.93515625 0.07148148148148148 0.1296875
6 0.3195486111111111 0.9011458333333333 0.27497685185185183 0.1977083333333333
6 0.5695428240740741 0.8677387152777778 0.2212037037037037 0.2645225694444445
6 0.32504050925925926 0.7026736111111112 0.21392361111111108 0.2140625
6 0.39998263888888885 0.1832175925925926 0.2578935185185186 0.23149884259259262
6 0.1693576388888889 0.12732638888888886 0.22740162037037037 0.22813078703703704
6 0.5594965277777778 0.07772569444444444 0.2544328703703703 0.10328124999999999
6 0.9463657407407406 0.19604745370370372 0.10677083333333356 0.25220486111111107
6 0.9650405092592592 0.46614004629629624 0.06120370370370374 0.23233217592592598
6 0.9512847222222224 0.7085069444444445 0.0804803240740739 0.21630208333333342
6 0.7863599537037038 0.7042071759259259 0.20869791666666657 0.23014467592592586
6 0.9808043981481482 0.9558680555555554 0.013113425925926236 0.08826388888888914