1 0.4564583333333333 0.5307986111111112 0.4050983796296297 0.4181076388888888
6 0.16170717592592593 0.6899826388888888 0.22033564814814816 0.2164756944444445
6 0.8060648148148148 0.6573958333333334 0.26738425925925924 0.27607638888888886
6 0.8816493055555557 0.401875 0.22123842592592596 0.2469444444444445
6 0.9728645833333334 0.5422743055555556 0.030011574074073975 0.2223958333333332
6 0.97625 0.0850173611111111 0.044375000000000143 0.12746527777777777
6 0.6992650462962964 0.11951388888888888 0.28740740740740733 0.2140625
6 0.4407060185185185 0.16536458333333331 0.23243634259259255 0.2823263888888889
6 0.6897743055555556 0.33428819444444446 0.22329861111111118 0.21107638888888883
6 0.605167824074074 0.8679166666666667 0.2682696759259258 0.22690972222222214
6 0.8406828703703704 0.9030815972222221 0.23669560185185184 0.1938368055555557
6 0.43864583333333335 0.9670269097222223 0.2623321759259259 0.0659461805555555
6 0.04965422453703704 0.8742230902777777 0.09930844907407407 0.25155381944444455
6 0.029565972222222226 0.6008159722222223 0.05913194444444445 0.2360069444444445
6 0.0438671875 0.3518402777777778 0.087734375 0.21850694444444443
6 0.21398726851851851 0.3502951388888889 0.21831597222222224 0.22736111111111112
6 0.013275462962962965 0.07217013888888889 0.02655092592592593 0.1435590277777778
6 0.09101273148148148 0.015312499999999998 0.14297453703703705 0.029722222222222223