1 0.42661458333333335 0.4815335648148148 0.4565104166666666 0.47355324074074084
6 0.7919270833333333 0.5557638888888888 0.2604687499999999 0.23461226851851863
6 0.8093229166666667 0.29482638888888885 0.23682291666666658 0.2541840277777778
6 0.9265104166666667 0.0986863425925926 0.1469270833333333 0.14548032407407407
6 0.6458854166666667 0.03401041666666667 0.22697916666666665 0.03635416666666667
6 0.5797916666666667 0.21522569444444445 0.24885416666666665 0.18904513888888888
6 0.3424479166666667 0.08842592592592594 0.23229166666666662 0.16282407407407407
6 0.19473958333333333 0.2139930555555556 0.24255208333333336 0.22316550925925932
6 0.10076822916666665 0.0654861111111111 0.2015364583333333 0.13019097222222223
6 0.06369791666666666 0.42329282407407404 0.12739583333333332 0.2153356481481481
6 0.10687500000000001 0.49867476851851855 0.20057291666666668 0.1899537037037037
6 0.08337239583333333 0.6920949074074074 0.16674479166666667 0.24590856481481485
6 0.18145833333333333 0.8900694444444444 0.25463541666666667 0.21986111111111128
6 0.5696875 0.9189583333333333 0.29536458333333326 0.16208333333333336
6 0.7372395833333334 0.7889814814814814 0.22703124999999993 0.23596064814814816
6 0.9059375 0.7360532407407406 0.10567708333333314 0.18168402777777787
6 0.9563020833333333 0.5089699074074074 0.03307291666666643 0.14522569444444428
6 0.8440104166666668 0.9223480902777779 0.20177083333333315 0.15530381944444435
6 0.02713541666666667 0.9015625 0.05427083333333334 0.196875