1 0.4984375 0.50390625 0.4203125 0.4671875
6 0.21484375 0.63671875 0.21796875 0.26875
6 0.40859375 0.89375 0.25546875 0.2125
6 0.7375 0.71875 0.1921875 0.2109375
6 0.82890625 0.734375 0.165625 0.2140625
6 0.9140625 0.68046875 0.171875 0.178125
6 0.946875 0.87578125 0.10546875 0.24765625
6 0.296875 0.11484375 0.21328125 0.1953125
6 0.39921875 0.11640625 0.2203125 0.2328125
6 0.13359375 0.0453125 0.2609375 0.090625
6 0.046875 0.17109375 0.09375 0.2671875
6 0.06328125 0.53671875 0.1265625 0.2203125
6 0.73984375 0.1796875 0.23125 0.2625
6 0.9234375 0.22890625 0.153125 0.2109375
6 0.91640625 0.39140625 0.16640625 0.2703125
6 0.79609375 0.04453125 0.2328125 0.0890625