1 0.4918402777777778 0.5081597222222223 0.4586631944444445 0.4986284722222223
6 0.18715277777777778 0.36976851851851855 0.23914930555555552 0.286880787037037
6 0.38671875 0.10435329861111112 0.276545138888889 0.20870659722222223
6 0.7414583333333333 0.27814814814814814 0.20888888888888885 0.2257291666666667
6 0.8379687499999999 0.26102430555555556 0.18083333333333335 0.22864583333333338
6 0.9181901041666667 0.3189988425925926 0.1636197916666667 0.19109374999999992
6 0.95078125 0.12087962962962964 0.0984375 0.24175925925925928
6 0.2850868055555556 0.9089756944444446 0.23208333333333328 0.1798148148148151
6 0.39345486111111116 0.8980150462962964 0.2387847222222222 0.20017361111111107
6 0.13729166666666667 0.9741435185185185 0.23157986111111112 0.051707175925925955
6 0.044131944444444446 0.8607523148148148 0.05618055555555555 0.2784953703703703
6 0.05206597222222222 0.47938078703703707 0.08800347222222223 0.23420717592592588
6 0.7573090277777779 0.85078125 0.2530555555555555 0.27995370370370376
6 0.9336762152777778 0.798611111111111 0.13264756944444436 0.22609375000000007
6 0.9241710069444444 0.6244444444444445 0.15165798611111114 0.2879224537037038
6 0.8177951388888889 0.9706655092592593 0.24947916666666642 0.04871527777777764