6 0.9067997685185185 0.9501041666666665 0.13221064814814804 0.08611689814814838
6 0.7186863425925927 0.9194733796296297 0.20051504629629627 0.15067129629629647
6 0.4795138888888889 0.8985937499999999 0.215162037037037 0.1968634259259261
6 0.2030324074074074 0.9506307870370371 0.205949074074074 0.09681712962962977
6 0.13753472222222224 0.7886516203703703 0.20543981481481483 0.18507523148148158
6 0.01308449074074074 0.8240393518518518 0.02616898148148148 0.1456712962962964
6 0.022314814814814815 0.5318171296296297 0.04462962962962963 0.17464699074074072
6 0.18635995370370373 0.48523148148148143 0.24105902777777777 0.2009606481481482
6 0.33683449074074073 0.73171875 0.21134259259259255 0.17340277777777774
6 0.8615277777777777 0.764542824074074 0.2133680555555557 0.18903935185185183
6 0.7219097222222223 0.5734317129629629 0.1735590277777778 0.2426388888888889
6 0.8591550925925926 0.4755613425925926 0.22653356481481488 0.18523148148148144
6 0.6602719907407407 0.30754050925925924 0.24098958333333337 0.1986168981481482
6 0.9430150462962963 0.30778935185185186 0.10103009259259252 0.19367476851851856
6 0.9728645833333334 0.09120949074074074 0.05090856481481474 0.16284143518518518
6 0.7736458333333334 0.09601851851851852 0.25270833333333337 0.19203703703703703
6 0.37983217592592594 0.07323495370370371 0.2372106481481481 0.14646990740740742
6 0.3089467592592593 0.27577546296296296 0.2270833333333334 0.1774247685185185
6 0.07889467592592593 0.2126851851851852 0.15778935185185186 0.2152546296296296
6 0.05859375 0.0421875 0.1171875 0.084375
2 0.4726851851851851 0.4963888888888889 0.30902777777777785 0.30690972222222224
5 0.9433391203703703 0.6131886574074074 0.06635995370370366 0.10437499999999993