6 0.9400578703703705 0.8420659722222222 0.1198842592592591 0.23864583333333336
6 0.7965046296296296 0.7838888888888889 0.21604166666666663 0.2485069444444445
6 0.44600694444444444 0.7658506944444444 0.20534143518518527 0.21133680555555562
6 0.2962326388888889 0.6294444444444445 0.16787615740740733 0.21201388888888886
6 0.1344965277777778 0.7937673611111111 0.18473958333333335 0.1909027777777778
6 0.10338541666666667 0.9100694444444445 0.18223379629629632 0.17986111111111108
6 0.817494212962963 0.56484375 0.19418402777777785 0.19600694444444447
6 0.9687037037037036 0.5688368055555555 0.06259259259259267 0.184375
6 0.9267635995370369 0.21595486111111112 0.1464728009259261 0.20258680555555558
6 0.8372685185185185 0.07264322916666667 0.17918981481481494 0.14528645833333334
6 0.7166724537037037 0.003385416666666666 0.12084490740740747 0.006770833333333332
6 0.6759606481481482 0.14038194444444443 0.21144097222222236 0.20145833333333335
6 0.6083912037037036 0.22312500000000002 0.2056192129629629 0.2300868055555556
6 0.46946759259259263 0.23868055555555556 0.21708333333333343 0.21342013888888892
6 0.27883680555555557 0.40506944444444437 0.16560185185185183 0.21659722222222227
6 0.12935185185185186 0.39373263888888893 0.24256944444444448 0.24734375000000003
6 0.25417824074074075 0.16538194444444443 0.2093634259259259 0.21932291666666667
6 0.3586053240740741 0.09184461805555556 0.21122106481481479 0.18368923611111113
6 0.03975115740740741 0.20305555555555554 0.07718749999999999 0.2563888888888889
2 0.49341435185185184 0.4830902777777778 0.32257523148148143 0.3250694444444445
5 0.2586631944444444 0.8375 0.10541087962962958 0.1061805555555555
5 0.3717824074074074 0.2938368055555555 0.04859375000000003 0.06539930555555555