6 0.6109375 0.08984375 0.328125 0.1796875
6 0.94140625 0.05546875 0.1171875 0.1109375
6 0.96640625 0.21015625 0.0671875 0.2140625
6 0.91953125 0.5734375 0.1609375 0.21875
6 0.91484375 0.459375 0.1703125 0.24375
6 0.4859375 0.7453125 0.2265625 0.20234375
6 0.065625 0.81953125 0.13125 0.23046875
6 0.01953125 0.97890625 0.03671875 0.0421875
6 0.2671875 0.96328125 0.171875 0.0734375
6 0.09375 0.571875 0.1828125 0.21796875
6 0.09296875 0.45 0.18515625 0.14140625
6 0.175 0.2953125 0.190625 0.20703125
6 0.1 0.1125 0.2 0.18359375
6 0.76171875 0.67265625 0.20390625 0.23125
6 0.70390625 0.66171875 0.171875 0.2140625
6 0.6078125 0.7171875 0.14921875 0.14296875
6 0.409375 0.94140625 0.14140625 0.1171875
6 0.6609375 0.86875 0.22890625 0.1875
6 0.53359375 0.91484375 0.24453125 0.1703125
6 0.825 0.9578125 0.29921875 0.084375
6 0.9375 0.7703125 0.0015625 0.0015625
6 0.953125 0.88046875 0.09375 0.2390625
2 0.50859375 0.50234375 0.2921875 0.31484375