6 0.59765625 0.85234375 0.25703125 0.22758680555555558
6 0.1296875 0.5650868055555556 0.2078125 0.2538368055555555
6 0.03984375 0.5545833333333333 0.0796875 0.24317708333333332
6 0.0296875 0.115625 0.059375 0.23125
6 0.2796875 0.19300347222222222 0.00234375 0.01333333333333333
6 0.253125 0.09125 0.2203125 0.14161458333333335
6 0.29609375 0.04925347222222222 0.1765625 0.09850694444444444
6 0.3109375 0.4868402777777778 0.0015625 0.01097222222222225
6 0.48984375 0.25786458333333334 0.20390625 0.21390624999999996
6 0.7234375 0.3057986111111111 0.23125 0.18638888888888888
6 0.7640625 0.21348958333333332 0.1921875 0.18708333333333335
6 0.90234375 0.4455729166666666 0.1953125 0.28246527777777786
6 0.8296875 0.9018750000000001 0.2203125 0.16427083333333314
6 0.2796875 0.3531597222222222 0.2234375 0.23074652777777774
6 0.865625 0.5401388888888888 0.26875 0.22784722222222237
6 0.5703125 0.08644097222222222 0.246875 0.17288194444444444
6 0.853125 0.06088541666666667 0.290625 0.12177083333333334
6 0.95703125 0.05859375 0.0859375 0.1171875
6 0.98515625 0.20154513888888886 0.0296875 0.1506597222222222
6 0.32578125 0.8802604166666667 0.2171875 0.229045138888889
2 0.5234375 0.5047743055555556 0.31015625 0.3272048611111112