6 0.022366898148148146 0.97265625 0.04473379629629629 0.0546875
6 0.1779513888888889 0.9402430555555554 0.2127314814814815 0.11951388888888914
6 0.4338541666666667 0.9223090277777779 0.22922453703703702 0.15538194444444428
6 0.7217650462962963 0.981171875 0.21832754629629642 0.037656249999999857
6 0.805648148148148 0.847829861111111 0.22176504629629648 0.20315972222222242
6 0.9380787037037036 0.8913020833333333 0.04313657407407412 0.15546875
6 0.9501736111111111 0.5825347222222221 0.05322916666666657 0.18475694444444457
6 0.7792476851851852 0.5263888888888889 0.2601157407407406 0.221232638888889
6 0.5993113425925926 0.7799305555555556 0.22814814814814816 0.19097222222222215
6 0.07736689814814815 0.7956423611111111 0.1547337962962963 0.2069097222222222
6 0.20391203703703703 0.5979166666666667 0.18976851851851856 0.26253472222222224
6 0.09439525462962964 0.49137152777777776 0.18879050925925928 0.20380208333333344
6 0.29271412037037037 0.3199652777777778 0.259994212962963 0.21888888888888883
6 0.02406394675925926 0.31225694444444446 0.04812789351851852 0.20572916666666669
6 0.19049189814814815 0.10164930555555556 0.2713599537037037 0.1975694444444444
6 0.6082349537037037 0.094375 0.25380208333333343 0.14456597222222223
6 0.6672337962962963 0.3005902777777778 0.24475694444444435 0.19560763888888885
6 0.9129456018518518 0.2433854166666667 0.16475115740740734 0.23102430555555556
6 0.945133101851852 0.07567708333333334 0.10973379629629605 0.07190972222222221
2 0.47539351851851847 0.5269791666666667 0.33461805555555557 0.3352256944444445
5 0.0012225115740740727 0.6327604166666667 0.0024450231481481454 0.109236111111111