6 0.9209375 0.9019444444444445 0.15812500000000007 0.19611111111111085
6 0.7011458333333334 0.9196527777777778 0.2279166666666665 0.16069444444444442
6 0.6359375 0.8461458333333333 0.22322916666666667 0.20543402777777792
6 0.4839583333333334 0.985295138888889 0.1951041666666667 0.029409722222222
6 0.17843749999999997 0.8953125 0.25145833333333334 0.209375
6 0.09515625000000001 0.6328298611111112 0.12281249999999999 0.25315972222222227
6 0.2244791666666667 0.4344965277777778 0.2699479166666666 0.25190972222222213
6 0.39249999999999996 0.24411458333333336 0.25453125 0.2309722222222222
6 0.08984375 0.10914930555555555 0.17963541666666666 0.2175173611111111
6 0.04765625 0.3526388888888889 0.06281250000000001 0.2177777777777778
6 0.9626041666666666 0.5344097222222223 0.07479166666666685 0.23256944444444444
6 0.8022395833333332 0.40798611111111105 0.28276041666666674 0.2571527777777778
6 0.6210416666666667 0.23713541666666668 0.25500000000000006 0.22631944444444443
6 0.78984375 0.1402604166666667 0.2124479166666667 0.21897569444444445
6 0.959375 0.2503472222222222 0.08125 0.27881944444444445
6 0.29208333333333336 0.06984375 0.25916666666666666 0.12524305555555554
2 0.5355729166666666 0.5090798611111111 0.33166666666666667 0.3364409722222222
5 0.08328125 0.48975694444444445 0.09447916666666667 0.10857638888888879