6 0.39880208333333333 0.08266782407407407 0.35470486111111105 0.16116898148148148
6 0.05703125 0.0433912037037037 0.1140625 0.0867824074074074
6 0.029548611111111112 0.19007523148148148 0.059097222222222225 0.22702546296296297
6 0.07032986111111111 0.5724710648148148 0.14065972222222223 0.23244212962962968
6 0.07776475694444444 0.452974537037037 0.1555295138888889 0.25828703703703704
6 0.4985590277777778 0.7570659722222223 0.24769097222222225 0.21348379629629619
6 0.9162500000000001 0.8367476851851852 0.104548611111111 0.2436631944444443
6 0.7201215277777778 0.9735850694444445 0.18381944444444454 0.05282986111111114
6 0.9004340277777778 0.5771701388888889 0.15857638888888914 0.22922453703703702
6 0.9061284722222223 0.4490451388888889 0.15510416666666665 0.15109953703703702
6 0.8476909722222222 0.28684027777777776 0.21043402777777764 0.21867476851851855
6 0.9138715277777777 0.09898726851851851 0.17225694444444456 0.18559027777777776
6 0.21208333333333335 0.6791377314814815 0.22482638888888892 0.24377314814814816
6 0.2735416666666667 0.6678703703703703 0.1912152777777778 0.22556134259259258
6 0.3717534722222222 0.7264293981481481 0.16369791666666664 0.15116319444444457
6 0.5735069444444445 0.949855324074074 0.1538368055555555 0.10028935185185191
6 0.3092361111111111 0.8846122685185185 0.24937500000000004 0.1986574074074074
6 0.4419097222222222 0.9218200231481483 0.2640798611111112 0.15635995370370354
6 0.14574652777777777 0.9649189814814815 0.29149305555555555 0.07016203703703709
6 0.022378472222222223 0.7801099537037037 0.0016319444444444441 0.0015740740740740832
6 0.028229166666666666 0.884375 0.05645833333333333 0.23125
2 0.48644097222222216 0.5022048611111111 0.3225000000000001 0.33274884259259263