6 0.03671875 0.08984375 0.07265625 0.1796875
6 0.20625 0.11640625 0.21953125 0.22421875
6 0.02109375 0.2984375 0.0421875 0.17421875
6 0.246875 0.37578125 0.2046875 0.25078125
6 0.35625 0.2609375 0.21796875 0.15703125
6 0.62734375 0.1109375 0.2328125 0.1984375
6 0.61015625 0.29609375 0.2515625 0.19921875
6 0.8296875 0.3984375 0.23671875 0.259375
6 0.8890625 0.16796875 0.221875 0.1734375
6 0.965625 0.44296875 0.06875 0.1796875
6 0.0859375 0.5515625 0.1640625 0.20078125
6 0.26328125 0.653125 0.19609375 0.228125
6 0.0421875 0.74921875 0.084375 0.2046875
6 0.1828125 0.92265625 0.209375 0.1546875
6 0.040625 0.97109375 0.08046875 0.0578125
6 0.41796875 0.96484375 0.225 0.06953125
6 0.5265625 0.86484375 0.2171875 0.2109375
6 0.753125 0.9078125 0.2078125 0.178125
6 0.91875 0.94140625 0.1625 0.1171875
6 0.7625 0.70078125 0.215625 0.19921875
6 0.9375 0.7453125 0.12421875 0.20234375
2 0.515625 0.5 0.28828125 0.29609375