6 0.2625 0.303125 0.196875 0.20703125
6 0.0796875 0.371875 0.146875 0.253125
6 0.0640625 0.17421875 0.12578125 0.121875
6 0.08046875 0.05703125 0.15078125 0.10390625
6 0.4625 0.2203125 0.19453125 0.1890625
6 0.596875 0.0515625 0.225 0.103125
6 0.71796875 0.1875 0.17578125 0.178125
6 0.7953125 0.3578125 0.2 0.19453125
6 0.9390625 0.178125 0.121875 0.1890625
6 0.9609375 0.45625 0.078125 0.253125
6 0.83671875 0.653125 0.215625 0.1859375
6 0.59765625 0.78359375 0.259375 0.23984375
6 0.39296875 0.7515625 0.2140625 0.18359375
6 0.29765625 0.53203125 0.18515625 0.21640625
6 0.03515625 0.78671875 0.0703125 0.1984375
6 0.13203125 0.90390625 0.23046875 0.1921875
6 0.74375 0.953125 0.18359375 0.09375
6 0.9109375 0.8796875 0.178125 0.221875
6 0.98359375 0.7265625 0.0328125 0.13125
2 0.509375 0.4734375 0.278125 0.325
5 0.88828125 0.5171875 0.1015625 0.10625