6 0.065625 0.11953125 0.13125 0.2390625
6 0.2140625 0.1859375 0.21171875 0.2375
6 0.5625 0.21875 0.20078125 0.20078125
6 0.709375 0.36015625 0.1640625 0.203125
6 0.87265625 0.2046875 0.18125 0.18125
6 0.90859375 0.08828125 0.1828125 0.1765625
6 0.190625 0.4015625 0.190625 0.1859375
6 0.03515625 0.390625 0.0703125 0.1796875
6 0.075 0.7421875 0.1453125 0.19453125
6 0.16328125 0.9078125 0.17578125 0.17578125
6 0.2828125 0.98046875 0.11875 0.03828125
6 0.075 0.98359375 0.146875 0.0328125
6 0.325 0.828125 0.2078125 0.18984375
6 0.39296875 0.75 0.20078125 0.21875
6 0.53125 0.73984375 0.21328125 0.20234375
6 0.7234375 0.58359375 0.16171875 0.20703125
6 0.871875 0.6015625 0.23828125 0.23515625
6 0.74375 0.821875 0.2046875 0.20859375
6 0.63984375 0.8921875 0.2078125 0.17578125
6 0.96171875 0.79609375 0.0765625 0.2515625
2 0.5109375 0.496875 0.31640625 0.30859375
5 0.75 0.15546875 0.103125 0.10078125
5 0.6296875 0.68984375 0.04765625 0.06328125