6 0.06484375 0.04296875 0.1296875 0.08515625
6 0.25390625 0.075 0.19609375 0.14921875
6 0.49375 0.09765625 0.209375 0.1953125
6 0.76875 0.04765625 0.203125 0.0953125
6 0.8390625 0.21015625 0.2 0.18359375
6 0.97578125 0.17578125 0.0484375 0.1453125
6 0.97109375 0.46796875 0.0578125 0.17421875
6 0.79921875 0.51328125 0.23515625 0.19921875
6 0.64140625 0.265625 0.20625 0.171875
6 0.115625 0.22890625 0.2078125 0.1875
6 0.2609375 0.42109375 0.16640625 0.24140625
6 0.1265625 0.51796875 0.22109375 0.18359375
6 0.33046875 0.6875 0.23515625 0.196875
6 0.04765625 0.68515625 0.0953125 0.19296875
6 0.02421875 0.9015625 0.04609375 0.1625
6 0.2234375 0.9015625 0.246875 0.196875
6 0.61796875 0.92578125 0.2328125 0.1484375
6 0.6828125 0.721875 0.221875 0.17578125
6 0.91953125 0.78671875 0.1609375 0.2140625
6 0.94140625 0.9578125 0.1171875 0.084375
2 0.5125 0.5 0.3 0.3046875
5 0.03828125 0.3796875 0.06328125 0.10390625