6 0.925406539351852 0.8576157407407408 0.14918692129629604 0.21755208333333337
6 0.5625347222222222 0.8525578703703705 0.2238888888888889 0.1680555555555557
6 0.3196238425925926 0.7531076388888888 0.21866319444444446 0.20082754629629634
6 0.22630787037037034 0.9153096064814814 0.188761574074074 0.1693807870370371
6 0.1124247685185185 0.9393127893518518 0.18214699074074076 0.12137442129629647
6 0.05269675925925926 0.7862847222222222 0.09550347222222222 0.23741319444444448
6 0.2734606481481482 0.32153935185185184 0.1992592592592592 0.21787037037037038
6 0.13257523148148148 0.17987847222222225 0.21014467592592592 0.2109201388888889
6 0.0737037037037037 0.03648148148148148 0.14662615740740742 0.07295717592592592
6 0.9706539351851852 0.398587962962963 0.05869212962962962 0.1770138888888889
6 0.8025115740740741 0.23952546296296298 0.22885995370370366 0.20637152777777779
6 0.660005787037037 0.09004050925925926 0.2207928240740742 0.1719386574074074
6 0.47210069444444447 0.033964120370370374 0.20201388888888888 0.06243055555555556
6 0.8847106481481483 0.05186342592592593 0.22567129629629648 0.09229166666666669
2 0.4803703703703704 0.5175925925925926 0.34490740740740744 0.3697222222222223