6 0.0921875 0.9173611111111111 0.184375 0.16527777777777786
6 0.45739583333333333 0.8764409722222222 0.261579861111111 0.21611111111111114
6 0.24725694444444443 0.7445138888888889 0.24894097222222228 0.279548611111111
6 0.060434027777777774 0.714201388888889 0.12086805555555555 0.22472222222222218
6 0.664236111111111 0.7353472222222222 0.21708333333333343 0.25081597222222224
6 0.7330902777777778 0.3412673611111111 0.23142361111111107 0.26394097222222224
6 0.3891145833333333 0.2613368055555555 0.00394097222222225 0.0017361111111110715
6 0.43194444444444446 0.13227430555555555 0.23019097222222218 0.2645486111111111
6 0.12980902777777778 0.50625 0.25961805555555556 0.24963541666666664
6 0.8726909722222222 0.5215972222222222 0.23531249999999987 0.2633333333333333
6 0.8856597222222222 0.7809201388888889 0.1969618055555557 0.2585069444444443
6 0.7167881944444444 0.934375 0.23895833333333344 0.07618055555555543
6 0.23907986111111112 0.3046875 0.24248263888888885 0.23477430555555562
6 0.1395269097222222 0.17269097222222224 0.2790538194444444 0.31321180555555556
6 0.03043402777777778 0.36157986111111107 0.06086805555555556 0.19550347222222228
6 0.0125 0.053125 0.025 0.10625
6 0.6488194444444444 0.041631944444444444 0.2679861111111112 0.08326388888888889
6 0.9203472222222222 0.049965277777777775 0.1561805555555555 0.09993055555555555
6 0.9372222222222222 0.25180555555555556 0.11819444444444435 0.26125
2 0.4708333333333333 0.48248263888888887 0.3521354166666667 0.35749999999999993