6 0.29515625 0.06272569444444444 0.25984375000000004 0.1181076388888889
6 0.3983333333333333 0.25302083333333336 0.22484374999999995 0.23668402777777775
6 0.2390625 0.3680555555555555 0.2577604166666667 0.23897569444444447
6 0.09453125 0.47015624999999994 0.13911458333333332 0.2613020833333334
6 0.12135416666666668 0.7437847222222222 0.15541666666666668 0.24840277777777758
6 0.19411458333333334 0.9200173611111111 0.22395833333333334 0.15996527777777772
6 0.37203125000000004 0.97734375 0.1955208333333333 0.0453125
6 0.4772916666666667 0.9162196180555554 0.31546875000000013 0.16756076388888913
6 0.46546875 0.7334895833333334 0.29619791666666656 0.21876736111111103
6 0.8130729166666667 0.71703125 0.2525520833333331 0.24276041666666687
6 0.7455729166666666 0.927287326388889 0.1938020833333333 0.145425347222222
6 0.9848697916666665 0.7128645833333334 0.030260416666666855 0.22965277777777757
6 0.9858463541666665 0.4927083333333333 0.028307291666666855 0.16369791666666664
6 0.9026953125 0.3058680555555556 0.19460937499999992 0.22723958333333333
6 0.7223958333333333 0.3982986111111111 0.19593749999999996 0.20093750000000005
6 0.6597395833333334 0.18394097222222222 0.20713541666666657 0.21678819444444444
6 0.6511458333333333 0.05503472222222222 0.21166666666666673 0.08583333333333334
6 0.89515625 0.09956597222222222 0.20968750000000008 0.1382638888888889
6 0.03208333333333334 0.0717013888888889 0.057604166666666665 0.12687500000000002
2 0.5316666666666666 0.5095138888888889 0.2816666666666666 0.30503472222222217