6 0.58671875 0.1546875 0.25 0.21484375
6 0.13125 0.44375 0.20234375 0.24140625
6 0.0421875 0.4578125 0.084375 0.23359375
6 0.03203125 0.8859375 0.0640625 0.228125
6 0.278125 0.8015625 0.00234375 0.01328125
6 0.2515625 0.90078125 0.2140625 0.1328125
6 0.2953125 0.94765625 0.1734375 0.10390625
6 0.3078125 0.515625 0.0015625 0.01015625
6 0.48125 0.73359375 0.1984375 0.203125
6 0.709375 0.68203125 0.225 0.17578125
6 0.74765625 0.7703125 0.18671875 0.17734375
6 0.89453125 0.54296875 0.21015625 0.2703125
6 0.8140625 0.090625 0.215625 0.18125
6 0.278125 0.64609375 0.2171875 0.21875
6 0.85390625 0.45390625 0.27109375 0.21484375
6 0.56171875 0.909375 0.2390625 0.18125
6 0.8484375 0.93046875 0.303125 0.134375
6 0.9484375 0.93203125 0.103125 0.13515625
6 0.97578125 0.7796875 0.0484375 0.146875
6 0.3234375 0.121875 0.21015625 0.24375
2 0.51484375 0.49375 0.3015625 0.3109375