6 0.29140625 0.05625 0.25234375 0.1125
6 0.38203125 0.24453125 0.209375 0.23203125
6 0.21484375 0.36328125 0.2421875 0.23359375
6 0.06328125 0.46875 0.121875 0.25859375
6 0.071875 0.7421875 0.1390625 0.2453125
6 0.1328125 0.91953125 0.21328125 0.16015625
6 0.30703125 0.975 0.1921875 0.05
6 0.41640625 0.91328125 0.30390625 0.1734375
6 0.4171875 0.72421875 0.28203125 0.2125
6 0.76640625 0.7 0.23671875 0.2375
6 0.684375 0.91796875 0.18359375 0.153125
6 0.9796875 0.9640625 0.040625 0.07109375
6 0.965625 0.69140625 0.06875 0.228125
6 0.97265625 0.47109375 0.05390625 0.1625
6 0.896875 0.2859375 0.20625 0.22265625
6 0.696875 0.3828125 0.1828125 0.196875
6 0.6484375 0.16953125 0.19296875 0.2125
6 0.6484375 0.040625 0.20625 0.08125
6 0.89453125 0.0796875 0.21015625 0.13359375
6 0.02734375 0.07109375 0.04921875 0.12578125
2 0.4984375 0.4984375 0.26171875 0.29921875