6 0.93359375 0.10677083333333333 0.1328125 0.21354166666666666
6 0.7900520833333333 0.1630902777777778 0.22560763888888893 0.24696180555555558
6 0.4376388888888889 0.20454861111111114 0.21378472222222217 0.2092361111111111
6 0.29484374999999996 0.35239583333333335 0.17638888888888893 0.2107465277777778
6 0.12138888888888888 0.1975 0.19256944444444443 0.1884722222222222
6 0.08894097222222222 0.08515625 0.17788194444444444 0.1703125
6 0.8240624999999999 0.38286458333333334 0.20218750000000013 0.1941493055555555
6 0.9708810763888888 0.3684201388888889 0.05823784722222243 0.18517361111111103
6 0.9392404513888888 0.7279166666666667 0.12151909722222243 0.20093749999999985
6 0.8749305555555555 0.8939583333333333 0.18590277777777758 0.17895833333333327
6 0.7571006944444445 0.9700868055555556 0.12234374999999993 0.030815972222222144
6 0.9466666666666667 0.9669444444444444 0.10666666666666665 0.028333333333333145
6 0.7066840277777777 0.8210590277777777 0.21954861111111104 0.1984375
6 0.6343923611111111 0.7428993055555556 0.21461805555555563 0.22798611111111117
6 0.49331597222222223 0.7358680555555555 0.22557291666666668 0.2110590277777778
6 0.29013888888888884 0.5808506944444444 0.17347222222222225 0.21536458333333322
6 0.14552083333333332 0.5997048611111111 0.248125 0.24434027777777773
6 0.27984375000000006 0.8242881944444445 0.2180381944444445 0.21713541666666672
6 0.38925347222222223 0.8930208333333333 0.2188888888888889 0.18359375
6 0.06690972222222222 0.8016493055555556 0.07385416666666664 0.2568576388888889
2 0.5025868055555556 0.4869791666666667 0.33583333333333326 0.3212152777777778
5 0.24416666666666664 0.14472222222222222 0.10927083333333334 0.10545138888888887
5 0.3902777777777778 0.687326388888889 0.051284722222222176 0.06513888888888886