6 0.8307407407407407 0.12640625 0.16771990740740747 0.15244791666666666
6 0.9213990162037037 0.28791666666666665 0.15720196759259258 0.22307291666666665
6 0.6993344907407407 0.26515625 0.1990682870370371 0.21385416666666668
6 0.4969618055555555 0.19703125 0.17967013888888878 0.16885416666666667
6 0.3136689814814814 0.09973958333333334 0.18506944444444445 0.16453125
6 0.2261863425925926 0.14776041666666667 0.17803819444444446 0.1640625
6 0.08372685185185184 0.06723958333333332 0.1674537037037037 0.13447916666666665
6 0.08024305555555557 0.25354166666666667 0.15633101851851852 0.22661458333333329
6 0.23973958333333334 0.4304166666666666 0.21605902777777777 0.20171875000000003
6 0.0494386574074074 0.5449479166666666 0.08540509259259259 0.1805208333333333
6 0.28269675925925924 0.6432291666666667 0.16657407407407412 0.18046875
6 0.054114583333333334 0.8605729166666667 0.08531249999999999 0.1742708333333333
6 0.12219907407407407 0.9718489583333334 0.17116898148148146 0.05630208333333329
6 0.3090798611111111 0.98984375 0.12084490740740739 0.0203125
6 0.3944212962962963 0.9144791666666666 0.2023148148148149 0.16958333333333328
6 0.5452893518518518 0.7723437499999999 0.19536458333333329 0.17458333333333337
6 0.6166087962962963 0.9274479166666666 0.17141203703703703 0.14510416666666687
6 0.8006828703703703 0.9237500000000001 0.17607638888888885 0.15249999999999986
6 0.7283101851851852 0.6932291666666666 0.19458333333333327 0.17453125000000008
6 0.862019675925926 0.49921875 0.22004629629629627 0.20744791666666665
6 0.9284924768518519 0.66234375 0.14301504629629633 0.16302083333333323
6 0.9765928819444444 0.90296875 0.04681423611111128 0.14286458333333343
6 0.9736342592592593 0.9663020833333335 0.052731481481481525 0.06739583333333314
2 0.514380787037037 0.5298958333333333 0.3045138888888889 0.3246874999999999