6 0.90078125 0.94765625 0.1984375 0.1046875
6 0.528125 0.9087745949074074 0.25546875 0.1824508101851851
6 0.73984375 0.8040219907407409 0.24140625 0.28506944444444426
6 0.934375 0.779369212962963 0.13046875 0.22685185185185192
6 0.325 0.7826678240740741 0.21015625 0.2554108796296298
6 0.265625 0.3892071759259259 0.22421875 0.2697337962962963
6 0.61015625 0.3201967592592593 0.00390625 0.0018518518518519044
6 0.5703125 0.18287037037037038 0.22265625 0.28368055555555555
6 0.86328125 0.5709780092592592 0.25390625 0.2563078703703704
6 0.11796875 0.564207175925926 0.2359375 0.2690393518518519
6 0.1 0.8206886574074075 0.2 0.26325231481481487
6 0.26875 0.9688657407407408 0.2359375 0.062268518518518334
6 0.75859375 0.36712962962962964 0.2359375 0.2409143518518518
6 0.8625 0.23967013888888888 0.275 0.31880787037037034
6 0.96484375 0.43006365740740743 0.05703125 0.19641203703703702
6 0.98828125 0.12398726851851852 0.02265625 0.10324074074074074
6 0.35625 0.07717013888888889 0.2640625 0.12112268518518518
6 0.08125 0.07242476851851852 0.16171875 0.14479166666666668
6 0.06015625 0.2935185185185185 0.1203125 0.262037037037037
2 0.5234375 0.536429398148148 0.3421875 0.36597222222222214