6 0.8921875 0.3636400462962963 0.215625 0.22659722222222226
6 0.69453125 0.4410821759259259 0.1984375 0.19053240740740734
6 0.92265625 0.6044907407407407 0.1546875 0.21520833333333336
6 0.8453125 0.6062615740740741 0.1859375 0.21543981481481483
6 0.6 0.8583506944444445 0.27109375 0.19419560185185175
6 0.67578125 0.748755787037037 0.20078125 0.21945601851851854
6 0.2921875 0.9577358217592593 0.20390625 0.08452835648148138
6 0.08125 0.9595717592592592 0.16171875 0.08085648148148153
6 0.0546875 0.8418113425925926 0.10859375 0.20080439814814816
6 0.12890625 0.660329861111111 0.2578125 0.22690972222222214
6 0.13046875 0.4415914351851852 0.2609375 0.24568287037037032
6 0.35390625 0.3518402777777777 0.2171875 0.20551504629629633
6 0.33125 0.1876099537037037 0.2140625 0.2500231481481482
6 0.12734375 0.21891203703703704 0.25390625 0.27141203703703703
6 0.871875 0.9418677662037037 0.22890625 0.11626446759259253
6 0.86015625 0.11887152777777776 0.1453125 0.2260763888888889
6 0.8015625 0.061406249999999996 0.16796875 0.11218171296296298
2 0.48359375 0.526238425925926 0.26875 0.3590219907407407
5 0.0921875 0.17490162037037035 0.08125 0.061539351851851845
5 0.46640625 0.11204861111111111 0.05859375 0.050434027777777765
5 0.04921875 0.7378645833333334 0.0546875 0.06759259259259257