6 0.10703125 0.35703125 0.2140625 0.22265625
6 0.30390625 0.43515625 0.196875 0.1875
6 0.0765625 0.5953125 0.153125 0.2125
6 0.153125 0.5984375 0.18515625 0.2125
6 0.3984375 0.84921875 0.26953125 0.18984375
6 0.321875 0.740625 0.2 0.21640625
6 0.7046875 0.9546875 0.20078125 0.090625
6 0.91796875 0.95859375 0.1640625 0.0828125
6 0.94296875 0.8375 0.1140625 0.1984375
6 0.8671875 0.6578125 0.25546875 0.221875
6 0.86796875 0.4421875 0.2640625 0.24375
6 0.6421875 0.34921875 0.215625 0.20234375
6 0.66484375 0.1859375 0.21328125 0.246875
6 0.87109375 0.2203125 0.2578125 0.26796875
6 0.12890625 0.9375 0.22890625 0.125
6 0.13984375 0.1140625 0.14296875 0.228125
6 0.2 0.05703125 0.16640625 0.1140625
2 0.51328125 0.52109375 0.2671875 0.35390625
5 0.903125 0.17578125 0.08046875 0.06015625
5 0.53046875 0.11015625 0.0578125 0.05
5 0.9453125 0.73359375 0.05390625 0.0671875