6 0.09635416666666666 0.353125 0.19270833333333331 0.2328125
6 0.2690972222222222 0.4248784722222222 0.21328125 0.1986979166666666
6 0.0560474537037037 0.5951388888888889 0.1120949074074074 0.22222222222222215
6 0.10448495370370367 0.5972743055555556 0.20347222222222222 0.2239583333333332
6 0.33327546296296295 0.8409548611111111 0.28695023148148147 0.20508680555555542
6 0.2648726851851852 0.734201388888889 0.21860532407407404 0.22852430555555542
6 0.6351851851851852 0.927986111111111 0.2107060185185185 0.090347222222222
6 0.846730324074074 0.9209201388888889 0.1697337962962962 0.08385416666666642
6 0.882638888888889 0.8040798611111111 0.12424768518518511 0.20564236111111106
6 0.8211805555555556 0.6246006944444444 0.27615740740740724 0.23809027777777772
6 0.8366608796296295 0.40510416666666665 0.2791666666666668 0.2576909722222222
6 0.6177662037037037 0.3221701388888889 0.23313078703703702 0.21437499999999998
6 0.6526331018518519 0.15631944444444446 0.2341435185185185 0.25958333333333333
6 0.8556134259259259 0.18078125 0.2755497685185183 0.2824479166666667
6 0.08663917824074074 0.9359201388888888 0.1732783564814815 0.1274305555555557
6 0.1267650462962963 0.11190104166666666 0.1628761574074074 0.22380208333333332
6 0.18958333333333335 0.053624131944444445 0.17702546296296298 0.10724826388888889
2 0.47439236111111105 0.5021875 0.2969328703703704 0.3713888888888889
5 0.8940104166666666 0.13546875 0.08576388888888893 0.0645486111111111
5 0.5224247685185185 0.0850173611111111 0.06235532407407405 0.05338541666666665
5 0.8950810185185185 0.6991840277777778 0.05972222222222214 0.07039930555555554