6 0.11328125 0.0890625 0.22421875 0.17578125
6 0.48671875 0.11484375 0.24453125 0.21796875
6 0.2828125 0.259375 0.23203125 0.25625
6 0.0796875 0.29609375 0.159375 0.2078125
6 0.68203125 0.25078125 0.20234375 0.23046875
6 0.7390625 0.62421875 0.215625 0.2421875
6 0.4078125 0.71484375 0.00390625 0.0015625
6 0.44609375 0.84375 0.21484375 0.25625
6 0.16484375 0.4921875 0.24453125 0.22734375
6 0.884375 0.44609375 0.23125 0.2421875
6 0.90234375 0.1984375 0.1953125 0.2375
6 0.73671875 0.04453125 0.228125 0.0890625
6 0.26484375 0.68046875 0.2265625 0.2140625
6 0.15234375 0.8109375 0.290625 0.2859375
6 0.0671875 0.634375 0.0546875 0.184375
6 0.028125 0.93984375 0.053125 0.1203125
6 0.65078125 0.93984375 0.2546875 0.1203125
6 0.91953125 0.92578125 0.1609375 0.14765625
6 0.940625 0.70234375 0.11875 0.2421875
2 0.49140625 0.50078125 0.32890625 0.3265625