6 0.11745370370370371 0.8231944444444445 0.1609375 0.21982638888888886
6 0.5104166666666666 0.9954267939814816 0.18751736111111122 0.00914641203703681
6 0.47123842592592596 0.8418229166666666 0.22322916666666667 0.17445023148148167
6 0.6998900462962963 0.7603530092592592 0.22020254629629613 0.20620370370370367
6 0.8020138888888889 0.917332175925926 0.19342592592592603 0.1653356481481481
6 0.9109780092592594 0.9457118055555555 0.17804398148148123 0.10857638888888914
6 0.9542939814814815 0.8110243055555555 0.09141203703703696 0.2378298611111113
6 0.9979586226851852 0.5967071759259259 0.004082754629629548 0.15088541666666658
6 0.7203645833333334 0.3441030092592593 0.2023032407407408 0.22149884259259256
6 0.8476504629629631 0.21534722222222222 0.2120949074074076 0.21506944444444445
6 0.9125101273148148 0.08532407407407408 0.1749797453703703 0.07208912037037037
6 0.048969907407407406 0.37363425925925925 0.06824652777777777 0.17461226851851847
6 0.20427083333333335 0.22940393518518518 0.22986111111111107 0.21222800925925922
6 0.33299768518518513 0.09839699074074074 0.21986111111111112 0.1695775462962963
6 0.5107118055555555 0.05596643518518518 0.19642361111111112 0.06304398148148146
6 0.11378472222222222 0.04646412037037037 0.22131944444444446 0.09255787037037036
2 0.530949074074074 0.5213599537037037 0.3497627314814814 0.37666087962962963