6 0.8764814814814816 0.12940393518518517 0.2289699074074072 0.22289930555555557
6 0.6219791666666666 0.10063078703703705 0.20760416666666667 0.18586805555555558
6 0.5674421296296297 0.18498842592592593 0.19982060185185196 0.18965856481481486
6 0.5038715277777778 0.012152777777777778 0.0055381944444445 0.00945601851851852
6 0.41467013888888893 0.02958333333333333 0.18315972222222215 0.04958333333333333
6 0.12167100694444444 0.10571180555555555 0.24334201388888888 0.20672453703703703
6 0.05927083333333333 0.3579224537037037 0.11854166666666666 0.2377199074074074
6 0.20060763888888888 0.5538136574074074 0.24075810185185187 0.23244791666666664
6 0.371087962962963 0.7446412037037037 0.22733217592592592 0.2127199074074074
6 0.0852879050925926 0.8692766203703703 0.1705758101851852 0.22760416666666677
6 0.030108506944444446 0.6223495370370371 0.06021701388888889 0.2064178240740741
6 0.9819965277777779 0.23019675925925923 0.03394675925925909 0.15361111111111114
6 0.9291782407407407 0.5044444444444445 0.13051504629629634 0.21909722222222233
6 0.7486747685185186 0.6119386574074074 0.253287037037037 0.2365393518518518
6 0.5865856481481482 0.7650231481481482 0.22885995370370366 0.20805555555555558
6 0.7505960648148149 0.8799652777777778 0.18916666666666657 0.22777777777777786
6 0.9326504629629631 0.774056712962963 0.11757523148148152 0.2649942129629629
6 0.2853472222222222 0.9247222222222222 0.23863425925925927 0.15055555555555564
6 0.3709143518518519 0.975462962962963 0.20976851851851847 0.04907407407407405
2 0.4908738425925926 0.5010763888888888 0.2952430555555555 0.3113715277777779
5 0.06353587962962963 0.49396412037037046 0.08354745370370371 0.10044560185185177