6 0.07890625 0.1796875 0.1546875 0.20703125
6 0.46015625 0.01484375 0.1828125 0.0296875
6 0.4296875 0.18046875 0.21171875 0.15859375
6 0.66015625 0.2734375 0.20625 0.18984375
6 0.75078125 0.1 0.1796875 0.2
6 0.86015625 0.07578125 0.1734375 0.1515625
6 0.93515625 0.240625 0.1296875 0.22421875
6 0.9828125 0.45390625 0.034375 0.146875
6 0.70078125 0.684375 0.1875 0.20625
6 0.83359375 0.81875 0.1984375 0.19921875
6 0.91015625 0.9609375 0.1796875 0.078125
6 0.03515625 0.61796875 0.0671875 0.16796875
6 0.19765625 0.76640625 0.215625 0.1953125
6 0.33203125 0.9140625 0.2078125 0.171875
6 0.5109375 0.965625 0.190625 0.06875
6 0.11953125 0.9515625 0.21328125 0.09609375
2 0.50546875 0.49921875 0.325 0.35