6 0.08318576388888889 0.7827025462962963 0.16637152777777778 0.26149305555555563
6 0.15085069444444443 0.9463035300925926 0.23286458333333332 0.10739293981481488
6 0.4170659722222222 0.7821238425925927 0.21317708333333343 0.2077951388888888
6 0.6419618055555556 0.9262673611111112 0.22211805555555558 0.1474652777777777
6 0.7810590277777777 0.960295138888889 0.26593750000000005 0.079409722222222
6 0.021883680555555556 0.5337905092592592 0.04376736111111111 0.22539351851851847
6 0.1837673611111111 0.5561400462962963 0.22993055555555558 0.1883912037037037
6 0.1570138888888889 0.35356481481481483 0.2372048611111111 0.199380787037037
6 0.3714409722222222 0.23325810185185186 0.2420659722222222 0.2423784722222222
6 0.6142534722222223 0.2772511574074074 0.23243055555555542 0.19543981481481482
6 0.7679513888888889 0.42841435185185184 0.21739583333333332 0.22188657407407408
6 0.9379861111111112 0.5125 0.10708333333333328 0.2491898148148149
6 0.8144791666666666 0.1982523148148148 0.20225694444444464 0.24364583333333334
6 0.6303645833333333 0.07968171296296298 0.21739583333333332 0.15158564814814815
6 0.8239930555555557 0.016261574074074074 0.15748263888888872 0.021475694444444443
6 0.9604340277777776 0.1704224537037037 0.07545138888888872 0.16146990740740738
6 0.30565972222222226 0.028831018518518513 0.23475694444444448 0.05407407407407407
6 0.07109375 0.01380787037037037 0.1421875 0.02761574074074074
2 0.47078125000000004 0.5098206018518519 0.30616319444444445 0.27956597222222224
5 0.28692708333333333 0.449855324074074 0.09319444444444444 0.08114583333333343
5 0.18588541666666666 0.7069618055555555 0.07345486111111113 0.07162615740740748