6 0.06874131944444445 0.011684027777777778 0.1374826388888889 0.022586805555555554
6 0.3358506944444445 0.027013888888888893 0.23142361111111107 0.04416666666666667
6 0.5867361111111111 0.030243055555555554 0.10152777777777774 0.03659722222222221
6 0.7073784722222223 0.07828125 0.20868055555555554 0.1295138888888889
6 0.9114756944444444 0.02572916666666667 0.11767361111111115 0.013541666666666664
6 0.9044097222222224 0.2023090277777778 0.18355902777777758 0.21402777777777784
6 0.5223437499999999 0.19460069444444444 0.2071006944444445 0.2168923611111111
6 0.2709722222222222 0.20230902777777776 0.2422569444444445 0.21767361111111114
6 0.06776041666666667 0.2578298611111111 0.13552083333333334 0.21565972222222224
6 0.1492534722222222 0.4600173611111111 0.25546875 0.21640625
6 0.2571875 0.6884201388888889 0.21696180555555555 0.22803819444444445
6 0.08243055555555555 0.8297743055555555 0.1648611111111111 0.1828298611111112
6 0.21661458333333333 0.9461197916666666 0.23618055555555556 0.10776041666666672
6 0.45809027777777783 0.9120312500000001 0.24569444444444458 0.17593749999999986
6 0.5771006944444445 0.7925 0.275 0.21684027777777767
6 0.6760763888888889 0.903068576388889 0.2195833333333333 0.193862847222222
6 0.8168055555555556 0.6953819444444445 0.21875 0.21559027777777776
6 0.9078993055555555 0.6340625 0.13878472222222235 0.20756944444444442
6 0.8946527777777777 0.4922222222222222 0.17861111111111114 0.22562499999999996
6 0.7121006944444443 0.3943229166666667 0.19802083333333337 0.20576388888888886
2 0.4725173611111111 0.5063020833333333 0.3084375 0.33699652777777767