6 0.9673828125 0.11573350694444444 0.065234375 0.23146701388888888
6 0.4013541666666667 0.0263671875 0.2120312499999999 0.052734375
6 0.15526041666666665 0.14383680555555556 0.25036458333333333 0.21345486111111112
6 0.2540625 0.3806134259259259 0.2718229166666667 0.2664641203703703
6 0.14458333333333334 0.6885416666666666 0.21479166666666663 0.2760416666666668
6 0.10359375 0.7433159722222222 0.12322916666666668 0.23524305555555552
6 0.45421875 0.7279803240740741 0.2436979166666667 0.24204282407407404
6 0.30729166666666663 0.7796296296296296 0.2419270833333333 0.2739293981481481
6 0.7519791666666666 0.6597800925925925 0.21296874999999993 0.2370081018518519
6 0.9136328125000001 0.6246238425925925 0.17273437499999994 0.2709780092592592
6 0.9711458333333333 0.8407407407407408 0.05770833333333343 0.2524305555555557
6 0.8202604166666667 0.9556423611111111 0.18968750000000015 0.03975694444444429
2 0.5447916666666666 0.4653935185185185 0.30661458333333336 0.2856770833333334
5 0.9800520833333334 0.4697337962962963 0.03989583333333328 0.10104166666666661