6 0.14574652777777777 0.01920138888888889 0.23211805555555554 0.03840277777777778
6 0.3075520833333333 0.12213541666666665 0.24534722222222224 0.21784722222222222
6 0.11151041666666668 0.2343576388888889 0.21739583333333332 0.22503472222222226
6 0.22506944444444446 0.42020833333333335 0.24371527777777774 0.24982638888888892
6 0.31494791666666666 0.6659895833333334 0.23045138888888897 0.2151736111111111
6 0.5299826388888889 0.21255208333333334 0.22461805555555542 0.19864583333333333
6 0.7567708333333334 0.35836805555555556 0.24312499999999987 0.22326388888888893
6 0.8860069444444445 0.3 0.19901041666666686 0.20588541666666665
6 0.6130381944444444 0.018116319444444445 0.16277777777777783 0.03623263888888889
6 0.9871440972222223 0.45003472222222224 0.0257118055555555 0.1648263888888888
6 0.9169965277777777 0.8376215277777778 0.16600694444444458 0.20718749999999986
6 0.8131770833333334 0.8917534722222221 0.22588541666666656 0.18539930555555556
6 0.5297048611111111 0.9035243055555556 0.2444097222222222 0.1756597222222222
6 0.08687500000000001 0.8492708333333333 0.14104166666666668 0.23270833333333343
6 0.05914930555555555 0.6216493055555555 0.09532986111111112 0.21373263888888888
2 0.5110243055555556 0.4849826388888888 0.3036979166666667 0.27848958333333335