6 0.07109375 0.08671875 0.1421875 0.1734375
6 0.28984375 0.1890625 0.18515625 0.16015625
6 0.3125 0.3546875 0.1921875 0.1875
6 0.11328125 0.43984375 0.18359375 0.16953125
6 0.16484375 0.49375 0.1703125 0.15859375
6 0.2875 0.0453125 0.14140625 0.08515625
6 0.37890625 0.04453125 0.2046875 0.0890625
6 0.48671875 0.04921875 0.121875 0.0984375
6 0.46875 0.11796875 0.0015625 0.00234375
6 0.590625 0.15390625 0.2078125 0.16640625
6 0.7171875 0.06875 0.190625 0.1375
6 0.20546875 0.66875 0.1625 0.19453125
6 0.3265625 0.8375 0.19609375 0.19296875
6 0.30234375 0.98359375 0.146875 0.0328125
6 0.03125 0.8046875 0.059375 0.19296875
6 0.13828125 0.8234375 0.18359375 0.15078125
6 0.16796875 0.74296875 0.00234375 0.00390625
6 0.13671875 0.915625 0.234375 0.16796875
6 0.50078125 0.83828125 0.2390625 0.1125
6 0.503125 0.89296875 0.2078125 0.0875
6 0.5109375 0.95078125 0.203125 0.0984375
6 0.7375 0.88515625 0.1890625 0.1890625
6 0.89765625 0.73828125 0.08828125 0.10859375
6 0.9609375 0.76015625 0.078125 0.13515625
6 0.96171875 0.90234375 0.0765625 0.1109375
6 0.95703125 0.9765625 0.0859375 0.04609375
2 0.5015625 0.51015625 0.26953125 0.27265625
5 0.290625 0.63046875 0.075 0.07734375
5 0.1140625 0.76875 0.07421875 0.07890625
5 0.03359375 0.578125 0.06640625 0.09375
5 0.52421875 0.33125 0.0671875 0.09609375
4 0.84296875 0.50390625 0.31328125 0.36171875