6 0.9305729166666665 0.098125 0.13885416666666686 0.15756944444444446
6 0.7076446759259258 0.1901736111111111 0.19878472222222215 0.16826388888888885
6 0.6741608796296297 0.3591840277777778 0.2074826388888889 0.1965451388888889
6 0.8728819444444443 0.45121527777777776 0.19855902777777779 0.17762152777777782
6 0.8172511574074075 0.5055208333333333 0.18384837962962947 0.16637152777777792
6 0.7191030092592593 0.049618055555555554 0.14929398148148146 0.07041666666666667
6 0.6260416666666666 0.049114583333333336 0.21432291666666678 0.07498263888888888
6 0.5148263888888889 0.05133680555555555 0.12967592592592592 0.08168402777777777
6 0.5283564814814815 0.1134375 0.0017013888888888218 0.0023784722222222497
6 0.4019618055555556 0.14739583333333334 0.22263888888888878 0.1758159722222222
6 0.27920138888888885 0.06722222222222222 0.20326967592592596 0.1254513888888889
6 0.7644155092592593 0.6842708333333334 0.17821180555555535 0.2029166666666667
6 0.6299652777777778 0.8541666666666666 0.21171296296296305 0.20210069444444442
6 0.6479166666666666 0.991384548611111 0.15263310185185192 0.017230902777777855
6 0.9296122685185185 0.8271875 0.05702546296296305 0.19866319444444436
6 0.8238136574074074 0.843611111111111 0.1974479166666665 0.158871527777778
6 0.7982060185185185 0.7609027777777777 0.0025752314814814882 0.003958333333333286
6 0.8215682870370371 0.9232465277777777 0.24915509259259244 0.15350694444444457
6 0.4525752314814815 0.8510069444444444 0.2513831018518518 0.12105902777777758
6 0.4461631944444445 0.9064062499999999 0.21782407407407406 0.09456597222222243
6 0.4373611111111112 0.9559027777777779 0.2119907407407407 0.08819444444444428
6 0.2075173611111111 0.8940625000000001 0.20523148148148146 0.19805555555555543
6 0.0524363425925926 0.7388541666666667 0.09724537037037036 0.11373263888888889
6 0.017083333333333332 0.7586458333333334 0.034166666666666665 0.13916666666666674
6 0.01084490740740741 0.9039236111111112 0.02168981481481482 0.11409722222222243
6 0.011464120370370373 0.97890625 0.022928240740740746 0.0421875
2 0.4717476851851852 0.5142708333333333 0.2923553240740741 0.2858159722222222
5 0.6800578703703704 0.6425 0.08206597222222226 0.08140625000000004
5 0.8521006944444445 0.7886979166666667 0.0805497685185184 0.08215277777777778
5 0.9386747685185185 0.5950520833333333 0.05960069444444471 0.09729166666666664
5 0.45918981481481486 0.33015625000000004 0.07458333333333336 0.09996527777777775
4 0.14703703703703702 0.4995659722222222 0.29407407407407404 0.37725694444444446