6 0.06875 0.01171875 0.1375 0.0234375
6 0.3413773148148148 0.018340567129629632 0.23518518518518522 0.036681134259259264
6 0.5969618055555556 0.010653935185185186 0.10373263888888892 0.021307870370370373
6 0.7210358796296296 0.05566550925925926 0.21261574074074083 0.11133101851851852
6 0.9141493055555555 0.16020833333333334 0.16574074074074083 0.2187384259259259
6 0.5328703703703704 0.17228587962962963 0.20957754629629619 0.22237847222222223
6 0.27609953703703705 0.19394097222222223 0.2462962962962963 0.22346643518518516
6 0.06879340277777778 0.2619328703703704 0.13758680555555555 0.2206423611111111
6 0.15379050925925924 0.46211805555555563 0.26030092592592596 0.22232060185185176
6 0.265625 0.6874594907407408 0.22013888888888894 0.23361689814814818
6 0.08565538194444444 0.8413136574074074 0.17131076388888888 0.1874016203703704
6 0.2263888888888889 0.9461516203703703 0.24013310185185183 0.09920138888888914
6 0.472337962962963 0.900625 0.25 0.17597222222222228
6 0.5939814814814814 0.7768402777777779 0.27983217592592596 0.22289930555555557
6 0.6946180555555556 0.8831134259259258 0.2234664351851851 0.19703703703703682
6 0.8377025462962961 0.6650462962962964 0.22201967592592595 0.22118634259259268
6 0.9212962962962962 0.5993576388888889 0.11863425925925952 0.211099537037037
6 0.9055844907407409 0.45467013888888885 0.16151620370370381 0.2310995370370371
6 0.7286168981481482 0.3654861111111111 0.2013310185185185 0.2104282407407408
2 0.4843460648148148 0.4921238425925926 0.3132233796296296 0.344849537037037