6 0.1109375 0.23671875 0.20625 0.2453125
6 0.20703125 0.0671875 0.21796875 0.13359375
6 0.45234375 0.2390625 0.19609375 0.19453125
6 0.6671875 0.0875 0.2046875 0.17421875
6 0.79921875 0.05546875 0.2484375 0.1109375
6 0.0484375 0.47109375 0.09375 0.2125
6 0.22890625 0.45 0.21171875 0.17578125
6 0.19921875 0.63984375 0.21796875 0.1859375
6 0.3984375 0.7546875 0.221875 0.2265625
6 0.62734375 0.715625 0.2140625 0.18203125
6 0.77421875 0.57421875 0.2 0.20703125
6 0.9453125 0.496875 0.109375 0.234375
6 0.81328125 0.79140625 0.18515625 0.228125
6 0.63984375 0.91640625 0.2 0.1671875
6 0.8203125 0.9765625 0.1484375 0.04609375
6 0.95859375 0.8203125 0.0828125 0.153125
6 0.33359375 0.9625 0.21953125 0.075
6 0.0921875 0.975 0.1734375 0.05
2 0.496875 0.4953125 0.28203125 0.2609375
5 0.3234375 0.55078125 0.0859375 0.07578125
5 0.23359375 0.3078125 0.0671875 0.0671875