6 0.93046875 0.10505208333333334 0.1390625 0.1718402777777778
6 0.71953125 0.20321180555555554 0.20401041666666658 0.1699131944444444
6 0.7067708333333333 0.3745486111111111 0.21218749999999992 0.1989583333333334
6 0.909453125 0.46744791666666663 0.18109375000000014 0.18003472222222214
6 0.87109375 0.5225173611111111 0.1883333333333333 0.16878472222222224
6 0.71203125 0.05560763888888889 0.15296874999999996 0.08296875
6 0.6183854166666667 0.05508680555555555 0.2195833333333333 0.08756944444444444
6 0.5061979166666667 0.05727430555555556 0.13343750000000015 0.09423611111111112
6 0.5286979166666667 0.1256423611111111 0.0017187500000000356 0.0023784722222222054
6 0.40463541666666664 0.1603298611111111 0.22791666666666668 0.1774652777777778
6 0.2685416666666667 0.07305555555555555 0.20817708333333335 0.13880208333333333
6 0.8402083333333333 0.7028125000000001 0.18296874999999985 0.20532986111111118
6 0.7260937500000001 0.8750173611111112 0.2172395833333333 0.20453125000000014
6 0.9983854166666667 0.8466493055555555 0.003229166666666572 0.20114583333333336
6 0.9101432291666667 0.86453125 0.17971354166666664 0.16050347222222214
6 0.8844270833333333 0.7810243055555556 0.00338541666666643 0.0039756944444444995
6 0.9012369791666668 0.9340668402777779 0.19752604166666643 0.13186631944444435
6 0.5448958333333334 0.8717708333333334 0.25703125 0.12272569444444414
6 0.5463020833333333 0.92796875 0.22249999999999998 0.09621527777777779
6 0.5422916666666666 0.9668359375 0.2158854166666666 0.06632812500000007
6 0.30333333333333334 0.9072699652777778 0.2094270833333333 0.1854600694444443
6 0.12546875 0.7586979166666665 0.09973958333333335 0.11532986111111114
6 0.07843750000000001 0.7787152777777778 0.0625 0.1418055555555556
6 0.08671875 0.9263368055555556 0.05760416666666668 0.11517361111111128
6 0.09489583333333332 0.98984375 0.05916666666666666 0.0203125
2 0.52140625 0.5311284722222223 0.29932291666666677 0.28904513888888894
5 0.7492708333333333 0.6610069444444445 0.08348958333333342 0.08220486111111107
5 0.9432291666666666 0.8088541666666668 0.08276041666666671 0.08296874999999986
5 0.9876302083333333 0.6129513888888889 0.02473958333333357 0.09822916666666667
5 0.48562500000000003 0.34545138888888893 0.07692708333333335 0.10078125
4 0.18182291666666667 0.5157812500000001 0.31947916666666665 0.38076388888888885