6 0.05 0.165625 0.1 0.225
6 0.5109375 0.00234375 0.00390625 0.00234375
6 0.60859375 0.04375 0.19609375 0.0875
6 0.84765625 0.1671875 0.225 0.1953125
6 0.76953125 0.3953125 0.2421875 0.2453125
6 0.8984375 0.6859375 0.19453125 0.2546875
6 0.9421875 0.7359375 0.11484375 0.2203125
6 0.6015625 0.73359375 0.2171875 0.22265625
6 0.74375 0.77734375 0.21328125 0.253125
6 0.31484375 0.67890625 0.1875 0.21875
6 0.13359375 0.653125 0.20390625 0.2515625
6 0.07109375 0.8609375 0.1390625 0.2359375
6 0.27109375 0.975 0.17734375 0.05
2 0.49921875 0.48671875 0.2734375 0.2625
5 0.0625 0.50859375 0.08046875 0.09296875