6 0.15859375 0.020403645833333334 0.2280960648148148 0.04080729166666667
6 0.31886574074074076 0.12270833333333334 0.2444733796296296 0.2146354166666667
6 0.1212962962962963 0.23500000000000001 0.23307291666666666 0.22296875
6 0.24134837962962963 0.4152951388888889 0.24328703703703702 0.2458333333333334
6 0.3339699074074074 0.6571875 0.22951388888888885 0.21118055555555557
6 0.537962962962963 0.21166666666666667 0.22424768518518512 0.1954513888888889
6 0.7637731481481481 0.3552083333333333 0.24230324074074083 0.2192708333333334
6 0.8898726851851851 0.2976736111111111 0.19875578703703703 0.20269097222222224
6 0.616550925925926 0.01904513888888889 0.1612268518518519 0.03809027777777778
6 0.9891782407407408 0.4445833333333333 0.021643518518518333 0.16173611111111122
6 0.9232060185185185 0.8266666666666668 0.15358796296296298 0.20402777777777778
6 0.8264467592592591 0.8862847222222221 0.22505787037037023 0.19624999999999987
6 0.5493055555555555 0.8979166666666668 0.24418402777777787 0.18574652777777773
6 0.10619212962962962 0.8405208333333334 0.15827546296296297 0.22677083333333314
6 0.07511574074074075 0.6136805555555556 0.11238425925925925 0.2101388888888888
2 0.5236400462962962 0.47939236111111116 0.3028645833333334 0.2736979166666666