6 0.07890625 0.01875 0.1484375 0.0375
6 0.3484375 0.0296875 0.22109375 0.05390625
6 0.59140625 0.02578125 0.09765625 0.05078125
6 0.7125 0.06953125 0.196875 0.13671875
6 0.90703125 0.015625 0.1140625 0.02890625
6 0.91171875 0.19453125 0.17578125 0.20234375
6 0.53515625 0.19375 0.1921875 0.20625
6 0.29140625 0.20625 0.2265625 0.20625
6 0.0796875 0.26796875 0.15703125 0.20703125
6 0.184375 0.459375 0.2390625 0.2046875
6 0.29921875 0.67734375 0.20078125 0.21640625
6 0.12578125 0.81875 0.171875 0.1734375
6 0.271875 0.9390625 0.2234375 0.12109375
6 0.50546875 0.90390625 0.2296875 0.1921875
6 0.6140625 0.771875 0.2578125 0.2046875
6 0.71484375 0.8796875 0.2046875 0.1890625
6 0.84296875 0.67265625 0.20390625 0.2046875
6 0.934375 0.6125 0.13125 0.1984375
6 0.91484375 0.475 0.1703125 0.21640625
6 0.728125 0.3828125 0.18359375 0.1953125
2 0.5 0.496875 0.2859375 0.3203125