6 0.1676388888888889 0.06919560185185185 0.2384027777777778 0.13767361111111112
6 0.426880787037037 0.09298611111111112 0.2365509259259259 0.18061921296296296
6 0.38046875 0.21370949074074072 0.21329861111111104 0.18669560185185183
6 0.11340856481481483 0.26875 0.2187615740740741 0.265625
6 0.29356481481481483 0.4177083333333333 0.2185416666666667 0.20548032407407407
6 0.6437962962962963 0.2172222222222222 0.2306770833333333 0.21962962962962962
6 0.8703993055555556 0.19390625 0.19719907407407397 0.22328703703703706
6 0.8984375 0.03087384259259259 0.203125 0.04994212962962963
6 0.9321643518518519 0.5029571759259259 0.13567129629629626 0.23702546296296295
6 0.7816319444444444 0.5986284722222223 0.22898148148148145 0.2414872685185184
6 0.9919502314814814 0.7221238425925927 0.01609953703703724 0.19634837962962964
6 0.9495081018518519 0.9875983796296296 0.1009837962962962 0.02480324074074076
6 0.40152777777777776 0.7926446759259258 0.25909722222222237 0.20343750000000008
6 0.48205439814814816 0.9514004629629629 0.25997106481481486 0.09719907407407433
6 0.06039351851851852 0.8783796296296297 0.07465277777777776 0.19972800925925932
2 0.5199363425925926 0.492025462962963 0.2937037037037037 0.3169502314814814
5 0.2001099537037037 0.08427662037037037 0.10190393518518519 0.09135995370370369