6 0.11015625 0.02890625 0.2 0.0578125
6 0.4203125 0.09375 0.2171875 0.1875
6 0.56953125 0.04296875 0.25 0.08515625
6 0.6359375 0.2140625 0.22109375 0.2125
6 0.84921875 0.103125 0.20625 0.203125
6 0.93125 0.3671875 0.1375 0.2359375
6 0.884375 0.590625 0.1625 0.178125
6 0.7 0.69453125 0.2046875 0.1953125
6 0.3328125 0.28828125 0.20234375 0.18359375
6 0.11171875 0.19140625 0.22109375 0.19140625
6 0.0796875 0.478125 0.15859375 0.20859375
6 0.278125 0.53125 0.19609375 0.2203125
6 0.14765625 0.72265625 0.24453125 0.1890625
6 0.46875 0.77265625 0.2234375 0.18359375
6 0.2796875 0.92578125 0.2 0.1484375
6 0.4953125 0.95390625 0.20234375 0.0921875
6 0.73515625 0.925 0.2234375 0.15
6 0.06328125 0.90078125 0.12421875 0.1984375
2 0.50703125 0.50546875 0.26328125 0.28203125