6 0.03003472222222222 0.016064814814814816 0.06006944444444444 0.03212962962962963
6 0.17017361111111112 0.0665625 0.23722222222222222 0.1315972222222222
6 0.3485069444444444 0.18401041666666668 0.24267361111111113 0.2011863425925926
6 0.5260416666666666 0.0897974537037037 0.2239583333333332 0.1673263888888889
6 0.7003993055555556 0.20406249999999998 0.2071527777777778 0.21940393518518517
6 0.8289409722222223 0.04898726851851852 0.2641319444444445 0.07732638888888889
6 0.9198828125 0.2050173611111111 0.16023437499999993 0.21645833333333336
6 0.8101909722222222 0.43530092592592595 0.2122916666666665 0.20464120370370367
6 0.22984374999999999 0.397025462962963 0.21253472222222225 0.21557870370370366
6 0.03670138888888889 0.3160648148148148 0.06333333333333332 0.17900462962962962
6 0.19012152777777777 0.6830613425925927 0.21932291666666667 0.2047453703703704
6 0.3934722222222223 0.8368055555555556 0.21501736111111108 0.18671875
6 0.6403125000000001 0.8037557870370371 0.22529513888888886 0.227482638888889
6 0.8668055555555554 0.8039872685185185 0.18968750000000015 0.20664930555555544
6 0.9886545138888888 0.6426851851851852 0.022690972222222428 0.20519675925925931
6 0.9778125 0.9147569444444444 0.044375000000000143 0.17048611111111106
6 0.5248958333333333 0.9828356481481482 0.15715277777777778 0.03432870370370367
6 0.27880208333333334 0.9811458333333334 0.12121527777777778 0.03770833333333314
6 0.0903125 0.9703125 0.13881944444444444 0.059375
2 0.5285416666666667 0.5185995370370371 0.3788715277777778 0.3906423611111112