6 0.16684027777777777 0.05985532407407407 0.24366319444444445 0.11894097222222222
6 0.42652777777777773 0.08288194444444444 0.2438194444444445 0.1611111111111111
6 0.3706423611111111 0.1950173611111111 0.22200231481481475 0.18828125
6 0.10492621527777776 0.25080439814814814 0.20985243055555552 0.2672280092592592
6 0.26393518518518516 0.39978587962962964 0.22701967592592592 0.20706018518518512
6 0.6361747685185185 0.1985474537037037 0.24030671296296297 0.2204340277777778
6 0.868125 0.17525462962962962 0.20620949074074063 0.22486689814814817
6 0.9038541666666667 0.020763888888888887 0.19229166666666658 0.02953703703703704
6 0.9052141203703705 0.48582175925925924 0.1468865740740739 0.23848379629629637
6 0.7416608796296297 0.5815277777777779 0.23847800925925924 0.2422858796296296
6 0.9484548611111112 0.705769675925926 0.03197916666666671 0.19702546296296292
6 0.8843171296296297 0.9798379629629629 0.11840277777777786 0.04032407407407419
6 0.33923032407407405 0.7778530092592593 0.2682407407407408 0.20424189814814805
6 0.4066203703703703 0.9441999421296297 0.26691550925925933 0.11160011574074069
6 0.013344907407407408 0.8627662037037037 0.026689814814814816 0.20053240740740746
2 0.48614583333333333 0.47490162037037037 0.30629629629629634 0.31931712962962955
5 0.19937500000000002 0.06478587962962963 0.10619791666666667 0.09215277777777779