6 0.49375578703703704 0.03939525462962963 0.2461053240740741 0.07879050925925926
6 0.7552951388888889 0.14348958333333334 0.1941608796296297 0.20011574074074073
6 0.980480324074074 0.2392071759259259 0.03903935185185183 0.2015625
6 0.8388425925925926 0.34534143518518523 0.21644675925925938 0.17679398148148148
6 0.4605381944444444 0.2028645833333333 0.2431712962962962 0.18969907407407405
6 0.2636747685185185 0.4293981481481482 0.15969907407407408 0.24438657407407405
6 0.36560185185185184 0.7104456018518519 0.1997685185185185 0.20989583333333323
6 0.46314236111111107 0.9065682870370371 0.2095949074074074 0.13570601851851832
6 0.6952777777777778 0.896412037037037 0.1953240740740741 0.1206018518518519
6 0.8797511574074075 0.8366030092592591 0.21387731481481467 0.2140625
6 0.7770023148148149 0.6056712962962962 0.22747685185185168 0.28920717592592593
6 0.2380960648148148 0.9201099537037039 0.17531249999999998 0.13940972222222214
6 0.06032986111111112 0.9575231481481481 0.09334490740740739 0.08495370370370381
2 0.5190335648148149 0.45584490740740746 0.34908564814814813 0.385619212962963
5 0.4881886574074074 0.8022569444444445 0.08008680555555561 0.08553240740740727