6 0.1390625 0.08671875 0.20390625 0.165625
6 0.3421875 0.096875 0.16796875 0.19140625
6 0.6984375 0.1734375 0.20390625 0.1734375
6 0.9078125 0.18125 0.18359375 0.16015625
6 0.96640625 0.04765625 0.0671875 0.0921875
6 0.89375 0.01640625 0.10703125 0.0328125
6 0.90859375 0.41015625 0.1828125 0.2109375
6 0.73984375 0.51328125 0.1890625 0.1625
6 0.79296875 0.61484375 0.16796875 0.16953125
6 0.8828125 0.803125 0.1921875 0.21015625
6 0.97578125 0.740625 0.0484375 0.115625
6 0.49140625 0.7375 0.17890625 0.2046875
6 0.65390625 0.7609375 0.21328125 0.20703125
6 0.28125 0.73359375 0.19453125 0.1890625
6 0.1703125 0.54921875 0.1875 0.1875
6 0.16953125 0.28984375 0.221875 0.1859375
6 0.0359375 0.3984375 0.07109375 0.17734375
6 0.0578125 0.7828125 0.1125 0.2390625
6 0.1140625 0.95078125 0.20390625 0.0984375
6 0.36015625 0.92734375 0.2265625 0.14453125
2 0.5 0.503125 0.26484375 0.24296875