6 0.8881655092592592 0.3654571759259259 0.19579861111111113 0.22304398148148144
6 0.8713541666666668 0.6896759259259259 0.19608217592592608 0.22851273148148152
6 0.9250520833333333 0.007751736111111111 0.14911458333333344 0.015503472222222222
6 0.7790277777777778 0.09815682870370371 0.23803819444444443 0.19631365740740742
6 0.49780092592592595 0.12533564814814815 0.2743692129629629 0.23279513888888886
6 0.6866261574074074 0.2927199074074074 0.2447800925925927 0.264363425925926
6 0.6304282407407408 0.7291550925925925 0.27285879629629617 0.21872106481481488
6 0.5407638888888889 0.9076909722222222 0.27034722222222224 0.17028356481481488
6 0.8650115740740741 0.8872743055555556 0.18603009259259268 0.20026041666666644
6 0.8228993055555556 0.9316145833333334 0.22133680555555557 0.1133506944444445
6 0.19755208333333335 0.17974537037037036 0.20262731481481477 0.21924189814814818
6 0.04114004629629629 0.09548032407407407 0.08228009259259259 0.18793402777777776
6 0.25405092592592593 0.8666608796296297 0.2484780092592592 0.2152372685185185
6 0.23288773148148145 0.988755787037037 0.18822916666666673 0.016840277777777857
6 0.15539930555555556 0.5410300925925926 0.25886574074074076 0.23490740740740748
6 0.09679976851851851 0.6522627314814814 0.19359953703703703 0.22047453703703718
6 0.04400028935185185 0.8787384259259259 0.0880005787037037 0.21361689814814824
6 0.024243344907407406 0.9922280092592594 0.04848668981481481 0.015532407407407333
6 0.04777777777777777 0.32108796296296294 0.09555555555555555 0.23282407407407407
2 0.4695891203703704 0.48875578703703704 0.32750578703703714 0.3241377314814814