6 0.36198495370370376 0.9009548611111111 0.2309722222222222 0.16186342592592595
6 0.598125 0.8873842592592591 0.21905092592592598 0.15708912037037023
6 0.7221585648148148 0.693113425925926 0.23297453703703716 0.23049768518518512
6 0.8886226851851852 0.8180266203703704 0.21139467592592603 0.2195601851851851
6 0.2463020833333333 0.66640625 0.22931134259259256 0.2348958333333334
6 0.12039930555555556 0.3557581018518518 0.21587384259259257 0.27592592592592596
6 0.05796296296296296 0.11961805555555556 0.11292824074074075 0.19670138888888888
6 0.2605497685185185 0.016087962962962964 0.16641203703703705 0.03217592592592593
6 0.43145254629629626 0.09733072916666666 0.22302083333333336 0.19466145833333331
6 0.5093923611111111 0.10357349537037037 0.19568865740740743 0.20714699074074075
6 0.8210243055555555 0.24033564814814815 0.20872685185185205 0.21313657407407405
6 0.9076953124999999 0.3061053240740741 0.18460937500000013 0.21128472222222222
6 0.7491145833333334 0.5021122685185185 0.16939236111111117 0.18998842592592596
6 0.8643113425925926 0.5155381944444445 0.1848032407407409 0.20202546296296298
2 0.5302314814814815 0.425 0.29385416666666675 0.30894097222222217