6 0.16875 0.07265625 0.2265625 0.14296875
6 0.41953125 0.09296875 0.225 0.1859375
6 0.36953125 0.215625 0.20234375 0.1796875
6 0.10546875 0.27265625 0.2109375 0.2546875
6 0.27890625 0.4140625 0.20625 0.1984375
6 0.625 0.2171875 0.21796875 0.2109375
6 0.846875 0.19296875 0.18515625 0.21484375
6 0.87890625 0.02890625 0.196875 0.0578125
6 0.91875 0.49296875 0.1625 0.2296875
6 0.74765625 0.5859375 0.215625 0.23203125
6 0.97265625 0.70546875 0.05390625 0.1875
6 0.92265625 0.97578125 0.1390625 0.0484375
6 0.37265625 0.77734375 0.24609375 0.1953125
6 0.446875 0.94296875 0.25 0.1140625
6 0.03671875 0.86328125 0.07265625 0.19140625
2 0.496875 0.484375 0.2765625 0.30546875
5 0.19765625 0.09140625 0.096875 0.0875