6 0.1074074074074074 0.03142361111111111 0.2062789351851852 0.06211805555555555
6 0.41727430555555556 0.11260416666666666 0.23263888888888892 0.19722222222222224
6 0.57265625 0.06777777777777778 0.2593171296296296 0.09484374999999998
6 0.6271122685185185 0.2426388888888889 0.23940972222222215 0.22555555555555556
6 0.8494502314814815 0.14043402777777778 0.2229166666666668 0.21314236111111112
6 0.9078414351851851 0.4103125 0.1466724537037038 0.2455729166666666
6 0.8503761574074075 0.6358506944444444 0.17826967592592596 0.18857638888888886
6 0.6566261574074075 0.7330555555555556 0.22173032407407406 0.20763888888888893
6 0.3152488425925926 0.3048090277777778 0.2184606481481482 0.19503472222222218
6 0.10901331018518519 0.19644097222222223 0.21802662037037038 0.20446180555555554
6 0.06634114583333332 0.4856076388888889 0.13268229166666665 0.21883680555555554
6 0.24155092592592592 0.5484375 0.21420717592592595 0.23222222222222227
6 0.11301359953703702 0.7371006944444444 0.22602719907407404 0.2024131944444445
6 0.41640625 0.801545138888889 0.2395543981481481 0.19597222222222221
6 0.21316550925925926 0.9336805555555555 0.2151041666666666 0.13263888888888892
6 0.42748842592592595 0.9668098958333333 0.21087962962962958 0.06638020833333336
6 0.6725983796296295 0.9428819444444445 0.23553240740740727 0.11423611111111107
6 0.03342013888888888 0.903125 0.06684027777777776 0.19375
2 0.4754918981481482 0.53296875 0.28758680555555555 0.2977777777777778