6 0.12161458333333333 0.08660300925925926 0.21614583333333334 0.17193287037037036
6 0.33305555555555555 0.10694444444444444 0.18076388888888886 0.19560185185185186
6 0.7071875000000001 0.1950810185185185 0.21729166666666658 0.18836805555555552
6 0.9117361111111112 0.20891203703703703 0.17244791666666687 0.17265625
6 0.9771701388888889 0.07919560185185186 0.04565972222222214 0.08755787037037037
6 0.9122743055555557 0.0439525462962963 0.11060763888888872 0.024392361111111115
6 0.90796875 0.4488136574074074 0.17053819444444435 0.22722800925925918
6 0.7422743055555555 0.5513599537037037 0.201423611111111 0.1768518518518519
6 0.7953819444444444 0.6596643518518519 0.17970486111111103 0.18307291666666678
6 0.8824479166666667 0.8583622685185185 0.20251736111111107 0.2260706018518519
6 0.9697916666666668 0.7982638888888889 0.028454861111111285 0.12126736111111107
6 0.4769097222222222 0.776099537037037 0.19145833333333329 0.22019675925925916
6 0.6466840277777778 0.8066261574074074 0.22746527777777778 0.22465277777777787
6 0.2567013888888889 0.7632523148148149 0.20750000000000002 0.2043981481481481
6 0.1461284722222222 0.5668113425925926 0.20121527777777776 0.20260416666666678
6 0.15057291666666667 0.2964409722222222 0.23713541666666665 0.2031539351851852
6 0.022343750000000002 0.4025173611111111 0.044687500000000005 0.18628472222222214
6 0.04012152777777778 0.8048900462962962 0.08024305555555555 0.2535300925925924
6 0.09125 0.9640625 0.1825 0.071875
6 0.3353645833333333 0.944263599537037 0.2378298611111111 0.11147280092592596
2 0.49171875 0.5319155092592592 0.28218750000000004 0.26336805555555554