6 0.3400868055555556 0.00031828703703703636 0.12392361111111114 0.0006365740740740727
6 0.15710069444444447 0.3478877314814815 0.26407986111111115 0.34360532407407407
6 0.28484375 0.510619212962963 0.22465277777777776 0.24620949074074067
6 0.03491319444444444 0.38058449074074074 0.04595486111111111 0.24427083333333338
6 0.10951388888888888 0.7033564814814814 0.16652777777777777 0.23703703703703702
6 0.1702777777777778 0.9084780092592591 0.23895833333333333 0.18200231481481452
6 0.055121527777777776 0.9409143518518519 0.031770833333333325 0.11817129629629619
6 0.4185590277777777 0.772511574074074 0.25256944444444435 0.277662037037037
6 0.5134722222222222 0.8480324074074075 0.25687499999999996 0.2692418981481481
6 0.8013715277777778 0.828761574074074 0.2696527777777778 0.24085648148148167
6 0.8812326388888888 0.6536458333333334 0.20548611111111087 0.20104166666666679
6 0.9432638888888889 0.7359085648148148 0.11347222222222228 0.25370370370370365
6 0.6472395833333333 0.28356481481481477 0.269392361111111 0.18234953703703702
6 0.7728125 0.4502893518518519 0.2609895833333333 0.274074074074074
6 0.9345659722222223 0.4148726851851852 0.13086805555555542 0.2538194444444445
6 0.6259375 0.13880208333333333 0.26996527777777785 0.21278935185185185
6 0.7161284722222222 0.08831018518518519 0.25413194444444437 0.17662037037037037
6 0.886775173611111 0.18912037037037038 0.226449652777778 0.2538483796296296
6 0.94921875 0.050549768518518515 0.1015625 0.10109953703703703
2 0.5270659722222223 0.5024305555555555 0.31604166666666667 0.3369502314814815
5 0.42746527777777776 0.32144097222222223 0.08592013888888879 0.09053819444444447