6 0.09921875 0.3859375 0.1984375 0.21171875
6 0.0984375 0.696875 0.196875 0.21796875
6 0.08046875 0.02421875 0.1609375 0.0484375
6 0.2265625 0.109375 0.21875 0.21875
6 0.3484375 0.01015625 0.16640625 0.0203125
6 0.4953125 0.14921875 0.25234375 0.21953125
6 0.30546875 0.3125 0.22265625 0.25078125
6 0.3375 0.73046875 0.2515625 0.20625
6 0.41484375 0.91015625 0.2515625 0.1796875
6 0.0953125 0.8953125 0.18984375 0.20859375
6 0.14296875 0.9375 0.209375 0.125
6 0.78203125 0.196875 0.184375 0.20703125
6 0.95078125 0.1140625 0.0984375 0.17890625
6 0.69296875 0.8578125 0.228125 0.203125
6 0.7078125 0.98359375 0.18046875 0.0328125
6 0.8046875 0.54375 0.2375 0.221875
6 0.884375 0.65 0.23125 0.20703125
6 0.9296875 0.86640625 0.140625 0.2015625
6 0.94140625 0.984375 0.11171875 0.03125
6 0.653125 0.00546875 0.078125 0.0109375
6 0.940625 0.33046875 0.11875 0.221875
2 0.5046875 0.49765625 0.29921875 0.30625