6 0.03203125 0.02578125 0.06328125 0.05078125
6 0.16796875 0.07265625 0.22734375 0.1453125
6 0.33828125 0.19296875 0.23125 0.19140625
6 0.5140625 0.09140625 0.21328125 0.1796875
6 0.67890625 0.20703125 0.196875 0.21015625
6 0.80859375 0.046875 0.25546875 0.09296875
6 0.89609375 0.2046875 0.15703125 0.20703125
6 0.78125 0.4296875 0.20234375 0.1953125
6 0.21796875 0.40078125 0.20234375 0.20625
6 0.03203125 0.328125 0.0609375 0.17578125
6 0.1734375 0.67890625 0.209375 0.1953125
6 0.3671875 0.825 0.2046875 0.178125
6 0.60859375 0.78984375 0.2140625 0.21796875
6 0.828125 0.78671875 0.1796875 0.1984375
6 0.97109375 0.63046875 0.0578125 0.1984375
6 0.9578125 0.90546875 0.084375 0.1890625
6 0.49296875 0.975 0.153125 0.04921875
6 0.2546875 0.975 0.11484375 0.04921875
6 0.0703125 0.96640625 0.13203125 0.06640625
2 0.50546875 0.51484375 0.36015625 0.37421875