6 0.3011226851851852 0.08229166666666667 0.24150462962962962 0.14791666666666667
6 0.5489409722222222 0.09017361111111112 0.22633680555555563 0.14100694444444445
6 0.6783622685185184 0.28229166666666666 0.24275462962962954 0.2321527777777778
6 0.8505787037037038 0.14743055555555556 0.22039351851851877 0.2218055555555556
6 0.18285300925925926 0.32447916666666665 0.23913194444444447 0.23744791666666662
6 0.08055410879629629 0.6486979166666667 0.16110821759259258 0.2794270833333332
6 0.022390046296296297 0.8940972222222221 0.044780092592592594 0.2006944444444443
6 0.19493055555555555 0.9902951388888889 0.1716898148148148 0.019409722222222214
6 0.37537037037037035 0.9040060763888889 0.23018518518518513 0.19198784722222229
6 0.4574305555555555 0.8969270833333333 0.20390625 0.20614583333333342
6 0.7810648148148148 0.7480729166666666 0.21690393518518505 0.21463541666666686
6 0.8733564814814816 0.6746527777777778 0.19815393518518504 0.2138020833333334
6 0.7057349537037038 0.47927083333333337 0.17600694444444437 0.19255208333333335
6 0.8264814814814816 0.4611458333333333 0.1921990740740739 0.20418402777777783
2 0.47805555555555557 0.5662499999999999 0.3061400462962963 0.31213541666666667