6 0.09321759259259259 0.3856076388888889 0.18643518518518518 0.2225347222222222
6 0.09089409722222222 0.7020138888888889 0.18178819444444444 0.22800347222222223
6 0.07734085648148148 0.0248046875 0.15468171296296296 0.049609375
6 0.2186689814814815 0.10850694444444445 0.225162037037037 0.2170138888888889
6 0.343599537037037 0.004392361111111111 0.169050925925926 0.008784722222222222
6 0.4899537037037037 0.12890625 0.2587673611111111 0.23401041666666664
6 0.29609375 0.30303819444444446 0.22876157407407405 0.26390624999999995
6 0.32184027777777774 0.7258333333333333 0.25699652777777776 0.21987847222222215
6 0.3973726851851852 0.8973611111111112 0.25562499999999994 0.18000000000000008
6 0.08527054398148148 0.8967187500000001 0.17054108796296297 0.205746527777778
6 0.12117476851851854 0.9377430555555556 0.21182291666666667 0.12184027777777758
6 0.7798495370370371 0.16520833333333335 0.1898321759259259 0.2184548611111111
6 0.9498495370370371 0.08305555555555555 0.0995601851851852 0.1661111111111111
6 0.6800868055555556 0.8387326388888889 0.2335243055555555 0.2164930555555557
6 0.6915856481481482 0.9584548611111112 0.1815509259259258 0.02836805555555557
6 0.7973090277777778 0.514982638888889 0.24395833333333333 0.23569444444444443
6 0.8738483796296297 0.6185416666666667 0.2351678240740739 0.22203125000000004
6 0.9166782407407407 0.8368055555555556 0.1436805555555555 0.2125
6 0.928304398148148 0.9479340277777777 0.11436342592592581 0.02538194444444457
6 0.9356597222222224 0.29335069444444445 0.12208333333333314 0.2302777777777778
2 0.49487847222222225 0.4815798611111111 0.30693865740740733 0.32359375