6 0.8021990740740741 0.909699074074074 0.20972222222222214 0.10444444444444442
6 0.5765335648148149 0.8972280092592593 0.20839120370370381 0.15271990740740726
6 0.5557002314814815 0.7649710648148147 0.20868055555555554 0.18158564814814823
6 0.33857060185185184 0.7115104166666667 0.2102141203703704 0.18088541666666663
6 0.13955439814814813 0.6532118055555556 0.21704282407407405 0.2178877314814816
6 0.0948857060185185 0.9007928240740741 0.189771412037037 0.19626736111111107
6 0.2497974537037037 0.9609548611111112 0.1869502314814815 0.05803819444444471
6 0.02548466435185185 0.7425868055555556 0.0509693287037037 0.19529513888888878
6 0.87890625 0.7333969907407407 0.19195601851851835 0.21424768518518517
6 0.7546006944444444 0.5316493055555556 0.1941550925925924 0.18940972222222213
6 0.921701388888889 0.5042708333333333 0.12291666666666642 0.20287037037037053
6 0.844849537037037 0.32657407407407407 0.19560185185185192 0.20741898148148152
6 0.6487268518518519 0.29541666666666666 0.18139467592592595 0.2238368055555556
6 0.9515335648148149 0.2461863425925926 0.08336226851851833 0.22967013888888888
6 0.8646701388888889 0.10721643518518517 0.21912615740740726 0.21097800925925925
6 0.6446759259259259 0.09157986111111112 0.20347222222222214 0.18315972222222224
6 0.7163773148148149 0.005914351851851851 0.20474537037037024 0.011828703703703702
6 0.3673611111111111 0.22891203703703705 0.1841435185185185 0.2348958333333333
6 0.24088541666666666 0.27523726851851854 0.19597800925925926 0.21757523148148153
6 0.1091724537037037 0.43228587962962967 0.2183449074074074 0.1916782407407407
6 0.028392650462962965 0.2842766203703704 0.05678530092592593 0.20328125000000002
6 0.10011574074074074 0.1525462962962963 0.20023148148148148 0.1699074074074074
6 0.12309027777777777 0.029942129629629628 0.21006944444444448 0.059884259259259255
6 0.9330150462962962 0.9356655092592593 0.06197916666666643 0.03128472222222243
2 0.48498263888888893 0.4848090277777778 0.36154513888888895 0.3719733796296296
5 0.5374710648148149 0.008749999999999999 0.06568287037037024 0.017499999999999998