6 0.1828125 0.05078125 0.196875 0.1015625
6 0.4015625 0.07578125 0.19453125 0.14921875
6 0.42421875 0.20859375 0.19453125 0.165625
6 0.63515625 0.27109375 0.19609375 0.1640625
6 0.828125 0.3375 0.20078125 0.19921875
6 0.871875 0.09609375 0.19296875 0.1875
6 0.7109375 0.02890625 0.178125 0.0578125
6 0.9578125 0.2578125 0.084375 0.18515625
6 0.1109375 0.2234375 0.18515625 0.1984375
6 0.240625 0.4234375 0.1796875 0.1734375
6 0.06796875 0.4421875 0.1359375 0.18984375
6 0.1609375 0.6171875 0.18125 0.18984375
6 0.35078125 0.65703125 0.16640625 0.20703125
6 0.04921875 0.69296875 0.09765625 0.21796875
6 0.14921875 0.828125 0.20390625 0.19296875
6 0.31640625 0.99140625 0.0078125 0.0171875
6 0.31796875 0.9890625 0.0015625 0.0078125
6 0.36171875 0.85703125 0.1890625 0.171875
6 0.29921875 0.9671875 0.19609375 0.065625
6 0.62421875 0.7359375 0.16953125 0.21796875
6 0.74375 0.696875 0.18125 0.20078125
6 0.87734375 0.55390625 0.2265625 0.17578125
6 0.9625 0.7 0.075 0.19375
6 0.896875 0.82578125 0.20625 0.153125
6 0.8671875 0.95859375 0.2 0.0828125
6 0.04296875 0.0203125 0.0859375 0.040625
2 0.50234375 0.4828125 0.334375 0.34140625
5 0.4703125 0.96328125 0.059375 0.05625