6 0.11148148148148149 0.96515625 0.2125752314814815 0.06873263888888914
6 0.3441666666666667 0.9392245370370371 0.21310185185185188 0.11715277777777758
6 0.3763888888888889 0.8171643518518519 0.21657407407407403 0.17574652777777794
6 0.6037152777777778 0.7498842592592592 0.21726273148148145 0.17418981481481488
6 0.8125231481481482 0.6788368055555556 0.22495370370370366 0.21173032407407408
6 0.843900462962963 0.9136574074074073 0.2125694444444445 0.16087962962962976
6 0.6710300925925926 0.9844386574074073 0.1894849537037036 0.02170717592592588
6 0.9263194444444445 0.7615509259259259 0.06777777777777771 0.19494791666666664
6 0.07452546296296296 0.8055439814814814 0.14905092592592592 0.2107870370370371
6 0.19606481481481483 0.5920370370370371 0.20145833333333335 0.1842245370370371
6 0.04611689814814815 0.5737731481481482 0.0922337962962963 0.2016724537037037
6 0.12381944444444445 0.387974537037037 0.20408564814814817 0.20220486111111108
6 0.32710069444444445 0.3442997685185185 0.18952546296296297 0.22005787037037033
6 0.03398726851851852 0.3122048611111111 0.06797453703703704 0.2302777777777778
6 0.1245138888888889 0.16541087962962964 0.22766203703703702 0.20472222222222225
6 0.3513194444444444 0.13327546296296294 0.21074074074074076 0.18273148148148147
6 0.2889583333333333 0.02743055555555556 0.20958333333333332 0.05486111111111112
6 0.6218518518518519 0.2593402777777778 0.19251736111111112 0.23101273148148146
6 0.7460069444444445 0.2990277777777778 0.20473379629629634 0.2131423611111111
6 0.8650115740740741 0.4519849537037037 0.22645833333333343 0.18440972222222224
6 0.9602083333333333 0.29509837962962965 0.055787037037037024 0.20344907407407406
6 0.8968460648148149 0.16515625 0.19478587962962948 0.16387152777777775
6 0.8915740740740741 0.03360532407407407 0.21602430555555543 0.06721064814814814
2 0.4763310185185185 0.5274884259259259 0.3760300925925925 0.3627835648148148
5 0.47098958333333335 0.026493055555555554 0.06739583333333332 0.05298611111111111