6 0.3140625 0.07578125 0.2234375 0.1453125
6 0.55 0.071875 0.21171875 0.14140625
6 0.68359375 0.25625 0.221875 0.2140625
6 0.84296875 0.11953125 0.20078125 0.2046875
6 0.2109375 0.31796875 0.21796875 0.21875
6 0.1015625 0.63671875 0.20234375 0.2609375
6 0.0515625 0.8765625 0.103125 0.1890625
6 0.259375 0.97734375 0.1640625 0.0453125
6 0.42578125 0.890625 0.21171875 0.21796875
6 0.50234375 0.8640625 0.18515625 0.203125
6 0.7390625 0.9765625 0.16953125 0.04609375
6 0.80546875 0.7 0.1984375 0.1984375
6 0.8984375 0.62734375 0.19453125 0.196875
6 0.7203125 0.44453125 0.16015625 0.178125
6 0.834375 0.42265625 0.175 0.1890625
2 0.50625 0.5375 0.27890625 0.28828125