6 0.17265625 0.08400318287037037 0.14453125 0.16800636574074074
6 0.2900462962962963 0.0681004050925926 0.22931134259259256 0.1362008101851852
6 0.7777199074074075 0.1942939814814815 0.241869212962963 0.18299189814814815
6 0.8949146412037038 0.34496527777777775 0.21017071759259237 0.2414641203703704
6 0.7593171296296296 0.5203009259259259 0.26967592592592593 0.21678240740740745
6 0.7980613425925926 0.7224131944444444 0.23865740740740743 0.2017129629629629
6 0.8982060185185186 0.7746875 0.20358796296296297 0.2391898148148149
6 0.9239293981481481 0.9285648148148148 0.15214120370370382 0.13078703703703703
6 0.953884548611111 0.9141435185185184 0.09223090277777786 0.15794560185185205
6 0.5253761574074074 0.7236516203703703 0.29936342592592596 0.21700231481481486
6 0.27511574074074074 0.7817708333333334 0.2268518518518518 0.22037037037037024
6 0.25243055555555555 0.9499537037037037 0.21921296296296297 0.09847222222222243
6 0.08162615740740742 0.9168344907407407 0.10066550925925925 0.1663252314814816
2 0.5046585648148147 0.5018692129629629 0.2698206018518519 0.26286458333333335