6 0.9810026041666667 0.8835243055555555 0.03799479166666657 0.20601851851851832
6 0.9161197916666666 0.8072337962962962 0.16776041666666686 0.20760416666666687
6 0.9094401041666668 0.9569039351851852 0.18111979166666642 0.063003472222222
6 0.3608854166666667 0.8501851851851854 0.2606770833333333 0.22239583333333357
6 0.24671875000000001 0.9676157407407407 0.24265625000000002 0.05744791666666664
6 0.12364583333333334 0.7754976851851852 0.15875 0.22712962962962954
6 0.16098958333333332 0.4441493055555556 0.26375000000000004 0.2099537037037038
6 0.12640625 0.5471064814814814 0.19671875 0.258130787037037
6 0.051250000000000004 0.1353125 0.09583333333333333 0.17312500000000003
6 0.35234375 0.28803819444444445 0.24734374999999992 0.19800347222222223
6 0.4220833333333333 0.0477662037037037 0.24104166666666665 0.0955324074074074
6 0.6922916666666666 0.24937499999999999 0.22755208333333332 0.21722222222222226
6 0.9246874999999999 0.46305555555555555 0.15062500000000015 0.17761574074074069
6 0.8925651041666667 0.35975115740740743 0.21486979166666664 0.21010995370370367
6 0.8920312499999999 0.1547974537037037 0.21593750000000006 0.19622106481481483
2 0.53359375 0.4964988425925926 0.34859375000000004 0.31189236111111107
5 0.8372395833333334 0.5232812499999999 0.10041666666666664 0.11309606481481467
5 0.17411458333333335 0.1248900462962963 0.08552083333333335 0.07697337962962965