6 0.13046875 0.0171875 0.15703125 0.034375
6 0.4734375 0.040625 0.20390625 0.08125
6 0.1625 0.18515625 0.21171875 0.19140625
6 0.628125 0.1859375 0.1984375 0.1953125
6 0.86640625 0.23046875 0.18515625 0.1875
6 0.9828125 0.13359375 0.034375 0.09453125
6 0.98359375 0.34921875 0.0328125 0.15625
6 0.88984375 0.4796875 0.16015625 0.23984375
6 0.63125 0.7640625 0.17734375 0.18515625
6 0.91953125 0.8625 0.1609375 0.20625
6 0.7359375 0.94609375 0.18125 0.1078125
6 0.05234375 0.83203125 0.1046875 0.1796875
6 0.146875 0.484375 0.1828125 0.20703125
2 0.50546875 0.50390625 0.30703125 0.3328125