6 0.8745428240740741 0.9672743055555555 0.16885416666666658 0.019062500000000072
6 0.5102951388888889 0.9530613425925925 0.21844328703703705 0.07052083333333314
6 0.836579861111111 0.8003935185185185 0.2257175925925928 0.20898726851851848
6 0.34360532407407407 0.81421875 0.21168402777777776 0.21247685185185183
6 0.09873842592592592 0.7761516203703703 0.18662037037037038 0.20314236111111122
6 0.07725694444444445 0.5134490740740741 0.14875 0.25747685185185176
6 0.33674189814814814 0.20413194444444444 0.18894675925925916 0.20086805555555554
6 0.05864583333333333 0.1109375 0.11724537037037037 0.221875
6 0.2253009259259259 0.038709490740740746 0.1920081018518518 0.07741898148148149
6 0.9470572916666666 0.11569444444444446 0.10588541666666665 0.19221064814814817
6 0.8514293981481481 0.4842592592592593 0.19458912037037024 0.22446759259259252
2 0.4715914351851852 0.47519675925925925 0.3276041666666668 0.36119212962962965