6 0.06701388888888889 0.0796875 0.13402777777777777 0.159375
6 0.3208622685185185 0.051205150462962964 0.20732060185185192 0.10241030092592593
6 0.8658275462962962 0.09174623842592593 0.25118634259259237 0.18349247685185185
6 0.8834201388888889 0.3224768518518518 0.23315972222222214 0.23978009259259253
6 0.9863715277777778 0.4969386574074074 0.027256944444444285 0.20695601851851855
6 0.8324363425925926 0.6440914351851852 0.22045717592592595 0.26796875
6 0.9166087962962962 0.6507465277777778 0.16678240740740763 0.20190972222222214
6 0.630787037037037 0.7578703703703704 0.2455439814814815 0.20844907407407404
6 0.873263888888889 0.922199074074074 0.20798611111111107 0.07862268518518505
6 0.18330439814814814 0.25741319444444444 0.21944444444444447 0.240625
6 0.29913194444444446 0.2357523148148148 0.1930266203703704 0.22210069444444444
6 0.4276331018518519 0.21813078703703703 0.23781828703703703 0.18933449074074077
6 0.19722222222222224 0.5275231481481482 0.24884259259259256 0.23435185185185184
6 0.05248842592592593 0.6352199074074074 0.06377314814814813 0.18498842592592588
6 0.13428819444444445 0.8783275462962962 0.21050347222222218 0.20975115740740763
2 0.5257523148148148 0.47917824074074067 0.35703125 0.33431134259259243