6 0.4463020833333333 0.9680671296296296 0.21906250000000008 0.05244791666666657
6 0.12118055555555556 0.8377719907407407 0.22871527777777775 0.20566550925925925
6 0.6141666666666667 0.8296875 0.21473958333333343 0.2093634259259261
6 0.8675520833333333 0.7790740740740741 0.20048611111111114 0.2005613425925926
6 0.9738541666666667 0.8805902777777778 0.013923611111111001 0.09939236111111108
6 0.9804861111111112 0.6524421296296297 0.012274305555555287 0.16575231481481473
6 0.8976215277777779 0.5154340277777777 0.17515624999999985 0.25563657407407414
6 0.6308506944444444 0.21948495370370372 0.19184027777777785 0.19809027777777777
6 0.9253125000000001 0.11281249999999998 0.14859374999999986 0.22009837962962964
6 0.7434548611111111 0.04363425925925926 0.1943402777777777 0.08726851851851852
6 0.03756944444444445 0.15802662037037035 0.0751388888888889 0.19019675925925927
6 0.11178819444444443 0.5223900462962963 0.19782986111111112 0.22160879629629626
2 0.49116319444444445 0.4956828703703704 0.3328125 0.3563773148148147