6 0.95703125 0.06171875 0.0859375 0.1234375
6 0.8899016203703705 0.10667968750000001 0.20859375 0.21335937500000002
6 0.29352430555555553 0.11311197916666667 0.25981481481481483 0.22622395833333334
6 0.16608796296296297 0.014205729166666667 0.2470196759259259 0.028411458333333334
6 0.06932291666666666 0.1996875 0.13346064814814815 0.24125000000000002
6 0.13796296296296298 0.5348437500000001 0.2500925925925926 0.23031249999999998
6 0.09425925925925926 0.4336458333333333 0.17032407407407407 0.27489583333333345
6 0.056874999999999995 0.8627604166666666 0.06780092592592593 0.18307291666666678
6 0.3403877314814815 0.6826041666666667 0.24655092592592603 0.21604166666666663
6 0.4367418981481482 0.9227604166666665 0.24278356481481483 0.115208333333333
6 0.69375 0.6934895833333334 0.22527777777777763 0.23489583333333322
6 0.9189626736111112 0.45166666666666666 0.16207465277777758 0.19052083333333325
6 0.8910141782407408 0.5628645833333333 0.21797164351851847 0.22828124999999985
6 0.9006944444444445 0.7727083333333333 0.19861111111111107 0.21390625000000013
2 0.5058043981481481 0.4531770833333334 0.346875 0.33890624999999996
5 0.8150115740740741 0.40046874999999993 0.09871527777777764 0.12119791666666657
5 0.1735590277777778 0.8643750000000001 0.0851273148148148 0.08364583333333328