6 0.9087905092592592 0.1462673611111111 0.18241319444444457 0.17045717592592596
6 0.6871527777777777 0.09780092592592593 0.22569444444444448 0.11041666666666665
6 0.4330208333333333 0.10946180555555556 0.2198900462962964 0.17010995370370371
6 0.1844675925925926 0.10668402777777779 0.2052835648148148 0.20104166666666665
6 0.028736979166666666 0.1451099537037037 0.05747395833333333 0.1988136574074074
6 0.08961805555555555 0.394212962962963 0.1792361111111111 0.24467592592592596
6 0.2191261574074074 0.4930555555555555 0.19998842592592592 0.22407407407407404
6 0.08696903935185185 0.6948784722222222 0.1739380787037037 0.25928819444444445
6 0.3134259259259259 0.742361111111111 0.2274247685185185 0.238599537037037
6 0.29311342592592593 0.9371021412037038 0.21119212962962966 0.1257957175925924
6 0.5085590277777777 0.9699580439814814 0.17567708333333343 0.06008391203703702
6 0.08163917824074074 0.9484519675925925 0.16327835648148148 0.10309606481481488
6 0.6432523148148148 0.8535590277777778 0.2234085648148149 0.2234664351851851
6 0.8359664351851851 0.796701388888889 0.2275462962962962 0.255005787037037
6 0.7360300925925927 0.5696469907407408 0.2416087962962962 0.25604745370370363
6 0.5644791666666666 0.3021122685185185 0.2434780092592593 0.1921585648148149
6 0.8946990740740741 0.36018518518518516 0.2078935185185184 0.23715277777777777
6 0.9376215277777777 0.5806712962962963 0.11887731481481474 0.23680555555555555
2 0.4822511574074074 0.5336516203703703 0.30044560185185193 0.2932002314814815