6 0.10859375 0.05625 0.2140625 0.1125
6 0.125 0.2265625 0.234375 0.20234375
6 0.07109375 0.38828125 0.14140625 0.2203125
6 0.24609375 0.04296875 0.13515625 0.08515625
6 0.38359375 0.2671875 0.209375 0.20078125
6 0.5078125 0.1296875 0.221875 0.1890625
6 0.5375 0.271875 0.1625 0.15234375
6 0.63125 0.36484375 0.171875 0.19921875
6 0.68359375 0.240625 0.21171875 0.1953125
6 0.6640625 0.13203125 0.209375 0.12734375
6 0.6390625 0.0453125 0.23515625 0.090625
6 0.79921875 0.02265625 0.1375 0.0453125
6 0.93203125 0.08515625 0.1359375 0.16796875
6 0.92265625 0.23203125 0.1546875 0.22265625
6 0.77265625 0.61640625 0.225 0.21796875
6 0.9484375 0.678125 0.103125 0.21015625
6 0.8484375 0.8 0.2578125 0.21484375
6 0.93203125 0.90078125 0.1359375 0.1984375
6 0.728125 0.91171875 0.2265625 0.165625
6 0.51953125 0.921875 0.2203125 0.15625
6 0.3421875 0.82421875 0.2 0.19453125
6 0.284375 0.6203125 0.23046875 0.20703125
6 0.14453125 0.75078125 0.234375 0.26875
6 0.0578125 0.86953125 0.115625 0.2578125
6 0.16015625 0.928125 0.171875 0.14375
6 0.3140625 0.975 0.1890625 0.04921875
2 0.50234375 0.5078125 0.309375 0.34609375