6 0.0640625 0.08046875 0.128125 0.1609375
6 0.3140625 0.05859375 0.196875 0.11640625
6 0.6890625 0.01875 0.1453125 0.03515625
6 0.8421875 0.11015625 0.234375 0.2203125
6 0.85546875 0.36171875 0.2328125 0.2203125
6 0.96640625 0.53671875 0.0671875 0.1984375
6 0.7875 0.6703125 0.2046875 0.24921875
6 0.88203125 0.68203125 0.1828125 0.1859375
6 0.58828125 0.7703125 0.23125 0.18984375
6 0.8171875 0.9546875 0.2 0.090625
6 0.17109375 0.26328125 0.2046875 0.22265625
6 0.284375 0.2484375 0.1796875 0.20625
6 0.41015625 0.23828125 0.225 0.171875
6 0.175 0.52578125 0.234375 0.21484375
6 0.02890625 0.62265625 0.0578125 0.1765625
6 0.10078125 0.8640625 0.20078125 0.19296875
2 0.49609375 0.49609375 0.3359375 0.30703125