6 0.103125 0.003125 0.00234375 0.00625
6 0.00390625 0.0828125 0.0078125 0.00546875
6 0.10546875 0.06484375 0.21015625 0.1296875
6 0.33359375 0.08984375 0.209375 0.17421875
6 0.51484375 0.2265625 0.225 0.20703125
6 0.75390625 0.30859375 0.21953125 0.23125
6 0.71015625 0.0765625 0.25390625 0.153125
6 0.93203125 0.12578125 0.1359375 0.18359375
6 0.97734375 0.5234375 0.0453125 0.11796875
6 0.653125 0.73046875 0.22109375 0.1890625
6 0.12734375 0.30390625 0.21796875 0.171875
6 0.08515625 0.5359375 0.1703125 0.18203125
6 0.25234375 0.665625 0.1890625 0.2140625
6 0.425 0.7546875 0.20078125 0.19140625
6 0.8421875 0.9140625 0.22109375 0.171875
6 0.30859375 0.96015625 0.21640625 0.0796875
6 0.053125 0.9390625 0.10546875 0.12109375
2 0.50625 0.5046875 0.259375 0.27578125