6 0.04296875 0.0859375 0.0859375 0.171875
6 0.20703125 0.09453125 0.2 0.1859375
6 0.4375 0.084375 0.1875 0.16875
6 0.5796875 0.2375 0.1890625 0.18125
6 0.715625 0.0859375 0.19296875 0.1640625
6 0.91484375 0.22421875 0.1703125 0.2125
6 0.771875 0.4515625 0.2265625 0.2296875
6 0.90078125 0.4453125 0.1984375 0.17421875
6 0.96640625 0.725 0.0671875 0.21875
6 0.8171875 0.71484375 0.18359375 0.23125
6 0.903125 0.91171875 0.19296875 0.17578125
6 0.6328125 0.97265625 0.146875 0.0546875
6 0.60546875 0.7171875 0.209375 0.21640625
6 0.4203125 0.83125 0.19609375 0.1796875
6 0.29375 0.9109375 0.196875 0.178125
6 0.09296875 0.921875 0.18515625 0.15625
6 0.04921875 0.7296875 0.09765625 0.2046875
6 0.0984375 0.5203125 0.196875 0.2140625
6 0.221875 0.35390625 0.21953125 0.18203125
6 0.27734375 0.603125 0.17578125 0.20859375
2 0.51171875 0.49609375 0.278125 0.2703125