6 0.9647511574074074 0.8659201388888889 0.07049768518518533 0.17304398148148153
6 0.80640625 0.865914351851852 0.20353587962962968 0.19634837962962948
6 0.5737326388888888 0.8873611111111112 0.18996527777777777 0.17612847222222214
6 0.4277141203703704 0.7416898148148148 0.19255208333333335 0.19265624999999992
6 0.2940451388888889 0.9018634259259258 0.1969849537037037 0.17571180555555585
6 0.09591435185185185 0.77453125 0.1719675925925926 0.22593750000000004
6 0.23232060185185185 0.5352488425925925 0.2307696759259259 0.2430381944444445
6 0.10586226851851852 0.5488425925925926 0.19790509259259262 0.18512731481481487
6 0.035277777777777776 0.27025462962962965 0.06578703703703703 0.22511574074074076
6 0.18308449074074074 0.2727546296296296 0.18860532407407407 0.24241319444444445
6 0.09658564814814816 0.08592737268518519 0.1923900462962963 0.17185474537037038
6 0.3652141203703704 0.017455150462962962 0.1483969907407407 0.034910300925925924
6 0.3947685185185185 0.2594328703703704 0.21338541666666658 0.2288657407407407
6 0.5797858796296296 0.13490740740740742 0.1995601851851852 0.19145833333333334
6 0.7067650462962962 0.0717824074074074 0.20103009259259252 0.1435648148148148
6 0.9078125 0.05541666666666667 0.184375 0.11083333333333334
6 0.9519965277777779 0.2178877314814815 0.09600694444444428 0.21135416666666665
6 0.9035243055555554 0.43141782407407403 0.19295138888888913 0.22591435185185188
6 0.7861342592592593 0.6058275462962963 0.2238136574074076 0.19505787037037034
6 0.7269502314814814 0.3579224537037037 0.1796759259259259 0.2193113425925926
2 0.4926099537037037 0.47796874999999994 0.28372685185185187 0.28715856481481483