6 0.03125 0.08263888888888889 0.0625 0.16527777777777777
6 0.187181712962963 0.09828125000000001 0.21235532407407404 0.18888888888888888
6 0.4265451388888889 0.09875 0.19690972222222225 0.16791666666666666
6 0.5704687500000001 0.2576909722222222 0.2008680555555557 0.19618055555555552
6 0.713287037037037 0.11071180555555556 0.20543402777777775 0.1659548611111111
6 0.9099710648148148 0.2579166666666667 0.17300347222222215 0.23005208333333335
6 0.7623090277777778 0.48916666666666664 0.2414351851851853 0.2486979166666666
6 0.8891030092592592 0.4869791666666667 0.20063657407407404 0.18836805555555552
6 0.9492418981481482 0.7806597222222222 0.06459490740740748 0.23147569444444435
6 0.8003240740740741 0.7638715277777778 0.19695023148148144 0.24828124999999995
6 0.8774421296296296 0.9375173611111112 0.1953935185185184 0.12496527777777758
6 0.6013483796296296 0.9951302083333333 0.15336226851851845 0.009739583333333357
6 0.5822858796296296 0.7565277777777778 0.2230497685185185 0.23383680555555558
6 0.38738425925925923 0.8659895833333333 0.20787615740740736 0.19571180555555542
6 0.2532465277777778 0.9227170138888889 0.20872106481481484 0.1545659722222222
6 0.07066116898148148 0.9298914930555554 0.14132233796296295 0.14021701388888913
6 0.029474826388888885 0.7415798611111111 0.05894965277777777 0.21515625000000008
6 0.08292824074074075 0.5281770833333332 0.1658564814814815 0.22822916666666657
6 0.19659143518518518 0.3615451388888889 0.23294560185185187 0.19916666666666663
6 0.24596064814814814 0.6226736111111111 0.188443287037037 0.22449652777777782
2 0.4914351851851852 0.5225 0.2958101851851852 0.2932465277777778