6 0.8384375000000001 0.8884490740740741 0.20630208333333327 0.13993634259259266
6 0.6119270833333333 0.8760590277777778 0.22984375000000004 0.18942708333333336
6 0.43078125 0.743755787037037 0.24958333333333335 0.22859953703703706
6 0.18562499999999998 0.6723842592592593 0.2457291666666667 0.2525347222222223
6 0.21729166666666666 0.9097569444444445 0.2772916666666667 0.16541666666666685
6 0.034166666666666665 0.8726620370370369 0.06833333333333333 0.1984259259259261
6 0.32125000000000004 0.22625 0.24437499999999995 0.20886574074074069
6 0.8407291666666665 0.6438657407407407 0.23843749999999986 0.18987268518518513
6 0.8919270833333333 0.40141782407407406 0.16885416666666658 0.1971643518518519
6 0.7363020833333334 0.2716840277777778 0.2125 0.23290509259259257
6 0.5611979166666666 0.18889467592592593 0.2234895833333333 0.2108969907407407
6 0.13583333333333333 0.07120659722222222 0.23927083333333332 0.14241319444444445
6 0.69609375 0.008287037037037034 0.2296875 0.016574074074074067
6 0.9517187500000001 0.020944733796296293 0.09578124999999993 0.041889467592592586
2 0.45791666666666664 0.4535069444444444 0.29026041666666663 0.30155671296296305