6 0.08184027777777778 0.94375 0.16368055555555555 0.1125
6 0.10083333333333333 0.76953125 0.20166666666666666 0.2078125
6 0.05227430555555555 0.6078125 0.1045486111111111 0.225
6 0.19343749999999998 0.95625 0.14135416666666667 0.08671875
6 0.3434201388888889 0.728125 0.22159722222222217 0.2046875
6 0.46376736111111116 0.86796875 0.23435763888888878 0.19296875
6 0.5006597222222222 0.7234375 0.17253472222222221 0.15546875
6 0.5994270833333333 0.628125 0.18402777777777785 0.203125
6 0.6477083333333333 0.7546875 0.22369791666666677 0.19921875
6 0.6224652777777777 0.865625 0.21826388888888887 0.1296875
6 0.5935416666666666 0.95390625 0.2431597222222223 0.0921875
6 0.7550347222222221 0.9765625 0.14189236111111114 0.04609375
6 0.88984375 0.9140625 0.1458854166666665 0.17109375
6 0.8878125000000001 0.76640625 0.1663194444444443 0.2265625
6 0.7546006944444444 0.37109375 0.23876736111111113 0.221875
6 0.93390625 0.309375 0.11416666666666657 0.21328125
6 0.8402430555555555 0.184375 0.2722569444444446 0.21953125
6 0.9263368055555556 0.09296875 0.146510416666667 0.18515625
6 0.7207118055555556 0.07890625 0.2358854166666667 0.15703125
6 0.5109375 0.0703125 0.23203125 0.140625
6 0.3264756944444444 0.16015625 0.2119097222222222 0.19765625
6 0.2586805555555555 0.3671875 0.24378472222222225 0.21171875
6 0.12381510416666666 0.234375 0.24763020833333332 0.27421875
6 0.05078125 0.12265625 0.1015625 0.2453125
6 0.14399305555555555 0.06484375 0.18072916666666666 0.12890625
6 0.3047743055555555 0.015625 0.19357638888888892 0.03125
2 0.4754513888888889 0.48203125 0.3305381944444445 0.353125