6 0.084375 0.03234375 0.16875 0.0646875
6 0.09639756944444444 0.1865798611111111 0.19279513888888888 0.2208159722222222
6 0.035749421296296297 0.3548958333333333 0.07149884259259259 0.23557291666666663
6 0.20034722222222223 0.020885416666666663 0.1445601851851852 0.03519097222222222
6 0.33232060185185186 0.23588541666666668 0.23845486111111117 0.2182291666666667
6 0.472193287037037 0.10126736111111109 0.25014467592592593 0.18651041666666668
6 0.4960358796296296 0.24421875 0.18541666666666679 0.1655729166666667
6 0.587962962962963 0.3448611111111111 0.1984953703703704 0.21578125000000004
6 0.6547164351851852 0.2148784722222222 0.24117476851851852 0.2128298611111111
6 0.6421875 0.09878472222222222 0.23266782407407405 0.14010416666666667
6 0.6181423611111111 0.03251736111111111 0.25434027777777785 0.04309027777777778
6 0.9243344907407408 0.08236111111111112 0.1512731481481481 0.12581597222222224
6 0.9063657407407408 0.2087326388888889 0.17690972222222215 0.24026041666666664
6 0.7188946759259258 0.6161805555555555 0.2569733796296296 0.23657986111111118
6 0.8976851851851851 0.6851041666666667 0.12268518518518548 0.22423611111111122
6 0.7857349537037037 0.8125173611111112 0.2918981481481483 0.234236111111111
6 0.8625289351851851 0.905625 0.15758101851851833 0.18874999999999992
6 0.6480902777777777 0.9183333333333333 0.25370370370370365 0.16333333333333327
6 0.42563657407407407 0.9237022569444445 0.24864004629629638 0.152595486111111
6 0.24403935185185185 0.8255208333333333 0.22777777777777777 0.21097222222222242
6 0.19907407407407407 0.6085416666666668 0.26163194444444443 0.2257638888888888
6 0.0872829861111111 0.7422743055555555 0.1745659722222222 0.29157986111111106
6 0.004166666666666663 0.865625 0.008333333333333326 0.26875
6 0.0685185185185185 0.9251909722222222 0.137037037037037 0.14961805555555543
6 0.20266203703703703 0.9784982638888888 0.20503472222222224 0.04300347222222243
2 0.44074074074074077 0.49418402777777776 0.35688657407407404 0.37451388888888887