6 0.09375 0.090625 0.1875 0.18125
6 0.31484375 0.059375 0.2171875 0.11875
6 0.55859375 0.0890625 0.21015625 0.17578125
6 0.8 0.10390625 0.19609375 0.20703125
6 0.9625 0.1671875 0.075 0.1875
6 0.9015625 0.40234375 0.196875 0.22265625
6 0.7625 0.48671875 0.1921875 0.20234375
6 0.903125 0.69296875 0.19296875 0.2390625
6 0.6703125 0.72109375 0.21796875 0.2140625
6 0.6890625 0.92890625 0.20078125 0.1421875
6 0.48046875 0.9515625 0.16796875 0.09609375
6 0.90703125 0.946875 0.1828125 0.10625
6 0.35078125 0.80390625 0.2140625 0.19921875
6 0.16484375 0.73515625 0.21796875 0.2296875
6 0.2625 0.52421875 0.23125 0.2296875
6 0.43046875 0.278125 0.234375 0.16796875
6 0.10625 0.31171875 0.2125 0.2171875
6 0.06328125 0.5203125 0.1265625 0.221875
2 0.5078125 0.50703125 0.28828125 0.2609375