6 0.04609375 0.10234375 0.08984375 0.2046875
6 0.1171875 0.1796875 0.196875 0.2046875
6 0.14765625 0.03046875 0.1921875 0.06015625
6 0.69609375 0.1453125 0.24609375 0.21875
6 0.81796875 0.0296875 0.2390625 0.05390625
6 0.928125 0.2234375 0.14375 0.225
6 0.86875 0.55390625 0.25 0.20625
6 0.91015625 0.4515625 0.1796875 0.25546875
6 0.9578125 0.8640625 0.084375 0.171875
6 0.6671875 0.70703125 0.234375 0.19453125
6 0.58125 0.95 0.234375 0.1
6 0.325 0.740625 0.21328125 0.2140625
6 0.08828125 0.5234375 0.1765625 0.175
6 0.12890625 0.62734375 0.2078125 0.20703125
6 0.1109375 0.83203125 0.21953125 0.19296875
2 0.5 0.49609375 0.328125 0.30703125
5 0.1984375 0.46484375 0.09296875 0.11171875
5 0.834375 0.87265625 0.08046875 0.07578125