6 0.8809606481481481 0.875 0.14433449074074076 0.18125
6 0.8421990740740741 0.8171875 0.13822337962962977 0.18359375
6 0.9118055555555555 0.75 0.09745949074074076 0.18125
6 0.6529745370370371 0.7671875 0.2045370370370371 0.18203125
6 0.7109837962962964 0.9484375 0.231111111111111 0.103125
6 0.21864583333333334 0.97734375 0.18545138888888885 0.04453125
6 0.2838773148148148 0.82578125 0.17897569444444442 0.159375
6 0.07920138888888889 0.8515625 0.15840277777777778 0.19375
6 0.015914351851851853 0.690625 0.031828703703703706 0.240625
6 0.19465856481481483 0.65703125 0.20051504629629627 0.12734375
6 0.22229745370370368 0.50703125 0.2029456018518518 0.22109375
6 0.0940162037037037 0.35 0.1880324074074074 0.190625
6 0.07986689814814815 0.12109375 0.1597337962962963 0.2015625
6 0.7467071759259258 0.490625 0.22384259259259273 0.19140625
6 0.5986921296296297 0.15390625 0.20109375000000007 0.18984375
6 0.8302372685185185 0.109375 0.21118055555555557 0.1359375
6 0.8461226851851851 0.0390625 0.22337962962962976 0.078125
6 0.3531828703703704 0.078125 0.24832175925925926 0.15625
6 0.3711168981481482 0.1578125 0.0028993055555555534 0.009375
6 0.33975115740740736 0.2125 0.2213946759259259 0.16328125
2 0.4685011574074074 0.465625 0.297511574074074 0.30078125
5 0.6442708333333333 0.38671875 0.09121527777777771 0.0890625