6 0.28125 0.28125 0.24453125 0.1875
6 0.58515625 0.20390625 0.234375 0.23515625
6 0.5546875 0.02578125 0.15 0.0515625
6 0.72890625 0.02109375 0.1796875 0.0421875
6 0.92734375 0.02578125 0.1453125 0.0421875
6 0.9234375 0.26875 0.153125 0.178125
6 0.92734375 0.49765625 0.1453125 0.2265625
6 0.7609375 0.55625 0.1984375 0.24140625
6 0.56796875 0.8484375 0.2 0.25546875
6 0.778125 0.7984375 0.196875 0.20625
6 0.95390625 0.83125 0.0921875 0.265625
6 0.790625 0.9859375 0.12421875 0.028125
6 0.10390625 0.3546875 0.2 0.23515625
6 0.21796875 0.553125 0.259375 0.22421875
6 0.33671875 0.8453125 0.1734375 0.2453125
6 0.15390625 0.96484375 0.196875 0.06953125
6 0.0890625 0.8234375 0.178125 0.25
6 0.05 0.55546875 0.096875 0.17734375
2 0.503125 0.49140625 0.3265625 0.31875