6 0.9390494791666667 0.09711805555555555 0.12190104166666664 0.18710069444444444
6 0.9086979166666665 0.1581076388888889 0.13720486111111113 0.1895833333333333
6 0.9651215277777778 0.22394097222222223 0.06975694444444436 0.18607638888888892
6 0.7148263888888889 0.21246527777777774 0.20588541666666665 0.18954861111111115
6 0.7763715277777778 0.041106770833333334 0.2332118055555556 0.08221354166666667
6 0.27661458333333333 0.016523437499999998 0.1875694444444444 0.033046874999999996
6 0.3402777777777778 0.16057291666666668 0.17987847222222228 0.16633680555555555
6 0.1063888888888889 0.14152777777777778 0.20871527777777774 0.20053819444444443
6 0.04407986111111111 0.30557291666666664 0.07177083333333333 0.24510416666666668
6 0.2471354166666667 0.33468749999999997 0.20185763888888886 0.1340451388888889
6 0.2726909722222222 0.48739583333333336 0.2029340277777778 0.2285069444444444
6 0.1290277777777778 0.6509027777777778 0.20857638888888888 0.19741319444444444
6 0.1183159722222222 0.8849652777777777 0.1661284722222222 0.20817708333333335
6 0.806232638888889 0.4919618055555556 0.2250520833333333 0.1993402777777778
6 0.6503819444444444 0.8387326388888889 0.2015798611111112 0.19803819444444457
6 0.8852083333333333 0.8788715277777779 0.21317708333333343 0.1428819444444443
6 0.8940625000000001 0.945 0.21187499999999987 0.07680555555555557
6 0.40045138888888887 0.916232638888889 0.25048611111111113 0.15697916666666673
6 0.4189583333333333 0.8399652777777777 0.002760416666666643 0.009427083333333286
6 0.38836805555555554 0.7851215277777778 0.22223958333333335 0.17118055555555572
2 0.5230034722222222 0.5240625 0.29795138888888884 0.3117881944444445
5 0.7000173611111111 0.6006770833333334 0.09074652777777778 0.09255208333333335