6 0.1326388888888889 0.10651041666666668 0.2640625 0.2012673611111111
6 0.433130787037037 0.09100694444444445 0.27482638888888894 0.15494791666666669
6 0.8792824074074075 0.04921875 0.2195023148148149 0.030034722222222233
6 0.794675925925926 0.37616319444444446 0.29334490740740726 0.2548263888888889
6 0.9740596064814815 0.4219618055555555 0.051880787037037024 0.18715277777777786
6 0.10662615740740741 0.37288194444444445 0.19427083333333334 0.23326388888888888
6 0.20205439814814813 0.5908333333333333 0.2273148148148148 0.2199131944444444
6 0.39285300925925926 0.8145833333333334 0.17364004629629637 0.28694444444444434
6 0.5879918981481481 0.9508072916666667 0.2644965277777779 0.09838541666666671
6 0.830324074074074 0.8543055555555557 0.2568287037037038 0.2586631944444445
6 0.9899016203703704 0.9019618055555556 0.020196759259259168 0.1943402777777777
6 0.17931134259259257 0.9184374999999999 0.2545138888888889 0.16312500000000013
6 0.06901041666666667 0.7050347222222222 0.09406828703703703 0.22335069444444447
2 0.5130208333333333 0.5211979166666667 0.397337962962963 0.32496527777777773