6 0.8737847222222221 0.88046875 0.2524305555555557 0.1828125
6 0.5878125000000001 0.92109375 0.2656076388888888 0.1578125
6 0.3636631944444445 0.99296875 0.12874999999999998 0.0140625
6 0.1607638888888889 0.98046875 0.2111111111111111 0.0390625
6 0.2382986111111111 0.65078125 0.28385416666666663 0.234375
6 0.05697916666666667 0.6140625 0.06729166666666667 0.178125
6 0.9020486111111111 0.62265625 0.1959027777777777 0.2171875
6 0.8052604166666667 0.4171875 0.21996527777777786 0.203125
6 0.6202083333333334 0.20859375 0.16904513888888886 0.2703125
6 0.43253472222222217 0.0640625 0.25569444444444434 0.128125
6 0.19980902777777776 0.1890625 0.24890625000000002 0.2390625
6 0.02932291666666667 0.15 0.05361111111111111 0.18671875
6 0.8257291666666667 0.08671875 0.24520833333333342 0.1734375
6 0.9433940972222222 0.30078125 0.1132118055555555 0.21171875
6 0.97734375 0.03828125 0.0453125 0.0765625
2 0.5072743055555555 0.49765625 0.3835416666666667 0.29765625