6 0.8197395833333333 0.8287326388888889 0.16838541666666665 0.26741319444444434
6 0.6839062499999999 0.8389756944444444 0.1911979166666667 0.3170659722222222
6 0.47541666666666665 0.7773958333333333 0.28005208333333337 0.28081597222222215
6 0.37328125 0.6378298611111111 0.18286458333333339 0.1569618055555555
6 0.53390625 0.9457118055555555 0.35062499999999996 0.10857638888888914
6 0.10265624999999998 0.95390625 0.08427083333333334 0.0921875
6 0.09760416666666666 0.6332638888888888 0.12776041666666665 0.2665104166666666
6 0.17760416666666667 0.4642013888888889 0.26583333333333337 0.27815972222222224
6 0.26890625 0.3944618055555556 0.17854166666666665 0.20913194444444444
6 0.1274479166666667 0.2150173611111111 0.21802083333333333 0.2396527777777778
6 0.18880208333333331 0.12901041666666666 0.23776041666666664 0.25491319444444444
6 0.4124479166666667 0.2541145833333333 0.26369791666666664 0.24612847222222226
6 0.5652604166666666 0.07730902777777779 0.2586458333333333 0.13524305555555555
6 0.8360416666666666 0.11374999999999999 0.30645833333333317 0.1971527777777778
2 0.5176041666666666 0.5092013888888889 0.27088541666666666 0.2954340277777778