6 0.23872685185185186 0.800162037037037 0.14878472222222222 0.2589004629629631
6 0.3724247685185185 0.8152141203703703 0.16789351851851855 0.30747685185185175
6 0.5712268518518518 0.7604398148148148 0.25589699074074074 0.270630787037037
6 0.6600752314814815 0.6267303240740741 0.16907986111111112 0.15124421296296298
6 0.5264583333333334 0.9366579861111111 0.33454861111111106 0.1266840277777778
6 0.9533101851851852 0.9502083333333333 0.09337962962962969 0.09958333333333336
6 0.936986400462963 0.6303645833333333 0.12602719907407406 0.2595543981481482
6 0.8377546296296297 0.46243055555555557 0.24259837962962968 0.2681886574074074
6 0.7442650462962963 0.39142939814814814 0.16164351851851855 0.20196759259259256
6 0.8687673611111111 0.21970486111111112 0.197795138888889 0.2311400462962963
6 0.8032696759259259 0.13094328703703703 0.2166956018518519 0.2515914351851852
6 0.5940104166666667 0.25048032407407406 0.24236689814814802 0.2369386574074074
6 0.4317418981481481 0.06960069444444444 0.24473379629629619 0.13461805555555556
6 0.17179976851851853 0.09657986111111111 0.2865682870370371 0.19273726851851852
2 0.5106828703703703 0.4967245370370371 0.24663194444444442 0.2854050925925925