6 0.16704282407407406 0.08520833333333333 0.22539930555555557 0.16005208333333334
6 0.3514699074074074 0.23083333333333336 0.23122685185185182 0.22515625000000003
6 0.6259548611111111 0.10020833333333334 0.157355324074074 0.12666666666666665
6 0.882037037037037 0.08531250000000001 0.2000115740740739 0.06635416666666667
6 0.9393576388888889 0.3905208333333333 0.12128472222222228 0.20307291666666671
6 0.7637557870370371 0.43531250000000005 0.17689814814814825 0.1809895833333332
6 0.9142766203703705 0.5995833333333334 0.1714467592592591 0.21776041666666668
6 0.7518287037037037 0.74328125 0.21290509259259255 0.18572916666666667
6 0.8387962962962963 0.9112369791666666 0.20744791666666665 0.17752604166666686
6 0.611082175925926 0.9010026041666667 0.21403935185185183 0.19799479166666673
6 0.32908564814814817 0.93515625 0.24403356481481486 0.1296875
6 0.11114583333333332 0.5407291666666667 0.19166087962962966 0.23187499999999997
6 0.3075810185185185 0.6442708333333333 0.23825231481481488 0.19911458333333343
6 0.2420023148148148 0.74671875 0.20994791666666668 0.21750000000000008
6 0.05471064814814815 0.8465104166666666 0.06403356481481481 0.1875
2 0.5064988425925926 0.5421354166666668 0.2974479166666667 0.3285937499999999