6 0.2618171296296296 0.7148784722222222 0.2652314814814815 0.20342013888888885
6 0.5812615740740741 0.8040625 0.25499421296296293 0.25315972222222205
6 0.5445486111111111 0.980685763888889 0.16005208333333343 0.03862847222222214
6 0.727175925925926 0.9886067708333333 0.1893923611111111 0.02278645833333357
6 0.9163310185185185 0.9880251736111111 0.10989004629629626 0.023949652777777785
6 0.918431712962963 0.7435416666666667 0.12591435185185204 0.19173611111111094
6 0.9310532407407408 0.5022569444444445 0.1155613425925928 0.2375694444444445
6 0.7782175925925927 0.43631944444444437 0.21770254629629626 0.2593576388888888
6 0.5814988425925927 0.13644097222222223 0.21903356481481479 0.25157986111111114
6 0.804537037037037 0.1812673611111111 0.21502893518518534 0.22182291666666668
6 0.9694328703703704 0.15678819444444445 0.061134259259259235 0.2714930555555556
6 0.09246527777777777 0.6342534722222222 0.18493055555555554 0.25131944444444443
6 0.20388310185185188 0.42746527777777776 0.2812326388888889 0.24281249999999996
6 0.33699074074074076 0.13022569444444443 0.18851851851851853 0.24934027777777779
6 0.1464814814814815 0.01654513888888889 0.2070138888888889 0.030364583333333334
6 0.08663194444444444 0.14020833333333332 0.17326388888888888 0.26869791666666665
6 0.03886574074074074 0.4236284722222223 0.07773148148148148 0.18788194444444456
2 0.5035243055555556 0.4990104166666667 0.35607060185185196 0.3444097222222222