6 0.15954282407407408 0.4838599537037037 0.19112847222222218 0.21552662037037038
6 0.2943113425925926 0.32484375 0.2019618055555555 0.1880497685185185
6 0.32934027777777775 0.24152777777777779 0.25189236111111113 0.24204282407407404
6 0.6430324074074074 0.21899305555555554 0.22050347222222227 0.2380787037037037
6 0.8767881944444443 0.15671874999999996 0.23331018518518504 0.20447337962962964
6 0.9312268518518518 0.375636574074074 0.13754629629629633 0.2237268518518519
6 0.9617303240740741 0.047738715277777774 0.07653935185185183 0.09547743055555555
6 0.28663194444444445 0.006695601851851851 0.18576388888888892 0.013391203703703702
6 0.07168402777777778 0.0890625 0.14336805555555557 0.178125
6 0.10458333333333333 0.2837442129629629 0.18782407407407406 0.2254803240740741
2 0.5369444444444444 0.49171875 0.34067129629629633 0.33387731481481475