6 0.16640625 0.07578125 0.21953125 0.14453125
6 0.34609375 0.209375 0.2234375 0.20859375
6 0.62421875 0.0609375 0.153125 0.11953125
6 0.8796875 0.02734375 0.196875 0.0546875
6 0.9359375 0.32890625 0.128125 0.19140625
6 0.75078125 0.384375 0.1703125 0.16796875
6 0.9078125 0.53828125 0.18359375 0.20625
6 0.73046875 0.69140625 0.20625 0.1703125
6 0.81171875 0.8859375 0.2015625 0.228125
6 0.584375 0.8703125 0.20625 0.20859375
6 0.30390625 0.928125 0.240625 0.14375
6 0.096875 0.5328125 0.18359375 0.21796875
6 0.290625 0.62265625 0.23125 0.18203125
6 0.221875 0.728125 0.20234375 0.20234375
6 0.03203125 0.84140625 0.06328125 0.18125
2 0.49140625 0.5078125 0.28671875 0.30703125