6 0.852337962962963 0.11048032407407407 0.2335821759259261 0.1337847222222222
6 0.6721412037037038 0.22519675925925925 0.24247106481481495 0.23010995370370377
6 0.37739004629629636 0.06831597222222222 0.1625520833333333 0.10075810185185186
6 0.11236689814814815 0.01912037037037037 0.20598379629629632 0.03712962962962964
6 0.07615740740740741 0.3121585648148148 0.13068287037037038 0.2071296296296296
6 0.26278935185185187 0.3816319444444445 0.1855960648148148 0.18468171296296293
6 0.11632523148148148 0.5310590277777777 0.18910300925925924 0.22227430555555544
6 0.3004108796296296 0.7016319444444445 0.2224363425925926 0.189201388888889
6 0.22710648148148146 0.8866782407407408 0.2190219907407407 0.2266435185185184
6 0.46079282407407407 0.8906004050925926 0.22450231481481495 0.2187991898148148
6 0.7558564814814815 0.9438773148148147 0.25449074074074074 0.11224537037037052
6 0.9230222800925926 0.5728240740740741 0.1539554398148148 0.23615162037037046
6 0.751412037037037 0.6574826388888889 0.24964699074074073 0.2032754629629629
6 0.8281770833333333 0.7710706018518518 0.22023148148148158 0.22178240740740734
6 0.9976533564814816 0.8978067129629629 0.0046932870370369525 0.1908275462962962
2 0.5374016203703704 0.525636574074074 0.3134027777777778 0.3363425925925926