6 0.1609375 0.8889409722222222 0.21015625 0.21715277777777792
6 0.46328125 0.7669097222222223 0.18203125 0.17996527777777782
6 0.58515625 0.8669618055555555 0.2515625 0.22524305555555557
6 0.7921875 0.9069791666666667 0.221875 0.12548611111111113
6 0.8578125 0.5103125000000001 0.2453125 0.25309027777777776
6 0.9734375 0.2786111111111111 0.05234375 0.12107638888888887
6 0.2203125 0.5605208333333334 0.21328125 0.23916666666666658
6 0.565625 0.1865798611111111 0.2171875 0.20809027777777778
6 0.35859375 0.07770833333333334 0.2578125 0.15541666666666668
6 0.03203125 0.15638888888888888 0.0640625 0.2481597222222222
6 0.0171875 0.6414236111111111 0.034375 0.15152777777777776
2 0.50234375 0.4682986111111111 0.2578125 0.2755208333333334
5 0.86328125 0.06519097222222223 0.10546875 0.13038194444444445