6 0.8188541666666665 0.040509259259259266 0.16619791666666686 0.02641782407407407
6 0.6831770833333334 0.13729745370370372 0.22265625 0.23035300925925925
6 0.54375 0.1493634259259259 0.25223958333333324 0.2182002314814815
6 0.33390624999999996 0.26611689814814815 0.21036458333333333 0.20963541666666669
6 0.14192708333333331 0.12664930555555556 0.24739583333333334 0.25075231481481486
6 0.9551562499999999 0.22803819444444445 0.07552083333333356 0.1859375
6 0.0203125 0.05465856481481481 0.040625 0.10931712962962963
6 0.1578125 0.5227430555555556 0.22104166666666672 0.22951388888888893
6 0.10397135416666667 0.6652199074074074 0.20794270833333334 0.21895254629629618
6 0.020065104166666667 0.502806712962963 0.040130208333333334 0.20558449074074084
6 0.06483072916666667 0.8947916666666667 0.12966145833333334 0.20674189814814808
6 0.30328125000000006 0.8077256944444444 0.23046875 0.21895254629629618
6 0.45177083333333334 0.9307219328703704 0.18682291666666676 0.13855613425925917
6 0.22619791666666664 0.9461805555555556 0.23885416666666667 0.10763888888888892
6 0.6277604166666666 0.9893229166666668 0.1794791666666667 0.02135416666666643
6 0.8274479166666666 0.9386284722222221 0.2319791666666667 0.12274305555555572
6 0.8571354166666666 0.723292824074074 0.20369791666666687 0.23822337962962975
6 0.6738541666666666 0.6765625 0.2767708333333335 0.2588541666666668
6 0.9165624999999998 0.5132523148148148 0.11692708333333357 0.21085069444444446
2 0.4365104166666667 0.5127025462962963 0.3609895833333333 0.32977430555555554