6 0.10546875 0.1125 0.2109375 0.21875
6 0.2640625 0.26796875 0.22109375 0.21015625
6 0.565625 0.021875 0.16015625 0.04296875
6 0.73046875 0.09609375 0.2046875 0.1921875
6 0.95703125 0.01953125 0.0015625 0.01328125
6 0.89921875 0.02265625 0.1515625 0.0453125
6 0.7359375 0.3125 0.18125 0.18359375
6 0.89609375 0.4484375 0.2078125 0.2390625
6 0.65859375 0.60625 0.1828125 0.2390625
6 0.6046875 0.784375 0.22734375 0.19453125
6 0.865625 0.7640625 0.1921875 0.1875
6 0.7796875 0.93671875 0.2234375 0.1265625
6 0.3625 0.94375 0.1984375 0.11171875
6 0.15703125 0.47421875 0.21171875 0.22421875
6 0.08828125 0.62734375 0.17578125 0.20703125
2 0.49453125 0.5140625 0.28828125 0.38828125