6 0.1703125 0.1546875 0.240625 0.2125
6 0.3765625 0.24296875 0.2390625 0.1953125
6 0.5203125 0.08359375 0.25546875 0.16015625
6 0.7828125 0.065625 0.21953125 0.12578125
6 0.825 0.18828125 0.2 0.2265625
6 0.9484375 0.11171875 0.103125 0.2234375
6 0.94921875 0.34453125 0.1015625 0.2046875
6 0.78984375 0.41328125 0.21171875 0.20234375
6 0.83671875 0.54453125 0.1890625 0.1890625
6 0.96328125 0.8765625 0.07265625 0.19453125
6 0.8140625 0.98359375 0.1390625 0.0328125
6 0.46484375 0.7703125 0.19453125 0.16796875
6 0.54296875 0.921875 0.25 0.15625
6 0.015625 0.18203125 0.02890625 0.17734375
6 0.09765625 0.396875 0.1953125 0.20625
6 0.08671875 0.6359375 0.1734375 0.2296875
6 0.23046875 0.6640625 0.23671875 0.2109375
6 0.096875 0.87734375 0.19375 0.1921875
2 0.51953125 0.48671875 0.3375 0.34140625
5 0.321875 0.0640625 0.078125 0.0921875
5 0.9203125 0.71015625 0.11484375 0.09609375