6 0.8252546296296297 0.08985677083333334 0.20986111111111114 0.17971354166666667
6 0.53734375 0.19666666666666666 0.18151620370370375 0.17895833333333333
6 0.41594907407407405 0.10670572916666668 0.24986689814814814 0.21341145833333336
6 0.21375578703703707 0.0652734375 0.21891782407407412 0.130546875
6 0.16218749999999998 0.4541666666666666 0.2436863425925926 0.25093749999999987
6 0.05152777777777777 0.6822916666666666 0.06590277777777778 0.11901041666666679
6 0.7771874999999999 0.39203125 0.2120891203703703 0.23713541666666674
6 0.45469907407407406 0.76265625 0.2158738425925925 0.20697916666666671
6 0.6576678240740741 0.8759375 0.25329861111111107 0.18062499999999987
6 0.9685416666666666 0.7798958333333333 0.06291666666666665 0.24468750000000022
6 0.9763252314814814 0.3086458333333334 0.04734953703703724 0.14984374999999997
2 0.5076041666666666 0.4875 0.2568344907407408 0.2736458333333333
5 0.1707175925925926 0.9005729166666665 0.10674189814814813 0.15526041666666685