6 0.5890046296296296 0.1873553240740741 0.2189814814814813 0.22008101851851852
6 0.27282986111111107 0.25941550925925927 0.2552372685185185 0.21491898148148145
6 0.15037615740740742 0.4961574074074074 0.27751736111111114 0.22103587962962976
6 0.02549189814814814 0.44861111111111107 0.003240740740740744 0.0016550925925926663
6 0.07102141203703703 0.3312673611111111 0.14204282407407406 0.19456597222222224
6 0.09985532407407408 0.22890625 0.19971064814814815 0.1546875
6 0.0843894675925926 0.12210069444444445 0.1687789351851852 0.1815625
6 0.19097222222222224 0.022100694444444447 0.20393518518518522 0.03800347222222222
6 0.3147858796296296 0.03125 0.16886574074074073 0.048657407407407406
6 0.8076099537037036 0.3966203703703704 0.22230902777777786 0.1913368055555556
6 0.8296006944444445 0.5648263888888889 0.21929976851851835 0.21385416666666668
6 0.8559027777777779 0.8545196759259259 0.18165509259259238 0.2213136574074074
6 0.7934895833333333 0.7986458333333333 0.23495370370370364 0.24627893518518534
6 0.851099537037037 0.9891087962962963 0.15659722222222214 0.021782407407407334
6 0.4091435185185185 0.8397164351851852 0.2826099537037036 0.20559606481481474
6 0.3285300925925926 0.7652951388888889 0.2125578703703704 0.21755208333333337
6 0.10543981481481479 0.8174074074074074 0.20737847222222222 0.24234374999999986
6 0.07074652777777776 0.884375 0.14149305555555552 0.23125
2 0.48686342592592596 0.5092592592592593 0.3364872685185185 0.3436111111111112