6 0.8966435185185185 0.8310416666666667 0.206712962962963 0.23291666666666658
6 0.7398032407407408 0.6838541666666667 0.22344328703703695 0.22651041666666671
6 0.4400752314814815 0.9516145833333333 0.1620081018518519 0.049843750000000145
6 0.2731018518518519 0.8861458333333333 0.20532407407407405 0.20500000000000007
6 0.044780092592592594 0.9803124999999999 0.0016608796296296302 0.013385416666666572
6 0.1033449074074074 0.9724999999999999 0.154212962962963 0.05166666666666657
6 0.2652546296296296 0.6709375 0.18340277777777772 0.19729166666666664
6 0.10642939814814815 0.5447395833333333 0.20569444444444446 0.25500000000000006
6 0.34039930555555553 0.36890625 0.1853761574074074 0.2528645833333333
6 0.39375578703703706 0.18557291666666667 0.2303587962962963 0.21135416666666668
6 0.13140625 0.22338541666666667 0.19436921296296297 0.20192708333333337
6 0.2184201388888889 0.05739583333333333 0.2243402777777778 0.11479166666666667
6 0.6379050925925925 0.03677083333333333 0.20081018518518512 0.07354166666666666
6 0.8452951388888887 0.46890625 0.2141782407407405 0.24072916666666658
6 0.9127025462962962 0.30953125000000004 0.17459490740740763 0.2211458333333333
2 0.505931712962963 0.45088541666666665 0.29274305555555546 0.4107291666666667