6 0.25119791666666663 0.8883680555555555 0.17776041666666664 0.21276041666666679
6 0.43552083333333336 0.8558854166666666 0.25406249999999986 0.22394097222222237
6 0.43505208333333334 0.9546354166666667 0.24520833333333325 0.06776041666666685
6 0.8774218749999999 0.76234375 0.24515625000000013 0.22170138888888893
6 0.9272005208333333 0.6722222222222223 0.14559895833333342 0.18798611111111113
6 0.9291666666666668 0.47177083333333336 0.14166666666666644 0.27848958333333335
6 0.9246223958333333 0.18796875000000002 0.15075520833333336 0.2531076388888889
6 0.47348958333333335 0.13253472222222223 0.22890625 0.18543402777777773
6 0.5715625 0.06743489583333333 0.26885416666666656 0.13486979166666666
6 0.37875000000000003 0.026484374999999998 0.18796875000000002 0.052968749999999995
6 0.15213541666666666 0.06643229166666667 0.2363020833333333 0.13286458333333334
6 0.03989583333333333 0.0357421875 0.07973958333333334 0.071484375
6 0.14432291666666666 0.29604166666666665 0.26177083333333334 0.21104166666666666
6 0.24770833333333334 0.5186805555555556 0.22348958333333338 0.26776041666666667
6 0.10239583333333332 0.58390625 0.14119791666666667 0.23684027777777777
6 0.10671875 0.8250520833333332 0.12010416666666668 0.270954861111111
6 0.9983333333333334 0.9359548611111113 0.003333333333333144 0.045173611111111
2 0.559375 0.4805381944444444 0.4091666666666667 0.3305381944444445
5 0.14526041666666667 0.9447916666666668 0.11312499999999996 0.10784722222222243
5 0.6674479166666666 0.6794618055555556 0.10005208333333329 0.08701388888888886
5 0.8141145833333333 0.18791666666666668 0.09260416666666664 0.08045138888888888
5 0.8540625000000001 0.008081597222222223 0.11515625000000007 0.016163194444444445