6 0.8513541666666666 0.8530729166666667 0.2149652777777778 0.22234374999999992
6 0.7016435185185186 0.7038368055555555 0.24670138888888893 0.23310763888888886
6 0.36906828703703703 0.9696006944444445 0.17309027777777786 0.031076388888888928
6 0.19667824074074075 0.8969791666666665 0.2251851851851852 0.19395833333333315
6 0.04741898148148148 0.9834895833333335 0.09483796296296296 0.033020833333333145
6 0.20098958333333333 0.6785416666666666 0.20309606481481488 0.2038888888888888
6 0.07803096064814816 0.5413541666666667 0.1560619212962963 0.2625694444444445
6 0.2991840277777778 0.3631770833333333 0.20765625000000004 0.2617708333333333
6 0.3668402777777778 0.17076388888888888 0.25288194444444445 0.2170138888888889
6 0.0979152199074074 0.20567708333333332 0.1958304398148148 0.20817708333333335
6 0.18975694444444444 0.045234375 0.24157986111111113 0.09046875
6 0.6338715277777778 0.02788628472222222 0.21737268518518532 0.05577256944444444
6 0.8263078703703703 0.47927083333333337 0.23813657407407404 0.2483159722222222
6 0.8987557870370371 0.31470486111111107 0.17700810185185176 0.2268923611111111
2 0.4691203703703704 0.4530555555555555 0.3284201388888889 0.42614583333333333