6 0.06932870370370371 0.9424768518518519 0.07291666666666667 0.11504629629629619
6 0.459375 0.7856481481481481 0.19811921296296298 0.20940393518518513
6 0.7479456018518519 0.698292824074074 0.2322337962962962 0.20364583333333322
6 0.8372395833333333 0.46889467592592593 0.2535300925925924 0.20989583333333323
6 0.959056712962963 0.5050636574074074 0.002401620370370239 0.0016493055555557134
6 0.9338252314814814 0.6165798611111111 0.13234953703703703 0.1853587962962962
6 0.9111545138888889 0.713599537037037 0.17769097222222213 0.14890046296296297
6 0.9307725694444444 0.8146412037037039 0.13845486111111108 0.1722800925925924
6 0.8505787037037038 0.9346643518518519 0.19320023148148166 0.07659143518518548
6 0.733130787037037 0.9319733796296298 0.15760995370370381 0.08463541666666644
6 0.23278356481481483 0.6031539351851852 0.20254629629629628 0.1814814814814815
6 0.1949363425925926 0.44730902777777776 0.1994212962962963 0.20243055555555553
6 0.04418402777777778 0.4536747685185185 0.061255787037037046 0.20043402777777786
6 0.11296296296296296 0.17731481481481481 0.22013888888888888 0.21412037037037038
6 0.2047164351851852 0.22554976851851852 0.21226851851851852 0.2333333333333333
6 0.10269097222222223 0.030461516203703704 0.20460069444444445 0.06092303240740741
6 0.5598958333333334 0.1623263888888889 0.258449074074074 0.19525462962962967
6 0.6429108796296296 0.2280960648148148 0.19253472222222215 0.20607638888888893
6 0.8463252314814815 0.1650173611111111 0.18715277777777786 0.2292824074074074
6 0.9049406828703702 0.10317563657407407 0.1901186342592595 0.20635127314814813
2 0.5214988425925926 0.47745949074074073 0.30384837962962974 0.3256655092592592
5 0.3665798611111112 0.9627604166666668 0.08914930555555553 0.047771990740740476