6 0.19921875 0.08359375 0.2203125 0.1671875
6 0.4234375 0.08359375 0.196875 0.1671875
6 0.55703125 0.2375 0.1875 0.19453125
6 0.69296875 0.0765625 0.221875 0.153125
6 0.9375 0.0578125 0.12421875 0.115625
6 0.91015625 0.25078125 0.1796875 0.20234375
6 0.85625 0.4515625 0.2234375 0.1703125
6 0.69375 0.71015625 0.21796875 0.17421875
6 0.94375 0.725 0.1125 0.16640625
6 0.9234375 0.9265625 0.153125 0.146875
6 0.72109375 0.92109375 0.18515625 0.1578125
6 0.50546875 0.9578125 0.171875 0.084375
6 0.1984375 0.81484375 0.190625 0.16796875
6 0.16171875 0.3953125 0.00234375 0.00625
6 0.26015625 0.50859375 0.2 0.22265625
6 0.2859375 0.28046875 0.240625 0.16796875
6 0.0671875 0.4140625 0.13359375 0.20859375
6 0.03671875 0.88671875 0.07265625 0.22578125
6 0.0828125 0.98515625 0.12578125 0.02890625
6 0.2921875 0.95859375 0.1828125 0.0828125
2 0.50625 0.50859375 0.309375 0.32109375