6 0.18125 0.1171875 0.20078125 0.2265625
6 0.46796875 0.2328125 0.1734375 0.1640625
6 0.58359375 0.1171875 0.2390625 0.234375
6 0.78203125 0.071875 0.21015625 0.14296875
6 0.84296875 0.46015625 0.2328125 0.23125
6 0.96484375 0.67734375 0.0703125 0.1140625
6 0.2375 0.43984375 0.20234375 0.21875
6 0.56484375 0.78203125 0.20625 0.1890625
6 0.3703125 0.9140625 0.24609375 0.171875
6 0.0453125 0.83515625 0.08828125 0.23203125
6 0.03203125 0.37265625 0.06328125 0.14453125
2 0.5046875 0.515625 0.24453125 0.2515625
5 0.84765625 0.89765625 0.10078125 0.1453125