6 0.16796875 0.10078125 0.2046875 0.19609375
6 0.34296875 0.04375 0.2046875 0.0875
6 0.56796875 0.128125 0.20078125 0.25078125
6 0.66171875 0.15859375 0.1875 0.2140625
6 0.94609375 0.2421875 0.1078125 0.2046875
6 0.96796875 0.0265625 0.0640625 0.053125
6 0.8 0.36015625 0.20625 0.18671875
6 0.79296875 0.4734375 0.22265625 0.215625
6 0.81875 0.7 0.23125 0.20703125
6 0.96328125 0.6984375 0.0734375 0.2375
6 0.96640625 0.91484375 0.0671875 0.1703125
6 0.8203125 0.9296875 0.2203125 0.140625
6 0.61015625 0.8 0.23671875 0.20703125
6 0.60859375 0.95546875 0.1921875 0.0890625
6 0.04140625 0.31796875 0.0828125 0.1484375
6 0.0453125 0.446875 0.08984375 0.18984375
6 0.07890625 0.75859375 0.1546875 0.24375
6 0.025 0.95 0.05 0.1
6 0.1625 0.98359375 0.1203125 0.0328125
6 0.27109375 0.32109375 0.2421875 0.215625
6 0.25625 0.51171875 0.1734375 0.14375
6 0.3015625 0.68984375 0.20234375 0.19375
2 0.50859375 0.50078125 0.26640625 0.37265625
5 0.8171875 0.10234375 0.0953125 0.09375
5 0.01796875 0.07734375 0.03515625 0.09765625