6 0.8772945601851851 0.8790162037037037 0.24541087962962962 0.22453125000000007
6 0.6652893518518519 0.7844444444444444 0.25840856481481483 0.20655671296296294
6 0.5190219907407407 0.9333535879629629 0.2727777777777778 0.1332928240740742
6 0.24301504629629628 0.9511487268518518 0.2341666666666667 0.09770254629629634
6 0.1943460648148148 0.838755787037037 0.2172164351851852 0.23983796296296306
6 0.07354166666666666 0.9001953125 0.09965277777777777 0.199609375
6 0.06682870370370371 0.6737847222222222 0.10009259259259258 0.21475694444444446
6 0.22483217592592591 0.6023148148148147 0.22892939814814817 0.21336805555555555
6 0.17075810185185186 0.4644444444444444 0.2050983796296296 0.19991319444444447
6 0.03550347222222222 0.1174247685185185 0.07015046296296297 0.20594328703703701
6 0.18159722222222224 0.013061342592592593 0.14678819444444446 0.024519675925925927
6 0.555150462962963 0.23062500000000002 0.2098958333333334 0.17729745370370367
6 0.4701909722222222 0.07846643518518519 0.26772569444444444 0.15195023148148148
6 0.9241883680555556 0.6271006944444444 0.15162326388888872 0.21763888888888888
6 0.9320066550925926 0.375625 0.13598668981481482 0.24090277777777783
6 0.8053125 0.3433912037037037 0.255792824074074 0.22372106481481477
6 0.9168156828703704 0.12241319444444443 0.1663686342592591 0.2035763888888889
2 0.5069386574074074 0.5278587962962963 0.36528935185185174 0.36043981481481496
5 0.7284722222222222 0.9633723958333335 0.08747106481481488 0.07325520833333314
5 0.07809606481481482 0.2895775462962963 0.12407986111111113 0.10167824074074075