6 0.034375 0.05625 0.06875 0.1125
6 0.4296875 0.1984375 0.190625 0.20234375
6 0.72109375 0.275 0.225 0.1953125
6 0.81875 0.50078125 0.24609375 0.20078125
6 0.9390625 0.46015625 0.00234375 0.0015625
6 0.9234375 0.34921875 0.153125 0.1796875
6 0.8984375 0.253125 0.20234375 0.14140625
6 0.9125 0.1515625 0.15859375 0.16640625
6 0.81484375 0.03515625 0.190625 0.06953125
6 0.69765625 0.0421875 0.1546875 0.07890625
6 0.21015625 0.3890625 0.19609375 0.17421875
6 0.178125 0.54609375 0.1921875 0.1953125
6 0.02734375 0.5453125 0.05390625 0.1984375
6 0.10625 0.81875 0.2125 0.20625
6 0.19609375 0.7671875 0.20390625 0.22578125
6 0.1015625 0.96953125 0.20234375 0.0609375
6 0.553125 0.8171875 0.2515625 0.1859375
6 0.63359375 0.7484375 0.18515625 0.19921875
6 0.8390625 0.80390625 0.17890625 0.22265625
6 0.90390625 0.875 0.1890625 0.22265625
2 0.503125 0.50390625 0.2921875 0.31484375
5 0.33046875 0.025 0.0875 0.04453125