6 0.823119212962963 0.00859375 0.16157407407407404 0.0171875
6 0.6944444444444444 0.1078125 0.21111111111111108 0.215625
6 0.5578993055555556 0.12421875 0.24045138888888892 0.20625
6 0.35651041666666666 0.24609375 0.19956597222222222 0.19921875
6 0.16516203703703702 0.11796875 0.23451967592592596 0.2359375
6 0.961863425925926 0.1859375 0.06840277777777785 0.18046875
6 0.031242766203703705 0.05234375 0.06248553240740741 0.10390625
6 0.19146412037037036 0.5046875 0.20963541666666669 0.21796875
6 0.13232060185185185 0.64609375 0.2186053240740741 0.20703125
6 0.0365234375 0.48984375 0.073046875 0.19921875
6 0.08642939814814814 0.8734375 0.17285879629629627 0.196875
6 0.3422453703703704 0.77890625 0.21860532407407404 0.20703125
6 0.4903645833333333 0.9140625 0.17899305555555553 0.17109375
6 0.27167245370370374 0.93359375 0.2299189814814815 0.1328125
6 0.6633391203703705 0.96875 0.17494212962962977 0.06171875
6 0.857494212962963 0.915625 0.2234375 0.16875
6 0.8804398148148147 0.67578125 0.19279513888888894 0.22734375
6 0.6998842592592591 0.6359375 0.26296296296296295 0.24453125
6 0.9319155092592591 0.4671875 0.1083043981481481 0.203125
2 0.46331018518518513 0.484375 0.3435763888888889 0.31171875