6 0.1054513888888889 0.8838541666666668 0.17618055555555556 0.20520833333333358
6 0.3215451388888889 0.9060416666666666 0.19822916666666668 0.18791666666666665
6 0.8879861111111111 0.9615234375 0.202065972222222 0.076953125
6 0.9299479166666668 0.8115104166666667 0.14010416666666642 0.19781249999999986
6 0.7613541666666667 0.66625 0.2312326388888888 0.19015625000000008
6 0.9511458333333334 0.55140625 0.09770833333333329 0.21489583333333329
6 0.8241145833333332 0.43640625 0.21762152777777785 0.20953125000000003
6 0.7251736111111111 0.23166666666666663 0.2171875 0.19000000000000003
6 0.9316319444444445 0.2136458333333333 0.13673611111111086 0.24354166666666668
6 0.5200868055555555 0.23515625 0.2249305555555555 0.22249999999999998
6 0.3158333333333333 0.17083333333333334 0.20546875 0.22432291666666665
6 0.24072916666666666 0.40687500000000004 0.1870486111111111 0.23791666666666664
6 0.16744791666666664 0.6547395833333333 0.2204340277777778 0.23078125000000008
6 0.03180555555555556 0.5185416666666667 0.04652777777777778 0.26833333333333337
6 0.09918402777777777 0.25078125 0.1921875 0.2234375
2 0.4983680555555555 0.5215625 0.328263888888889 0.30895833333333333