6 0.19534722222222223 0.06984953703703703 0.23444444444444446 0.13969907407407406
6 0.43206597222222226 0.06340856481481481 0.2110069444444445 0.12681712962962963
6 0.5767708333333333 0.19065972222222222 0.20218749999999996 0.21415509259259258
6 0.7147222222222223 0.049379340277777774 0.23647569444444444 0.09875868055555555
6 0.953125 0.021035879629629627 0.09375 0.04207175925925925
6 0.92484375 0.18414930555555556 0.15031250000000007 0.21887731481481482
6 0.8882942708333333 0.39633101851851854 0.22341145833333337 0.19089699074074068
6 0.731545138888889 0.6792997685185185 0.23375000000000004 0.1947222222222223
6 0.9657118055555556 0.6792013888888888 0.06857638888888892 0.18085648148148153
6 0.9463541666666668 0.8850231481481481 0.10729166666666642 0.13937500000000008
6 0.7627604166666666 0.8872974537037038 0.19704861111111108 0.15848379629629647
6 0.5355034722222223 0.9381886574074073 0.1828125 0.07971064814814817
6 0.21288194444444444 0.8156944444444445 0.2046875 0.18619212962962947
6 0.1640451388888889 0.3778761574074074 0.0032812500000000354 0.0071932870370369885
6 0.2698263888888889 0.4920601851851852 0.2153472222222222 0.2444907407407408
6 0.29184027777777777 0.2507986111111111 0.25703125 0.18890624999999997
6 0.07147569444444445 0.40066550925925926 0.12989583333333335 0.2267939814814815
6 0.05022569444444445 0.8874826388888888 0.06579861111111111 0.22190972222222244
6 0.09395833333333334 0.9900231481481481 0.13152777777777777 0.019305555555555288
6 0.3128472222222222 0.9497337962962963 0.19375 0.08027777777777771
2 0.5299652777777778 0.47778935185185184 0.3332812499999999 0.35439236111111116