6 0.14944444444444444 0.8560185185185185 0.2573090277777778 0.22960069444444428
6 0.36545717592592597 0.755931712962963 0.25521412037037033 0.21157407407407405
6 0.5100231481481481 0.9074363425925925 0.2699305555555556 0.15515046296296298
6 0.7829050925925926 0.9160590277777778 0.23131944444444433 0.11626157407407404
6 0.8309548611111112 0.7956597222222223 0.21478009259259245 0.24285300925925934
6 0.9382928240740741 0.8603587962962962 0.07646990740740733 0.21041666666666642
6 0.9450983796296295 0.6306712962962963 0.0765625 0.2135416666666666
6 0.8011342592592593 0.564207175925926 0.22651620370370368 0.21753472222222214
6 0.854380787037037 0.42644675925925923 0.2026851851851852 0.2033854166666666
6 0.9762615740740742 0.09082754629629629 0.046643518518518334 0.18165509259259258
6 0.47460648148148143 0.20639467592592592 0.20750578703703706 0.18171296296296297
6 0.5587384259259259 0.06623987268518519 0.2645543981481481 0.13247974537037038
6 0.0020789930555555557 0.8354456018518519 0.004157986111111111 0.18689236111111107
6 0.09231626157407408 0.6087962962962964 0.18463252314814815 0.22144097222222214
6 0.08464699074074074 0.36079282407407404 0.16929398148148148 0.2440393518518519
6 0.22761574074074073 0.32479745370370366 0.2525752314814815 0.22786458333333331
6 0.09959635416666666 0.11035879629629627 0.19919270833333333 0.20737847222222222
2 0.5221527777777778 0.49806134259259255 0.36126736111111113 0.3668981481481481
5 0.30293981481481486 0.9432002314814815 0.08620949074074069 0.09137731481481488
5 0.9375752314814815 0.25245949074074076 0.11077546296296319 0.10399305555555553