6 0.8875868055555556 0.9292187500000001 0.21927083333333322 0.14156249999999987
6 0.7044965277777777 0.9842997685185185 0.21670138888888885 0.03140046296296291
6 0.46663194444444445 0.8941261574074074 0.21508680555555557 0.2117476851851851
6 0.3663541666666667 0.8859071180555557 0.20185763888888886 0.22818576388888873
6 0.07067708333333333 0.7914178240740741 0.11104166666666666 0.21877314814814816
6 0.21633680555555554 0.6708159722222222 0.22154513888888888 0.20252893518518533
6 0.22151041666666668 0.5522974537037036 0.23939236111111112 0.2327256944444443
6 0.18888888888888888 0.3139872685185185 0.2477951388888889 0.22438657407407403
6 0.04128472222222222 0.3119560185185185 0.07423611111111111 0.24891203703703707
6 0.03395833333333333 0.08766782407407407 0.06791666666666667 0.17533564814814814
6 0.1828298611111111 0.07646412037037037 0.2328472222222222 0.1489930555555556
6 0.40609375 0.21580439814814817 0.253263888888889 0.2245486111111111
6 0.40411458333333333 0.056475694444444446 0.20197916666666665 0.09498842592592593
6 0.9853255208333334 0.7375752314814814 0.029348958333333286 0.1575231481481481
6 0.9794921875 0.6030844907407407 0.041015625 0.20074652777777774
6 0.9411675347222221 0.2747222222222222 0.11766493055555571 0.2590335648148148
6 0.8737847222222221 0.04150462962962963 0.1272569444444443 0.034999999999999996
6 0.7735069444444445 0.7287037037037036 0.25970486111111113 0.23332754629629626
6 0.7846875000000001 0.5291666666666666 0.18616319444444435 0.15619791666666671
6 0.7328819444444445 0.3410358796296296 0.21701388888888892 0.20942129629629633
2 0.5193229166666666 0.5330150462962963 0.2891493055555555 0.3989351851851852
5 0.20437500000000003 0.9405960648148148 0.10295138888888893 0.100642361111111