6 0.9309027777777779 0.1859259259259259 0.13340856481481467 0.20520254629629625
6 0.6811400462962963 0.2355671296296296 0.2429803240740739 0.22415509259259264
6 0.5007986111111111 0.13094328703703703 0.17695023148148153 0.19340856481481486
6 0.2994097222222222 0.03522569444444444 0.2449305555555556 0.07045138888888888
6 0.0703125 0.08203125 0.140625 0.1640625
6 0.2570138888888889 0.3567013888888889 0.23309027777777783 0.2415972222222223
6 0.11615306712962963 0.31028935185185186 0.23230613425925925 0.20750578703703706
6 0.027019675925925923 0.5531076388888889 0.054039351851851845 0.18128472222222225
6 0.21657407407407409 0.6624710648148148 0.22185185185185183 0.22071759259259255
6 0.36693865740740744 0.8935532407407407 0.18538194444444445 0.18291666666666656
6 0.5997916666666667 0.8260532407407407 0.22740162037037043 0.22646990740740733
6 0.7446006944444445 0.5890335648148148 0.21309606481481466 0.2093344907407408
6 0.873298611111111 0.38563657407407403 0.18807291666666687 0.20647569444444444
6 0.9332581018518518 0.606574074074074 0.11617476851851834 0.20118634259259255
6 0.9798553240740742 0.8336689814814815 0.01593750000000007 0.12729166666666672
6 0.9259027777777777 0.9449768518518518 0.11893518518518534 0.018657407407407334
2 0.4683391203703704 0.4776736111111111 0.4176273148148148 0.3674826388888889