6 0.28828125 0.0671875 0.2171875 0.134375
6 0.5109375 0.025 0.1921875 0.05
6 0.775 0.0234375 0.20078125 0.046875
6 0.85859375 0.1734375 0.21953125 0.15703125
6 0.53203125 0.15625 0.19453125 0.1625
6 0.3296875 0.26484375 0.22890625 0.19140625
6 0.6875 0.31328125 0.2171875 0.19453125
6 0.82890625 0.57578125 0.2234375 0.2125
6 0.95390625 0.71796875 0.0921875 0.2015625
6 0.97734375 0.45625 0.0453125 0.1875
6 0.24609375 0.58671875 0.19296875 0.17734375
6 0.1484375 0.759375 0.2265625 0.17578125
6 0.12265625 0.9421875 0.2265625 0.115625
6 0.290625 0.92578125 0.225 0.1484375
6 0.08515625 0.259375 0.1703125 0.1953125
6 0.025 0.54140625 0.05 0.1953125
6 0.7359375 0.81953125 0.19453125 0.22265625
2 0.5046875 0.50078125 0.27890625 0.28046875