6 0.27523726851851854 0.9143402777777778 0.19478009259259252 0.17131944444444436
6 0.7385763888888889 0.9233506944444445 0.23762152777777779 0.15329861111111107
6 0.9383217592592594 0.9869270833333333 0.12335648148148123 0.026145833333333358
6 0.8065972222222222 0.6739583333333334 0.22460069444444458 0.24163194444444436
6 0.9710358796296298 0.5261979166666666 0.057928240740740475 0.182673611111111
6 0.7857638888888889 0.21661458333333333 0.23311342592592582 0.23635416666666664
6 0.09427662037037036 0.3012152777777778 0.18309027777777778 0.23368055555555553
6 0.07785300925925925 0.036093749999999994 0.1549247685185185 0.07217013888888889
2 0.5211805555555555 0.4918923611111111 0.30043402777777783 0.2995486111111111
5 0.16786458333333334 0.4184374999999999 0.09528935185185183 0.10598958333333322
5 0.23641203703703706 0.45901041666666664 0.0965856481481481 0.08805555555555564
5 0.3031828703703704 0.5378125 0.1388715277777778 0.14835069444444446