6 0.2621354166666666 0.047899305555555556 0.23822916666666671 0.09579861111111111
6 0.8629166666666667 0.09438078703703705 0.2447395833333335 0.1810300925925926
6 0.5172916666666667 0.0961863425925926 0.2185416666666667 0.18492476851851852
6 0.2939583333333333 0.2245891203703704 0.2572916666666666 0.2175694444444444
6 0.6717708333333333 0.2535590277777778 0.24499999999999994 0.21995370370370376
6 0.8031770833333333 0.5235763888888889 0.25333333333333313 0.2399016203703704
6 0.9143229166666668 0.665619212962963 0.08927083333333315 0.21850694444444443
6 0.9570833333333333 0.3860590277777778 0.03984375 0.2007928240740741
6 0.18130208333333334 0.5721006944444444 0.21802083333333339 0.20045717592592585
6 0.09557291666666666 0.7586342592592592 0.19114583333333332 0.2014814814814816
6 0.07369791666666667 0.9438425925925926 0.14739583333333334 0.11148726851851834
6 0.20578124999999997 0.9169328703703703 0.24880208333333337 0.1485879629629629
6 0.06515625 0.23103587962962963 0.1303125 0.21605324074074073
6 0.6875 0.7880034722222222 0.22281250000000002 0.24898726851851852
2 0.46317708333333335 0.4643518518518518 0.31750000000000006 0.3152951388888889