6 0.04453125 0.040625 0.08828125 0.07578125
6 0.25234375 0.03515625 0.2234375 0.06953125
6 0.5359375 0.0734375 0.20390625 0.14453125
6 0.365625 0.1796875 0.2078125 0.2046875
6 0.12734375 0.1671875 0.20390625 0.1796875
6 0.8671875 0.059375 0.265625 0.115625
6 0.70390625 0.29609375 0.1828125 0.21640625
6 0.8859375 0.27578125 0.2046875 0.2515625
6 0.8640625 0.53359375 0.2171875 0.178125
6 0.97578125 0.43515625 0.0484375 0.1359375
6 0.96640625 0.69453125 0.0671875 0.21875
6 0.6875 0.70546875 0.209375 0.1703125
6 0.60390625 0.909375 0.22109375 0.18125
6 0.85546875 0.9203125 0.21953125 0.159375
6 0.98828125 0.9546875 0.0234375 0.090625
6 0.3171875 0.809375 0.1828125 0.1859375
6 0.18671875 0.7171875 0.2328125 0.23359375
6 0.11171875 0.41171875 0.22109375 0.23125
6 0.03515625 0.896875 0.0671875 0.20625
6 0.2421875 0.9484375 0.2140625 0.10234375
2 0.50234375 0.48828125 0.328125 0.32109375