6 0.0671875 0.2421875 0.134375 0.190625
6 0.30859375 0.27578125 0.22890625 0.203125
6 0.4828125 0.1671875 0.16640625 0.17734375
6 0.67890625 0.046875 0.2328125 0.09375
6 0.915625 0.0875 0.16796875 0.17421875
6 0.35078125 0.01484375 0.1421875 0.0296875
6 0.71328125 0.37109375 0.21953125 0.2203125
6 0.86015625 0.3203125 0.23828125 0.1859375
6 0.953125 0.54921875 0.09375 0.1734375
6 0.74765625 0.66328125 0.209375 0.20078125
6 0.6015625 0.90546875 0.175 0.1890625
6 0.378125 0.8390625 0.2140625 0.20625
6 0.24375 0.61875 0.20078125 0.18984375
6 0.12265625 0.43046875 0.17734375 0.1890625
6 0.059375 0.646875 0.11640625 0.1859375
6 0.0109375 0.865625 0.021875 0.11875
6 0.06171875 0.98203125 0.12265625 0.0359375
2 0.509375 0.49765625 0.39453125 0.33203125