6 0.07130787037037037 0.7671875 0.13268518518518518 0.19375
6 0.3147916666666667 0.73125 0.23277777777777783 0.20625
6 0.4913888888888889 0.84140625 0.1700810185185185 0.1796875
6 0.6899074074074074 0.9578125 0.23655671296296302 0.08359375
6 0.9210648148148148 0.91796875 0.15787037037037024 0.1640625
6 0.3596759259259259 0.98984375 0.14311342592592596 0.01953125
6 0.722667824074074 0.634375 0.22353009259259266 0.2234375
6 0.8714930555555556 0.68671875 0.24202546296296285 0.1890625
6 0.9578110532407408 0.45546875 0.08437789351851847 0.1734375
6 0.7556365740740741 0.3390625 0.21322916666666672 0.20390625
6 0.6061747685185186 0.0953125 0.17875000000000013 0.18984375
6 0.3808796296296296 0.1609375 0.21795138888888896 0.20859375
6 0.24581597222222223 0.384375 0.20455439814814813 0.19296875
6 0.12613425925925925 0.575 0.18032407407407408 0.19140625
6 0.06046296296296296 0.3578125 0.11625 0.18984375
6 0.01115162037037037 0.134375 0.020439814814814813 0.12265625
6 0.06028356481481482 0.0171875 0.12056712962962964 0.034375
2 0.51625 0.50625 0.4009317129629629 0.33671875