6 0.303125 0.9274479166666666 0.2296875 0.12000000000000029
6 0.5359375 0.9572395833333334 0.203125 0.027604166666666784
6 0.815625 0.94015625 0.215625 0.025312499999999717
6 0.89375 0.7966666666666666 0.21171875 0.17973958333333329
6 0.5609375 0.8360416666666668 0.20625 0.18562499999999993
6 0.346875 0.7346875 0.2421875 0.2184895833333332
6 0.725 0.6586979166666668 0.2296875 0.21999999999999992
6 0.87421875 0.3721875 0.23671875 0.24000000000000005
6 0.97890625 0.21598958333333335 0.0421875 0.21531249999999993
6 0.2578125 0.40078125 0.2046875 0.20036458333333335
6 0.1546875 0.22562500000000002 0.23984375 0.20114583333333336
6 0.125 0.0521484375 0.23828125 0.104296875
6 0.30390625 0.06416666666666668 0.2390625 0.12833333333333335
6 0.08828125 0.7597395833333334 0.1765625 0.21802083333333327
6 0.025 0.46786458333333336 0.05 0.20958333333333332
6 0.7765625 0.12266927083333332 0.20625 0.24533854166666663
2 0.53125 0.4739583333333333 0.2953125 0.31578125