6 0.9825115740740742 0.12354166666666666 0.03497685185185162 0.11749999999999998
6 0.7621412037037036 0.13630208333333332 0.18978009259259263 0.18229166666666666
6 0.6065798611111111 0.1275 0.1813715277777778 0.18484375000000003
6 0.4296875 0.13453125 0.23823495370370368 0.22520833333333332
6 0.3007986111111111 0.2977083333333333 0.18594328703703705 0.23572916666666668
6 0.13039930555555557 0.2745833333333333 0.23778356481481483 0.24385416666666665
6 0.08907986111111112 0.07182291666666665 0.1764814814814815 0.14171875
6 0.8646585648148148 0.3784375 0.20086805555555537 0.21182291666666675
6 0.7424768518518519 0.33578125 0.1869386574074074 0.2
6 0.8989699074074075 0.63328125 0.14650462962962935 0.21364583333333337
6 0.8346180555555556 0.6603645833333334 0.18528356481481473 0.19833333333333342
6 0.6729340277777778 0.7813541666666666 0.22422453703703696 0.23828125
6 0.42342013888888896 0.8094270833333332 0.20302083333333343 0.19562500000000008
6 0.17513310185185188 0.5520833333333334 0.23537615740740742 0.20322916666666657
6 0.09020254629629629 0.6758854166666667 0.18040509259259258 0.21583333333333332
6 0.02221064814814815 0.46078125 0.0444212962962963 0.20593749999999994
6 0.04123263888888889 0.8984375 0.08246527777777778 0.203125
6 0.20146412037037037 0.9690104166666668 0.22457175925925926 0.06197916666666643
6 0.8601215277777777 0.8785416666666667 0.19526620370370368 0.22234374999999992
2 0.47748842592592594 0.5455729166666666 0.39549768518518513 0.3446354166666666
5 0.24994212962962964 0.04411458333333333 0.10631944444444441 0.06078125000000001