6 0.0859375 0.1203125 0.16640625 0.1890625
6 0.24609375 0.08359375 0.21953125 0.16640625
6 0.32109375 0.27890625 0.23125 0.1875
6 0.66171875 0.09140625 0.18125 0.17734375
6 0.87265625 0.08671875 0.1546875 0.1734375
6 0.940625 0.0703125 0.11875 0.140625
6 0.946875 0.27265625 0.10546875 0.1734375
6 0.92734375 0.44375 0.1453125 0.1953125
6 0.8234375 0.5828125 0.165625 0.1890625
6 0.721875 0.640625 0.171875 0.1984375
6 0.90703125 0.721875 0.18515625 0.16796875
6 0.93359375 0.91640625 0.13203125 0.1484375
6 0.63046875 0.921875 0.2078125 0.15625
6 0.74296875 0.94140625 0.2078125 0.1171875
6 0.4875 0.76171875 0.165625 0.1640625
6 0.29921875 0.66015625 0.190625 0.16640625
6 0.10390625 0.44296875 0.1703125 0.1453125
6 0.02421875 0.328125 0.0484375 0.140625
6 0.0796875 0.7328125 0.15859375 0.19296875
6 0.24765625 0.85625 0.16796875 0.17421875
6 0.3515625 0.971875 0.225 0.05625
6 0.23671875 0.96875 0.00546875 0.0015625
6 0.61953125 0.27734375 0.1625 0.1875
6 0.7359375 0.27578125 0.17890625 0.18125
2 0.50703125 0.5 0.2953125 0.3015625