6 0.4046875 0.19453125 0.2140625 0.21796875
6 0.553125 0.01875 0.1828125 0.03671875
6 0.85546875 0.0578125 0.2046875 0.115625
6 0.9546875 0.1765625 0.08984375 0.17734375
6 0.834375 0.378125 0.2234375 0.21796875
6 0.865625 0.6234375 0.21015625 0.2109375
6 0.896875 0.90390625 0.20625 0.1921875
6 0.1875 0.31953125 0.20625 0.2109375
6 0.03359375 0.346875 0.06484375 0.18515625
6 0.096875 0.5625 0.1453125 0.21484375
6 0.059375 0.6390625 0.11875 0.26484375
6 0.26484375 0.6765625 0.225 0.2609375
6 0.50703125 0.803125 0.2078125 0.2109375
6 0.55078125 0.975 0.2171875 0.05
6 0.23515625 0.953125 0.2578125 0.09296875
2 0.5203125 0.50859375 0.3609375 0.30859375