6 0.1 0.040625 0.2 0.08125
6 0.3421875 0.06796875 0.196875 0.1359375
6 0.56640625 0.0859375 0.19296875 0.171875
6 0.74296875 0.10546875 0.22890625 0.2109375
6 0.9359375 0.02109375 0.128125 0.0421875
6 0.9375 0.14609375 0.1203125 0.17421875
6 0.92578125 0.40234375 0.1484375 0.221875
6 0.7375 0.32109375 0.196875 0.18125
6 0.35 0.265625 0.1734375 0.2140625
6 0.17734375 0.371875 0.175 0.171875
6 0.04296875 0.2265625 0.0859375 0.23203125
6 0.0328125 0.5015625 0.065625 0.178125
6 0.26328125 0.61484375 0.240625 0.2203125
6 0.08125 0.709375 0.16015625 0.22421875
6 0.14375 0.92734375 0.16015625 0.14453125
6 0.1890625 0.85546875 0.08515625 0.0015625
6 0.34453125 0.91328125 0.159375 0.1734375
6 0.46953125 0.9546875 0.1875 0.090625
6 0.48046875 0.7765625 0.24453125 0.1984375
6 0.68125 0.721875 0.23359375 0.1921875
6 0.84375 0.57578125 0.20234375 0.209375
6 0.98046875 0.60859375 0.0390625 0.15
6 0.88984375 0.878125 0.2203125 0.2375
6 0.68046875 0.91953125 0.22265625 0.1609375
2 0.4984375 0.49453125 0.29921875 0.29609375