6 0.5243576388888889 0.7838194444444444 0.20423611111111112 0.2036747685185185
6 0.7372569444444445 0.8135185185185186 0.18897569444444465 0.19407986111111128
6 0.1255902777777778 0.92734375 0.17520833333333335 0.1453125
6 0.20628472222222224 0.7416319444444445 0.21692708333333338 0.15545717592592592
6 0.3360590277777778 0.5874074074074074 0.19246527777777783 0.18476273148148153
6 0.10854166666666668 0.5098668981481481 0.1798611111111111 0.18223379629629619
6 0.13871527777777778 0.27531249999999996 0.1915625 0.19958333333333336
6 0.03350694444444444 0.15664351851851852 0.06048611111111111 0.16641203703703705
6 0.18303819444444444 0.025353009259259256 0.17467013888888888 0.047870370370370376
6 0.34697916666666667 0.25341435185185185 0.18612847222222229 0.20028356481481477
6 0.581388888888889 0.15226851851851853 0.22359375000000004 0.16492476851851853
6 0.7719618055555555 0.34715277777777775 0.16644097222222243 0.17891203703703704
6 0.9527083333333334 0.23516782407407408 0.09458333333333328 0.1999189814814814
6 0.8010243055555556 0.05246527777777778 0.22939236111111114 0.08459490740740741
2 0.5370833333333334 0.49045138888888895 0.36144097222222216 0.3504398148148148