6 0.11788773148148149 0.9516319444444445 0.2214699074074074 0.096736111111111
6 0.6968923611111111 0.92609375 0.2107291666666667 0.14781249999999985
6 0.9046990740740741 0.7740972222222222 0.1250983796296296 0.24546874999999985
6 0.7511747685185186 0.6275520833333333 0.22141782407407415 0.2218576388888888
6 0.9087384259259259 0.46993055555555563 0.1470370370370368 0.21708333333333343
6 0.9412615740740741 0.5214930555555556 0.07518518518518533 0.18583333333333343
6 0.6659722222222222 0.3550347222222222 0.20749999999999993 0.19423611111111114
6 0.7663715277777777 0.1836284722222222 0.24076967592592596 0.1887326388888889
6 0.8276215277777779 0.26946180555555554 0.20112847222222213 0.19175347222222222
6 0.21223958333333334 0.46227430555555554 0.24519097222222222 0.2138020833333334
6 0.28640046296296295 0.706388888888889 0.20197916666666665 0.20815972222222232
6 0.1540798611111111 0.22633680555555555 0.2438310185185185 0.21767361111111114
6 0.41606481481481483 0.04600694444444444 0.2459953703703704 0.07881944444444444
6 0.01857928240740741 0.16840277777777776 0.03715856481481482 0.26336805555555554
6 0.013379629629629627 0.88984375 0.026759259259259253 0.2203125
2 0.4892939814814815 0.5192708333333333 0.32917245370370374 0.29838541666666674