6 0.9299696180555556 0.8526041666666666 0.14006076388888894 0.19399305555555557
6 0.7878472222222223 0.894068287037037 0.22569444444444448 0.17291087962962948
6 0.7056134259259259 0.7009780092592592 0.2381944444444443 0.19435185185185197
6 0.3719328703703704 0.8985706018518519 0.187818287037037 0.18271412037037038
6 0.16116898148148148 0.9095081018518518 0.16111111111111107 0.17802083333333343
6 0.09380787037037037 0.9279282407407408 0.12395833333333335 0.14414351851851848
6 0.08006365740740742 0.7257696759259259 0.11189236111111112 0.1765625
6 0.09325810185185185 0.5540972222222222 0.1525462962962963 0.19961805555555542
6 0.19201388888888887 0.41195601851851854 0.1726273148148148 0.1939699074074074
6 0.2914351851851852 0.3511342592592593 0.17922453703703703 0.20353009259259255
6 0.10326967592592592 0.2753703703703704 0.19137731481481485 0.17345486111111114
6 0.06950231481481482 0.0816261574074074 0.1375289351851852 0.15234953703703702
6 0.3724247685185185 0.07418981481481482 0.21359953703703702 0.14837962962962964
6 0.2592013888888889 0.05632523148148148 0.21215277777777777 0.11265046296296297
6 0.5213252314814815 0.2230960648148148 0.17170138888888892 0.16896990740740742
6 0.7133680555555555 0.3190798611111111 0.19678819444444465 0.1720543981481482
6 0.9144386574074075 0.5304803240740741 0.1711226851851851 0.1503587962962964
6 0.9869212962962962 0.6429629629629631 0.02615740740740762 0.14206018518518526
6 0.9236689814814815 0.2399189814814815 0.152662037037037 0.19766782407407407
6 0.7576678240740741 0.12145833333333333 0.17442129629629619 0.17919560185185185
6 0.6494791666666666 0.020185185185185184 0.22708333333333322 0.04037037037037037
6 0.7644386574074075 0.008634259259259262 0.005526620370370239 0.0017245370370370383
6 0.4072337962962963 0.7113831018518519 0.16944444444444445 0.19231481481481474
6 0.2908854166666667 0.7163946759259259 0.18561921296296297 0.18655092592592587
2 0.5114872685185186 0.48539351851851853 0.30648148148148147 0.31031250000000005