6 0.03359375 0.06484375 0.06484375 0.1296875
6 0.16328125 0.01875 0.1625 0.034375
6 0.303125 0.05234375 0.21953125 0.1046875
6 0.746875 0.07109375 0.18359375 0.14140625
6 0.88125 0.25 0.19296875 0.19296875
6 0.965625 0.7015625 0.06875 0.21796875
6 0.7953125 0.7078125 0.17578125 0.17421875
6 0.8453125 0.91796875 0.1828125 0.1640625
6 0.5671875 0.728125 0.19453125 0.1546875
6 0.6609375 0.971875 0.19453125 0.05546875
6 0.43828125 0.96796875 0.1625 0.06328125
6 0.296875 0.8203125 0.20234375 0.1953125
6 0.19140625 0.54140625 0.2046875 0.18125
6 0.284375 0.4109375 0.20625 0.18515625
6 0.42734375 0.24296875 0.1828125 0.1875
6 0.1484375 0.234375 0.2078125 0.1953125
2 0.4953125 0.50078125 0.2421875 0.28828125