6 0.9008506944444445 0.0955324074074074 0.198298611111111 0.14319444444444446
6 0.5984375 0.08813657407407408 0.1921875 0.14613425925925924
6 0.6105208333333334 0.20348958333333336 0.25048611111111113 0.2290046296296296
6 0.35340277777777773 0.10982060185185186 0.2113888888888889 0.1919560185185185
6 0.11739583333333332 0.10439236111111112 0.2182986111111111 0.2069849537037037
6 0.2402951388888889 0.31377314814814816 0.21786458333333333 0.17966435185185184
6 0.04892361111111111 0.3320659722222222 0.09784722222222222 0.2156944444444444
6 0.09817708333333333 0.5192129629629629 0.1859201388888889 0.2333333333333334
6 0.0240625 0.7824074074074074 0.048125 0.21481481481481488
6 0.042534722222222224 0.94921875 0.08506944444444445 0.1015625
6 0.9223958333333332 0.3324189814814814 0.13704861111111127 0.2045775462962963
6 0.7203645833333333 0.3897974537037037 0.20973958333333337 0.24262152777777776
6 0.8349305555555556 0.6106655092592593 0.1874131944444443 0.19670717592592588
6 0.7115451388888889 0.6586400462962964 0.18230902777777763 0.2223032407407409
6 0.5689409722222222 0.8750173611111112 0.18109374999999997 0.1949594907407409
6 0.7935069444444445 0.8738483796296297 0.18940972222222213 0.1889641203703704
6 0.9325173611111112 0.755931712962963 0.08001736111111128 0.23799768518518505
6 0.8818229166666667 0.9664814814814815 0.15487847222222229 0.06703703703703709
2 0.46689236111111115 0.5309201388888889 0.31078124999999995 0.30413194444444436
1 0.2626909722222222 0.8229513888888889 0.4689583333333333 0.3540972222222223