6 0.012175925925925927 0.061510416666666665 0.023564814814814816 0.12302083333333333
6 0.22877893518518516 0.08369791666666668 0.18255787037037036 0.16739583333333335
6 0.38582175925925927 0.0798828125 0.1739872685185185 0.159765625
6 0.5625231481481482 0.09365885416666667 0.22895254629629633 0.18731770833333333
6 0.6825694444444445 0.23822916666666666 0.1751099537037037 0.23734374999999996
6 0.855144675925926 0.21578124999999998 0.227482638888889 0.24473958333333332
6 0.9067592592592593 0.0413671875 0.1705497685185186 0.082734375
6 0.11413773148148147 0.31911458333333337 0.19132523148148145 0.21265625000000005
6 0.2381076388888889 0.2772395833333333 0.17796296296296302 0.20083333333333328
6 0.06913773148148147 0.5753645833333334 0.13120949074074076 0.21411458333333327
6 0.12874999999999998 0.6034375 0.17638888888888887 0.19916666666666671
6 0.28519675925925925 0.7251041666666668 0.2133912037037037 0.23989583333333328
6 0.5331828703703703 0.753125 0.1943287037037038 0.19645833333333335
6 0.7954571759259259 0.49411458333333336 0.22718171296296283 0.20411458333333332
6 0.8943258101851852 0.6194270833333333 0.21134837962962968 0.21750000000000008
6 0.9677604166666667 0.4027604166666666 0.06447916666666664 0.20760416666666667
6 0.9381495949074073 0.8415625 0.12370081018518526 0.2000520833333333
6 0.746244212962963 0.9202604166666667 0.2223263888888889 0.07572916666666671
6 0.4612615740740741 0.9627083333333335 0.16104166666666675 0.024791666666666858
6 0.09520254629629629 0.82296875 0.17969328703703705 0.22359374999999987
2 0.4929166666666666 0.4877083333333333 0.38128472222222226 0.34635416666666663
5 0.7470949074074074 0.006510416666666666 0.1035648148148148 0.013020833333333332