6 0.8200462962962962 0.0020312499999999983 0.20678240740740747 0.004062499999999997
6 0.5791261574074074 0.17022569444444446 0.18857638888888886 0.18638888888888888
6 0.34997106481481477 0.14449652777777777 0.21257523148148144 0.17262152777777778
6 0.3991203703703704 0.05264322916666666 0.21346643518518515 0.10528645833333332
6 0.14831018518518518 0.006961805555555556 0.15025462962962965 0.013923611111111112
6 0.12350694444444443 0.200625 0.20428240740740738 0.19255208333333335
6 0.06144675925925926 0.4526215277777778 0.12289351851851853 0.21038194444444436
6 0.18737268518518518 0.5272569444444445 0.19496527777777778 0.19604166666666673
6 0.06045138888888889 0.6924305555555555 0.12090277777777778 0.21045138888888887
6 0.08585503472222222 0.9099652777777777 0.17171006944444445 0.17925347222222215
6 0.28313657407407405 0.8087500000000001 0.23295138888888892 0.23052083333333329
6 0.2601273148148148 0.8862847222222221 0.18113425925925924 0.21104166666666657
6 0.5302025462962963 0.9429861111111111 0.2025347222222223 0.07458333333333336
6 0.7970196759259259 0.11291666666666667 0.18723379629629627 0.20116319444444444
6 0.8202893518518518 0.28130208333333334 0.20621527777777793 0.21762152777777777
6 0.6979166666666666 0.3203125 0.21308449074074076 0.20699652777777774
6 0.8646064814814813 0.5572743055555556 0.20116319444444458 0.2455034722222223
6 0.770943287037037 0.60828125 0.18434027777777776 0.21664930555555556
6 0.599994212962963 0.7642187500000001 0.20509259259259255 0.24723958333333335
6 0.7849189814814815 0.8770138888888889 0.2032233796296296 0.17376736111111094
6 0.9275578703703704 0.7348263888888888 0.12429976851851876 0.22178819444444428
6 0.9674652777777778 0.06588541666666667 0.06506944444444436 0.13177083333333334
1 0.4811805555555556 0.5102951388888888 0.3487210648148148 0.4035243055555554