6 0.7692013888888889 0.952349537037037 0.22737847222222207 0.0752199074074074
6 0.9500173611111112 0.8989062499999999 0.06310763888888857 0.16884837962962962
6 0.3164930555555555 0.9754571759259261 0.1156944444444445 0.039982638888889
6 0.22413194444444445 0.9143460648148147 0.16690972222222217 0.16570023148148144
6 0.06134548611111111 0.8997395833333333 0.12269097222222222 0.18958333333333358
6 0.038658854166666666 0.6782349537037037 0.07731770833333333 0.19664351851851852
6 0.14336805555555557 0.5773726851851853 0.2647569444444445 0.24603009259259262
6 0.24638888888888885 0.4048090277777778 0.1847569444444444 0.1956423611111111
6 0.43538194444444445 0.22940972222222222 0.18925347222222227 0.2222627314814815
6 0.33696180555555555 0.3003761574074074 0.15390625 0.1780034722222222
6 0.1636111111111111 0.2638946759259259 0.1733854166666667 0.21109375000000002
6 0.06769097222222223 0.12868055555555555 0.13538194444444446 0.2113888888888889
6 0.6680555555555555 0.23221064814814815 0.14435763888888892 0.1700520833333333
6 0.5864236111111112 0.21545717592592592 0.17411458333333343 0.2087615740740741
6 0.45500000000000007 0.0536009837962963 0.252482638888889 0.1072019675925926
6 0.7849652777777778 0.5241319444444444 0.1786458333333334 0.2017997685185186
6 0.7197222222222223 0.5782060185185185 0.16664930555555557 0.15398148148148144
6 0.7056944444444444 0.7525752314814815 0.16520833333333335 0.15942708333333327
6 0.6169097222222222 0.70625 0.15236111111111122 0.17876157407407406
6 0.4558680555555556 0.7836111111111111 0.19972222222222236 0.2013310185185185
6 0.9252083333333333 0.6798148148148149 0.121875 0.17752893518518514
6 0.8772222222222222 0.7305092592592592 0.15831597222222235 0.20071759259259264
6 0.9309548611111111 0.49151041666666667 0.1188194444444445 0.1806076388888888
6 0.9524479166666666 0.29750578703703706 0.08467013888888886 0.15510995370370367
6 0.9549479166666668 0.1221238425925926 0.09010416666666643 0.2442476851851852
6 0.8382465277777778 0.031244212962962963 0.2016319444444445 0.062488425925925926
2 0.4921006944444445 0.4886400462962963 0.3046527777777778 0.28410879629629626