6 0.0700173611111111 0.9 0.1400347222222222 0.2
6 0.2192708333333333 0.9285850694444445 0.23064236111111108 0.142829861111111
6 0.3008854166666667 0.7476909722222221 0.24416666666666664 0.20519097222222218
6 0.6475520833333334 0.9315190972222223 0.19032986111111114 0.13696180555555557
6 0.8662152777777777 0.9408029513888888 0.16123263888888886 0.11839409722222242
6 0.9275520833333335 0.9597743055555554 0.10579861111111129 0.08045138888888914
6 0.9374305555555555 0.7838020833333333 0.09618055555555571 0.18378472222222228
6 0.9210590277777777 0.6055555555555555 0.13654513888888892 0.20899305555555542
6 0.8281944444444445 0.45597222222222217 0.17545138888888873 0.20369791666666667
6 0.72484375 0.3911631944444444 0.18269097222222222 0.21338541666666674
6 0.9071354166666665 0.3171527777777778 0.17732638888888913 0.18270833333333333
6 0.9389409722222222 0.11758680555555556 0.12211805555555558 0.15684027777777781
6 0.6350694444444445 0.10251736111111112 0.21892361111111108 0.15802083333333333
6 0.7519097222222222 0.08815972222222222 0.21493055555555554 0.11881944444444444
6 0.4846701388888889 0.25458333333333333 0.17487847222222222 0.17791666666666667
6 0.28703124999999996 0.3505902777777778 0.2007118055555555 0.18140625000000005
6 0.0851953125 0.5681944444444444 0.170390625 0.15862847222222226
6 0.010425347222222223 0.6835763888888888 0.020850694444444446 0.14996527777777774
6 0.07296440972222222 0.2689583333333333 0.14592881944444444 0.2066319444444445
6 0.23918402777777778 0.14592013888888888 0.1774652777777778 0.18895833333333334
6 0.3486979166666667 0.03895833333333333 0.2338541666666666 0.05722222222222223
6 0.23006944444444444 0.02821180555555556 0.00550347222222225 0.0018055555555555492
6 0.6102256944444445 0.7630034722222222 0.17229166666666665 0.20199652777777785
6 0.7304861111111112 0.7706944444444443 0.1885416666666666 0.19569444444444456
2 0.49894097222222217 0.5273611111111112 0.3124305555555555 0.32685763888888886