6 0.03480902777777778 0.06273726851851852 0.06961805555555556 0.12547453703703704
6 0.16468750000000001 0.015277777777777779 0.16687500000000002 0.02935185185185185
6 0.30690972222222224 0.05225694444444445 0.22631944444444443 0.10164351851851852
6 0.7561805555555555 0.0743287037037037 0.19123263888888892 0.13809027777777777
6 0.8998177083333333 0.2542534722222222 0.20036458333333335 0.19675925925925924
6 0.9835416666666668 0.71265625 0.03291666666666657 0.2207523148148148
6 0.8363194444444446 0.7176793981481481 0.18597222222222243 0.17788194444444444
6 0.8948090277777778 0.9231322337962963 0.1922395833333333 0.1537355324074074
6 0.6060069444444445 0.7370601851851852 0.20385416666666673 0.15848958333333343
6 0.7089583333333334 0.9771006944444445 0.1990972222222222 0.045798611111111144
6 0.48538194444444444 0.9732060185185185 0.16812500000000002 0.053587962962962976
6 0.3367361111111111 0.8287847222222222 0.21350694444444435 0.19995370370370366
6 0.21713541666666666 0.5451793981481481 0.21519097222222222 0.18512731481481487
6 0.3057986111111111 0.4138483796296296 0.21692708333333338 0.1890451388888888
6 0.44276041666666666 0.24460648148148145 0.19281249999999997 0.19120949074074076
6 0.16109374999999998 0.23314814814814816 0.21897569444444445 0.19999421296296296
2 0.5231076388888889 0.5060532407407408 0.2575520833333334 0.2947800925925925