6 0.9714988425925926 0.09397569444444445 0.05700231481481488 0.10406249999999999
6 0.6934722222222222 0.06833333333333333 0.23180555555555565 0.08527777777777779
6 0.22301504629629632 0.06696180555555556 0.1945891203703704 0.12189236111111112
6 0.09074797453703703 0.230625 0.18149594907407407 0.21121527777777782
6 0.01109664351851852 0.7052777777777778 0.02219328703703704 0.23086805555555562
6 0.16425925925925927 0.7192534722222222 0.18730324074074073 0.1926388888888889
6 0.11113425925925927 0.9233203124999999 0.19489004629629628 0.15335937500000013
6 0.4062847222222222 0.7518923611111111 0.20745949074074072 0.1724479166666665
6 0.30758680555555556 0.9843923611111112 0.206550925925926 0.03121527777777757
6 0.5412037037037036 0.9868229166666665 0.17378472222222213 0.026354166666666855
6 0.6914988425925925 0.8622569444444445 0.21559027777777776 0.215763888888889
6 0.8053993055555555 0.5726909722222222 0.21860532407407404 0.20105902777777765
6 0.7079803240740741 0.43081597222222223 0.22019675925925916 0.20503472222222213
6 0.5577314814814816 0.24673611111111113 0.19443287037037038 0.20623263888888888
6 0.8523321759259259 0.2504513888888889 0.22105902777777792 0.2160069444444444
2 0.4838425925925926 0.5154166666666666 0.25850694444444444 0.3160763888888889