6 0.02578125 0.0640625 0.0515625 0.128125
6 0.16953125 0.00546875 0.00234375 0.00234375
6 0.25 0.08984375 0.175 0.1796875
6 0.40234375 0.0921875 0.16640625 0.18203125
6 0.57109375 0.109375 0.21953125 0.21875
6 0.6859375 0.28203125 0.16796875 0.21796875
6 0.85234375 0.27109375 0.21796875 0.221875
6 0.90546875 0.071875 0.1625 0.1390625
6 0.1359375 0.3234375 0.18359375 0.19296875
6 0.25625 0.290625 0.1703125 0.18203125
6 0.0765625 0.56953125 0.153125 0.19921875
6 0.1484375 0.5984375 0.16953125 0.18125
6 0.2984375 0.72578125 0.2046875 0.21796875
6 0.5375 0.76796875 0.18671875 0.17734375
6 0.79296875 0.5359375 0.21796875 0.18203125
6 0.89296875 0.66328125 0.2140625 0.1953125
6 0.96640625 0.4609375 0.0671875 0.1953125
6 0.93515625 0.88515625 0.1296875 0.190625
6 0.7453125 0.9578125 0.21328125 0.08359375
6 0.465625 0.97890625 0.15625 0.0421875
6 0.10078125 0.809375 0.20078125 0.203125
6 0.17109375 0.98984375 0.11796875 0.01953125
2 0.50078125 0.51015625 0.36640625 0.309375
5 0.75 0.0328125 0.1 0.065625