6 0.07109375 0.05625 0.14140625 0.1078125
6 0.30859375 0.0546875 0.2578125 0.10859375
6 0.69375 0.0625 0.21015625 0.125
6 0.8171875 0.2125 0.21171875 0.23359375
6 0.96015625 0.1203125 0.0796875 0.2359375
6 0.82109375 0.45 0.1890625 0.21484375
6 0.89609375 0.75859375 0.2046875 0.221875
6 0.575 0.9 0.20390625 0.2
6 0.36796875 0.7453125 0.26171875 0.1953125
6 0.19453125 0.1859375 0.2140625 0.1984375
6 0.38984375 0.30703125 0.20625 0.178125
6 0.178125 0.4078125 0.21796875 0.178125
6 0.2484375 0.5546875 0.20625 0.21015625
6 0.07109375 0.725 0.14140625 0.2296875
6 0.1796875 0.98359375 0.1375 0.0328125
6 0.01484375 0.31171875 0.02890625 0.1640625
6 0.0171875 0.51953125 0.034375 0.1046875
2 0.51484375 0.478125 0.2859375 0.32421875
5 0.48359375 0.159375 0.11015625 0.08515625