6 0.16012731481481482 0.05434027777777778 0.22427662037037038 0.10785300925925927
6 0.7366030092592593 0.09144097222222222 0.21574074074074065 0.17181712962962964
6 0.9232638888888889 0.26244791666666667 0.13284143518518512 0.24381944444444442
6 0.7509548611111111 0.40421874999999996 0.226244212962963 0.21874421296296304
6 0.8897569444444444 0.5670543981481482 0.1534143518518519 0.2158622685185186
6 0.9287326388888889 0.5157523148148149 0.08084490740740762 0.18487268518518524
6 0.6309895833333333 0.6730092592592593 0.21171875 0.1913078703703704
6 0.7094907407407407 0.8479050925925925 0.24484953703703702 0.18530671296296292
6 0.781423611111111 0.7632349537037036 0.20529513888888892 0.18891782407407404
6 0.1919560185185185 0.553287037037037 0.24982638888888892 0.21032986111111107
6 0.29739583333333336 0.3117476851851852 0.2065104166666667 0.20532407407407405
6 0.11427951388888888 0.7871412037037037 0.22855902777777776 0.21422453703703698
6 0.3439236111111111 0.9690610532407409 0.24615162037037042 0.061877893518518336
6 0.03185763888888889 0.11664351851851851 0.06371527777777777 0.22391203703703702
2 0.47540509259259256 0.5045775462962963 0.3356481481481481 0.29373263888888895