6 0.62171875 0.7358738425925926 0.19427083333333323 0.21772569444444442
6 0.3882291666666667 0.7948437500000001 0.21645833333333336 0.24705439814814803
6 0.12994791666666666 0.7587905092592593 0.22197916666666667 0.20146990740740733
6 0.04052083333333333 0.9076909722222222 0.08104166666666666 0.18461805555555558
6 0.06640625 0.6013425925925926 0.1328125 0.2379398148148148
6 0.18776041666666668 0.44020833333333337 0.17348958333333334 0.15112847222222214
6 0.10989583333333333 0.3942418981481482 0.19270833333333334 0.19428819444444442
6 0.29151041666666666 0.2613078703703704 0.17848958333333337 0.19111111111111115
6 0.3591666666666667 0.21527777777777776 0.19453125 0.18661458333333333
6 0.5093229166666667 0.10060908564814815 0.20661458333333335 0.2012181712962963
6 0.23265625 0.08009259259259259 0.19874999999999998 0.16018518518518518
6 0.004908854166666666 0.20955439814814816 0.009817708333333333 0.10667245370370368
6 0.02734375 0.0171875 0.0546875 0.034375
6 0.7318229166666667 0.12315972222222223 0.20911458333333321 0.21860532407407404
2 0.4769791666666666 0.4557523148148149 0.3453645833333333 0.3480729166666666
6 0.8455729166666666 0.3195196759259259 0.25927083333333345 0.2122395833333334
5 0.59796875 0.22836226851851854 0.06984375000000007 0.07884259259259263