6 0.08112847222222222 0.9828125 0.16225694444444444 0.034375
6 0.31712962962962965 0.9539684606481481 0.20842013888888883 0.09206307870370374
6 0.5556886574074074 0.9361067708333334 0.2058506944444444 0.1277864583333333
6 0.7427083333333334 0.916412037037037 0.24629629629629618 0.1671759259259261
6 0.9359317129629631 0.90390625 0.10429398148148153 0.18512731481481487
6 0.9266782407407408 0.6319328703703704 0.13164351851851847 0.23844907407407412
6 0.7426273148148148 0.7141724537037037 0.21300347222222235 0.19374421296296304
6 0.3284664351851852 0.7704861111111111 0.18774305555555557 0.22870949074074076
6 0.14655092592592595 0.6558449074074074 0.18863425925925928 0.18340856481481466
6 0.023032407407407408 0.8119270833333333 0.046064814814814815 0.24885416666666665
6 0.014636863425925928 0.5173206018518519 0.029273726851851856 0.1877604166666668
6 0.24177662037037034 0.39870949074074075 0.25971064814814815 0.23549189814814814
6 0.06820891203703704 0.2989525462962963 0.13641782407407407 0.24087384259259262
6 0.11690393518518519 0.0727488425925926 0.17399305555555555 0.14424189814814817
6 0.16664351851851852 0.1434375 0.09064814814814817 0.0022337962962962975
6 0.3315046296296297 0.09074652777777778 0.17136574074074068 0.17781249999999998
6 0.464207175925926 0.046412037037037036 0.1997106481481481 0.0874074074074074
6 0.4755729166666667 0.2285474537037037 0.26328125 0.21286458333333336
6 0.6895486111111111 0.2887326388888889 0.2514699074074073 0.20652777777777773
6 0.8599131944444445 0.4446990740740741 0.21814236111111107 0.22424768518518512
6 0.9877546296296297 0.41204861111111113 0.014103009259259381 0.16102430555555552
6 0.8974131944444445 0.12853587962962962 0.20517361111111115 0.24524305555555553
6 0.6909953703703703 0.08559606481481483 0.23910300925925937 0.16269097222222223
2 0.49065972222222226 0.5286921296296296 0.32341435185185186 0.317204861111111