6 0.39988425925925924 0.16052083333333333 0.2302372685185185 0.24057291666666666
6 0.8581597222222221 0.0265625 0.2163194444444443 0.053125
6 0.9584056712962962 0.10338541666666667 0.08318865740740762 0.19166666666666665
6 0.8506944444444444 0.32156250000000003 0.23961226851851833 0.24119791666666668
6 0.890162037037037 0.57484375 0.21967592592592594 0.23322916666666665
6 0.9113136574074074 0.8511979166666667 0.17737268518518512 0.19197916666666687
6 0.1804976851851852 0.30593750000000003 0.22138310185185187 0.23296875000000003
6 0.033072916666666674 0.3431770833333333 0.046932870370370375 0.19406250000000008
6 0.09450231481481483 0.5638541666666667 0.1551215277777778 0.23244791666666664
6 0.07158564814814813 0.6429166666666667 0.1046875 0.2805208333333333
6 0.2730902777777778 0.6702083333333333 0.24285300925925926 0.28661458333333345
6 0.529542824074074 0.7854687499999999 0.22294560185185192 0.2330729166666666
6 0.5786747685185185 0.9490104166666666 0.22609953703703703 0.04468749999999986
6 0.25127314814814816 0.9481249999999999 0.26681134259259254 0.09182291666666664
2 0.5315104166666667 0.47911458333333334 0.3852719907407408 0.34442708333333344