6 0.10390625 0.07265625 0.2046875 0.1453125
6 0.4046875 0.0734375 0.17734375 0.146875
6 0.3859375 0.1890625 0.23046875 0.2125
6 0.6359375 0.10625 0.19453125 0.178125
6 0.8625 0.1046875 0.1984375 0.20078125
6 0.73515625 0.3046875 0.20078125 0.16640625
6 0.93828125 0.32890625 0.12265625 0.203125
6 0.86171875 0.50546875 0.16796875 0.21875
6 0.9515625 0.7625 0.096875 0.2046875
6 0.9296875 0.9375 0.13984375 0.125
6 0.0734375 0.3046875 0.146875 0.19453125
6 0.2734375 0.3640625 0.190625 0.2265625
6 0.15546875 0.571875 0.1703125 0.18359375
6 0.2703125 0.62109375 0.165625 0.20859375
6 0.39765625 0.83203125 0.165625 0.18203125
6 0.1828125 0.825 0.1734375 0.17578125
6 0.0453125 0.70859375 0.090625 0.2234375
6 0.084375 0.940625 0.165625 0.11875
6 0.2390625 0.97890625 0.10078125 0.0421875
6 0.48515625 0.9859375 0.11015625 0.028125
2 0.51015625 0.50625 0.284375 0.28359375
1 0.69140625 0.8140625 0.43359375 0.371875