6 0.17109375 0.05390625 0.2140625 0.1078125
6 0.74375 0.0875 0.20078125 0.16796875
6 0.9421875 0.25703125 0.11484375 0.2390625
6 0.7796875 0.3953125 0.2078125 0.2140625
6 0.93203125 0.55703125 0.1359375 0.2109375
6 0.965625 0.5046875 0.06875 0.18203125
6 0.68125 0.66171875 0.19609375 0.1875
6 0.771875 0.8328125 0.22890625 0.18125
6 0.83671875 0.75 0.1890625 0.18515625
6 0.2390625 0.54609375 0.23125 0.20625
6 0.325 0.3078125 0.1890625 0.20078125
6 0.16953125 0.778125 0.23046875 0.21015625
6 0.4203125 0.9625 0.240625 0.075
6 0.02265625 0.83203125 0.0453125 0.25859375
6 0.03671875 0.11953125 0.0734375 0.2203125
2 0.51484375 0.496875 0.3109375 0.2875