6 0.8136284722222221 0.021649305555555557 0.20536458333333343 0.0319849537037037
6 0.5799826388888889 0.19332754629629628 0.1882986111111112 0.1779282407407407
6 0.35107638888888887 0.1564814814814815 0.21220486111111114 0.1640451388888889
6 0.39578125000000003 0.0591724537037037 0.21342013888888883 0.11328125
6 0.1446527777777778 0.00653935185185185 0.14946180555555558 0.012042824074074074
6 0.12710069444444444 0.20090856481481484 0.20482638888888888 0.18351851851851855
6 0.07168402777777778 0.4488946759259259 0.12796875000000002 0.20482060185185186
6 0.203125 0.5287615740740741 0.19553819444444445 0.18735532407407404
6 0.07852430555555555 0.68640625 0.13109374999999998 0.20484375000000005
6 0.11005208333333334 0.909375 0.1837152777777778 0.18125
6 0.30866319444444446 0.8138715277777777 0.23378472222222219 0.22122685185185204
6 0.2878298611111111 0.8944140624999999 0.18206597222222226 0.21117187500000015
6 0.5604340277777778 0.9633449074074074 0.201701388888889 0.07331018518518526
6 0.7953472222222222 0.14805555555555555 0.18784722222222214 0.19276620370370373
6 0.8240972222222223 0.31699074074074074 0.2069618055555555 0.20931134259259263
6 0.7045138888888889 0.348912037037037 0.21296874999999993 0.19842013888888888
6 0.8786631944444444 0.593130787037037 0.20210069444444442 0.23661458333333343
6 0.7875347222222222 0.6401041666666666 0.1850868055555555 0.20914930555555564
6 0.6228472222222222 0.7865162037037037 0.20604166666666668 0.23820601851851855
6 0.8106770833333332 0.9082002314814815 0.202847222222222 0.16475694444444428
6 0.9426736111111111 0.7733333333333334 0.11465277777777771 0.21579861111111107
6 0.96484375 0.09074074074074073 0.0703125 0.16770833333333332
1 0.49444444444444446 0.5270138888888889 0.3499826388888888 0.38846643518518514