6 0.7687210648148148 0.9020254629629629 0.2208622685185185 0.13441550925925938
6 0.16886574074074073 0.7974537037037037 0.22939814814814818 0.21813078703703698
6 0.1336516203703704 0.7137962962962963 0.1769675925925926 0.22475115740740748
6 0.3556712962962963 0.6301331018518519 0.1622685185185185 0.13137731481481474
6 0.27219328703703705 0.48780671296296296 0.2658564814814815 0.22702546296296297
6 0.3787905092592593 0.296412037037037 0.24565972222222232 0.2275347222222223
6 0.28006365740740746 0.0958449074074074 0.25460069444444444 0.1916898148148148
6 0.18304398148148146 0.14186921296296298 0.19670138888888888 0.19697916666666665
6 0.09505208333333334 0.17152777777777778 0.18177083333333333 0.24756944444444445
6 0.9391782407407409 0.7205729166666666 0.12164351851851833 0.18859953703703702
6 0.8377025462962961 0.5416145833333333 0.25121527777777786 0.23949652777777786
6 0.7474247685185185 0.5721759259259259 0.18888888888888894 0.238599537037037
6 0.9032118055555556 0.3396354166666667 0.19357638888888892 0.22984953703703698
6 0.7947916666666667 0.03831452546296296 0.2059895833333334 0.07662905092592592
1 0.5177372685185185 0.457037037037037 0.36565393518518513 0.3240335648148148
5 0.9572120949074074 0.8934201388888889 0.08557581018518512 0.1134143518518517
5 0.798119212962963 0.0919386574074074 0.08590856481481488 0.07760995370370369
5 0.22693865740740743 0.9779571759259259 0.1403645833333334 0.035295138888889