6 0.9673828125 0.005238715277777778 0.065234375 0.010477430555555556
6 0.8099999999999999 0.034405381944444445 0.21921874999999993 0.06881076388888889
6 0.5799189814814815 0.014071180555555557 0.17702546296296298 0.028142361111111115
6 0.11364004629629629 0.0671875 0.22728009259259258 0.134375
6 0.27451967592592597 0.13546874999999997 0.15503472222222223 0.19072916666666667
6 0.16545138888888888 0.21923611111111113 0.20359375000000002 0.1941493055555556
6 0.2836805555555556 0.3573958333333333 0.2188425925925926 0.20229166666666662
6 0.2328009259259259 0.5376388888888889 0.19644097222222223 0.19164930555555557
6 0.08222222222222222 0.6504861111111111 0.10708333333333334 0.19902777777777772
6 0.10892939814814814 0.41133680555555563 0.18723379629629627 0.2398263888888888
6 0.2732349537037037 0.7291493055555556 0.22370370370370374 0.1906944444444445
6 0.19797453703703705 0.9068055555555556 0.24916087962962963 0.185017361111111
6 0.12703124999999998 0.9263715277777778 0.16522569444444443 0.14647569444444458
6 0.4854398148148148 0.7338194444444445 0.19432291666666668 0.16585069444444453
6 0.6563541666666667 0.9075694444444444 0.18079861111111112 0.1608680555555555
6 0.5606886574074074 0.8877951388888888 0.2230960648148148 0.1789756944444445
6 0.6775578703703704 0.713125 0.18630208333333337 0.2218576388888888
6 0.7393055555555555 0.5162152777777778 0.16424768518518534 0.18781250000000008
6 0.5498784722222222 0.19661458333333331 0.20251736111111107 0.2034895833333333
6 0.750011574074074 0.17965277777777777 0.17769097222222213 0.1912326388888889
6 0.9241348379629629 0.1334027777777778 0.1517303240740741 0.19718750000000002
6 0.9279730902777779 0.32484375 0.1440538194444443 0.17848958333333337
6 0.8100289351851853 0.3566493055555555 0.18315972222222215 0.19135416666666671
6 0.8980787037037038 0.5463194444444445 0.16833333333333336 0.22145833333333337
6 0.9730208333333333 0.7279687499999999 0.05395833333333329 0.20663194444444458
6 0.854548611111111 0.7928819444444445 0.23843749999999986 0.17385416666666664
6 0.8843171296296297 0.8993749999999998 0.2288194444444443 0.16895833333333315
2 0.5266666666666666 0.4880902777777778 0.30990162037037033 0.3330729166666666
5 0.9832682291666668 0.46668402777777784 0.03346354166666643 0.09890624999999993