6 0.3109375 0.06484375 0.20625 0.1296875
6 0.88984375 0.2015625 0.21015625 0.203125
6 0.9203125 0.28671875 0.15859375 0.2140625
6 0.69453125 0.35546875 0.15078125 0.1203125
6 0.765625 0.4984375 0.24609375 0.21015625
6 0.64765625 0.68046875 0.2265625 0.2109375
6 0.73046875 0.896875 0.234375 0.20625
6 0.828125 0.840625 0.1796875 0.18359375
6 0.91875 0.81796875 0.1625 0.23203125
6 0.09296875 0.2390625 0.18125 0.17578125
6 0.215625 0.4171875 0.23046875 0.22265625
6 0.30703125 0.3921875 0.16953125 0.22578125
6 0.1140625 0.61328125 0.2234375 0.21640625
6 0.22109375 0.940625 0.19609375 0.11875
1 0.5234375 0.51640625 0.3375 0.30078125
5 0.1171875 0.0671875 0.09140625 0.10625
5 0.221875 0.85859375 0.0796875 0.071875
5 0.846875 0.01875 0.1359375 0.03671875