6 0.1875 0.01953125 0.203125 0.03828125
6 0.421875 0.19453125 0.1828125 0.17421875
6 0.6484375 0.16015625 0.20625 0.16015625
6 0.603125 0.06171875 0.209375 0.11796875
6 0.85 0.01015625 0.14921875 0.01953125
6 0.8703125 0.20546875 0.1984375 0.1796875
6 0.9359375 0.45234375 0.128125 0.20234375
6 0.80234375 0.52890625 0.1890625 0.18359375
6 0.934375 0.68671875 0.13125 0.20078125
6 0.9078125 0.9078125 0.18359375 0.184375
6 0.7046875 0.80859375 0.2265625 0.21640625
6 0.72578125 0.89296875 0.1765625 0.2140625
6 0.4625 0.9609375 0.196875 0.078125
6 0.20859375 0.1484375 0.18125 0.1890625
6 0.1828125 0.31484375 0.2 0.2046875
6 0.303125 0.34765625 0.20625 0.19453125
6 0.1359375 0.58671875 0.19453125 0.23203125
6 0.2265625 0.63359375 0.17890625 0.2046875
6 0.39296875 0.77890625 0.1984375 0.23359375
6 0.209375 0.89765625 0.196875 0.16171875
6 0.065625 0.765625 0.13125 0.2140625
6 0.03671875 0.0890625 0.0734375 0.16875
1 0.5140625 0.525 0.3375 0.38046875