6 0.88828125 0.9383564814814814 0.1811631944444443 0.1232870370370371
6 0.6877083333333334 0.9250998263888889 0.186857638888889 0.1498003472222223
6 0.4634201388888889 0.9201215277777777 0.1930902777777778 0.15975694444444458
6 0.21359374999999997 0.8742679398148148 0.2304861111111111 0.25146412037037036
6 0.04074652777777778 0.8974942129629631 0.08149305555555555 0.16447337962962968
6 0.07604166666666666 0.5790335648148148 0.15208333333333332 0.22056712962962965
6 0.25626736111111115 0.6480497685185185 0.19300347222222225 0.18854745370370374
6 0.5865625 0.7106481481481481 0.21921874999999993 0.17449652777777763
6 0.8228472222222223 0.7442071759259259 0.21362847222222214 0.2038136574074075
6 0.9131944444444444 0.6564699074074074 0.14956597222222215 0.2351273148148149
6 0.7328125 0.5010590277777778 0.19378472222222207 0.22370370370370374
6 0.7836284722222222 0.3968981481481481 0.23571180555555565 0.21448495370370368
6 0.43133680555555554 0.26806712962962964 0.23428819444444446 0.18553240740740745
6 0.4014756944444445 0.13331018518518517 0.20647569444444436 0.19792824074074078
6 0.20545138888888886 0.2241724537037037 0.17902777777777779 0.19162037037037036
6 0.041805555555555554 0.1290625 0.08361111111111111 0.189375
6 0.1483159722222222 0.0494675925925926 0.21586805555555558 0.09393518518518519
6 0.050234375 0.3508043981481482 0.10046875 0.21640625
6 0.7717881944444445 0.12005208333333332 0.21501736111111108 0.16098379629629628
6 0.9741666666666667 0.27129050925925924 0.04630208333333315 0.18765625000000002
6 0.97109375 0.0927488425925926 0.05467013888888879 0.07267939814814817
2 0.47833333333333333 0.5117939814814815 0.3156770833333333 0.30192708333333335
5 0.6511805555555557 0.7598495370370371 0.0742881944444445 0.07774305555555543
5 0.8972569444444444 0.17677083333333335 0.09345486111111115 0.09760416666666667