6 0.9375 0.1203125 0.125 0.12395833333333331
6 0.7654282407407408 0.09229166666666666 0.19335648148148152 0.09541666666666666
6 0.2622627314814815 0.05796875 0.18854745370370374 0.09276041666666665
6 0.041087962962962965 0.04166666666666667 0.08217592592592593 0.08333333333333334
6 0.18372106481481482 0.2699479166666666 0.19271412037037033 0.23317708333333337
6 0.034618055555555555 0.3222916666666667 0.04387731481481481 0.15552083333333339
6 0.06843171296296298 0.5690104166666666 0.08877893518518518 0.2106770833333332
6 0.22349537037037037 0.6766666666666666 0.20716435185185186 0.21156249999999996
6 0.4386631944444444 0.80234375 0.18567708333333321 0.18755208333333329
6 0.32851851851851854 0.9786848958333334 0.1622511574074074 0.04263020833333329
6 0.13877314814814817 0.8984375 0.1949074074074074 0.203125
6 0.4259895833333333 0.28765625 0.2421469907407408 0.2255729166666666
6 0.6715046296296296 0.4130208333333333 0.2202604166666667 0.23890624999999996
6 0.8626099537037037 0.28484375 0.2269907407407409 0.20354166666666665
6 0.9186357060185184 0.6354166666666667 0.1627285879629632 0.20703125
6 0.7279108796296295 0.6900520833333333 0.21830439814814823 0.21619791666666668
6 0.7514467592592593 0.9098567708333334 0.23293402777777777 0.18028645833333315
6 0.9689178240740741 0.89484375 0.06216435185185176 0.21031249999999985
2 0.5169444444444444 0.5553125 0.3884317129629629 0.3591145833333334
5 0.1541550925925926 0.4805208333333333 0.1306886574074074 0.14807291666666664