6 0.09140625 0.0859375 0.17734375 0.171875
6 0.2921875 0.0953125 0.1828125 0.18203125
6 0.51640625 0.0921875 0.1890625 0.18125
6 0.7671875 0.13515625 0.225 0.246875
6 0.95 0.10546875 0.09921875 0.15859375
6 0.91875 0.42578125 0.1625 0.2109375
6 0.7296875 0.36796875 0.1890625 0.17734375
6 0.3984375 0.325 0.215625 0.16171875
6 0.16171875 0.30546875 0.209375 0.19140625
6 0.0734375 0.3984375 0.14453125 0.2265625
6 0.25703125 0.54296875 0.1890625 0.2125
6 0.20859375 0.65 0.23125 0.20078125
6 0.56328125 0.7578125 0.23046875 0.171875
6 0.59609375 0.890625 0.20234375 0.1859375
6 0.78984375 0.78828125 0.175 0.18125
6 0.9578125 0.8734375 0.084375 0.184375
6 0.85078125 0.959375 0.2140625 0.08125
6 0.946875 0.65234375 0.10546875 0.21015625
6 0.2265625 0.92578125 0.21171875 0.1484375
6 0.02109375 0.78671875 0.0421875 0.18515625
6 0.028125 0.96484375 0.053125 0.06953125
2 0.5109375 0.5171875 0.309375 0.28359375
5 0.3328125 0.2796875 0.07265625 0.0734375
5 0.1 0.8765625 0.09140625 0.0921875