6 0.9102719907407408 0.14382523148148146 0.17945023148148137 0.18946180555555556
6 0.7000405092592592 0.14152777777777778 0.19360532407407405 0.2027951388888889
6 0.4641319444444445 0.12364004629629628 0.20062500000000014 0.20164930555555555
6 0.2005150462962963 0.15335069444444444 0.23863425925925927 0.27262152777777776
6 0.031157407407407404 0.11122685185185185 0.06231481481481481 0.17245370370370372
6 0.06360532407407407 0.4483738425925926 0.12721064814814814 0.22799768518518526
6 0.2377662037037037 0.40019675925925924 0.20059606481481485 0.19774305555555555
6 0.5865393518518518 0.3755324074074074 0.2285995370370369 0.1830034722222223
6 0.8366898148148149 0.3700347222222222 0.22179976851851854 0.21383680555555556
6 0.9250405092592594 0.47140624999999997 0.14472222222222228 0.24519097222222222
6 0.7340625000000001 0.61328125 0.20086805555555554 0.23446180555555554
6 0.7847916666666667 0.7288368055555555 0.2453125 0.22538194444444457
6 0.4097395833333334 0.8191608796296297 0.24352430555555565 0.1948206018518519
6 0.37679976851851854 0.9254282407407407 0.21216435185185176 0.14914351851851854
6 0.17121527777777779 0.8378530092592593 0.18499999999999997 0.20072337962962977
6 0.01884693287037037 0.9087890625 0.03769386574074074 0.182421875
6 0.10893518518518519 0.98125 0.21787037037037038 0.0375
6 0.033036747685185185 0.6841145833333334 0.06607349537037037 0.22369791666666677
6 0.7648668981481481 0.9656770833333332 0.22267361111111122 0.06864583333333343
6 0.976712962962963 0.8816782407407407 0.035833333333333425 0.1989120370370369
2 0.4670775462962963 0.5701041666666666 0.3279861111111112 0.31696180555555564
5 0.656423611111111 0.3319965277777778 0.0771354166666665 0.08188078703703709
5 0.8970949074074074 0.9611009837962964 0.0968055555555555 0.0777980324074072