6 0.06484375 0.059375 0.1296875 0.11875
6 0.23984375 0.04375 0.1890625 0.0875
6 0.74140625 0.04296875 0.18359375 0.08515625
6 0.96015625 0.040625 0.0796875 0.08125
6 0.828125 0.259375 0.1796875 0.21875
6 0.98125 0.32265625 0.03671875 0.15234375
6 0.9609375 0.565625 0.078125 0.2046875
6 0.809375 0.6609375 0.19609375 0.196875
6 0.6015625 0.771875 0.17578125 0.17421875
6 0.721875 0.9703125 0.15625 0.059375
6 0.90703125 0.89765625 0.18515625 0.2046875
6 0.5875 0.2609375 0.23046875 0.20859375
6 0.3484375 0.36875 0.2078125 0.22265625
6 0.1515625 0.22890625 0.215625 0.1875
6 0.096875 0.57578125 0.1875 0.19296875
6 0.30703125 0.64140625 0.20625 0.20078125
6 0.2953125 0.8828125 0.22109375 0.2109375
6 0.053125 0.8421875 0.103125 0.2265625
2 0.51015625 0.52109375 0.36875 0.33203125
5 0.86875 0.47109375 0.12265625 0.1390625