6 0.45546875 0.0375 0.2078125 0.075
6 0.4421875 0.10078125 0.21328125 0.146875
6 0.72109375 0.20625 0.16953125 0.21484375
6 0.79140625 0.1609375 0.1359375 0.1953125
6 0.9015625 0.16796875 0.13359375 0.20234375
6 0.90625 0.359375 0.1875 0.209375
6 0.7171875 0.3984375 0.221875 0.171875
6 0.7609375 0.471875 0.190625 0.171875
6 0.07734375 0.2671875 0.1546875 0.2109375
6 0.1234375 0.3375 0.18359375 0.171875
6 0.14453125 0.4578125 0.18671875 0.18359375
6 0.12734375 0.60234375 0.1796875 0.17578125
6 0.33984375 0.625 0.221875 0.1953125
6 0.48515625 0.77890625 0.27265625 0.20078125
6 0.703125 0.72578125 0.25 0.196875
6 0.86015625 0.83984375 0.20234375 0.15078125
6 0.89453125 0.9421875 0.0015625 0.00625
6 0.6234375 0.9109375 0.25 0.17734375
6 0.8359375 0.92890625 0.20625 0.1421875
6 0.3984375 0.953125 0.1734375 0.09375
6 0.17734375 0.79765625 0.1875 0.17578125
6 0.2390625 0.85234375 0.18671875 0.17578125
6 0.0265625 0.80546875 0.053125 0.15703125
6 0.06953125 0.91328125 0.13359375 0.1734375
6 0.2109375 0.9640625 0.1890625 0.07109375
2 0.51640625 0.49609375 0.33203125 0.30703125
5 0.8078125 0.34921875 0.103125 0.08125