3 0.48790509259259257 0.48170717592592593 0.45324074074074083 0.49472800925925925
6 0.10946903935185186 0.6517939814814815 0.21893807870370371 0.23785879629629622
6 0.0972511574074074 0.29289930555555554 0.1945023148148148 0.225630787037037
6 0.03396990740740741 0.8491435185185185 0.06793981481481481 0.24124421296296283
6 0.07625144675925925 0.9671903935185184 0.1525028935185185 0.06561921296296305
6 0.4583912037037036 0.8775810185185187 0.2709780092592592 0.23279513888888914
6 0.6654803240740741 0.9574652777777779 0.23315972222222214 0.08506944444444428
6 0.3668402777777778 0.12034143518518518 0.2538194444444445 0.23332175925925927
6 0.781886574074074 0.20543981481481483 0.23313078703703702 0.24394675925925932
6 0.9508101851851851 0.20325231481481482 0.09409722222222214 0.26374999999999993
6 0.7726273148148148 0.05443865740740741 0.22427662037037024 0.08921296296296295