3 0.47848379629629634 0.44155092592592593 0.4530381944444445 0.4963252314814815
6 0.10647280092592593 0.6289930555555555 0.21294560185185185 0.23825231481481488
6 0.09710648148148147 0.27748842592592593 0.19421296296296295 0.22627314814814808
6 0.030787037037037036 0.8270833333333334 0.06157407407407407 0.2395833333333332
6 0.07086371527777777 0.9527488425925925 0.14172743055555553 0.09372106481481488
6 0.44342592592592595 0.8319444444444445 0.2702604166666667 0.23457754629629618
6 0.6456770833333334 0.9164641203703703 0.23173611111111114 0.12320601851851834
6 0.36542245370370374 0.10472366898148149 0.25118634259259254 0.20944733796296297
6 0.7716493055555556 0.1562210648148148 0.23258680555555547 0.24487847222222223
6 0.9438078703703704 0.14438657407407407 0.10637731481481474 0.26203703703703707
6 0.7643402777777778 0.027662037037037034 0.22131944444444435 0.05532407407407407