3 0.5046875 0.47951967592592587 0.3421875 0.3001909722222223
6 0.9046875 0.3981076388888889 0.190625 0.22484953703703708
6 0.85234375 0.6086574074074074 0.240625 0.2752199074074074
6 0.91796875 0.7935185185185185 0.1640625 0.22465277777777787
6 0.75625 0.8384143518518519 0.21796875 0.2234895833333333
6 0.69375 0.7957638888888889 0.16796875 0.21530671296296297
6 0.51796875 0.7889930555555555 0.2109375 0.2140625
6 0.44140625 0.774363425925926 0.16875 0.21609374999999992
6 0.4484375 0.930150462962963 0.225 0.13969907407407406
6 0.73828125 0.9453298611111112 0.2015625 0.10934027777777758
6 0.24296875 0.9452213541666665 0.21875 0.10955729166666686
6 0.0328125 0.6244618055555555 0.065625 0.16454861111111113
6 0.2375 0.40097800925925925 0.22890625 0.23997685185185186
6 0.13671875 0.3478877314814815 0.2140625 0.24221064814814816
6 0.046875 0.15815972222222224 0.09375 0.19835069444444448
6 0.14375 0.1448148148148148 0.23984375 0.25568287037037035
6 0.484375 0.11608796296296298 0.19609375 0.2022337962962963
6 0.23046875 0.06108217592592593 0.22734375 0.12043402777777779
6 0.4203125 0.010144675925925927 0.2046875 0.015578703703703702
5 0.63125 0.1390509259259259 0.0890625 0.07487847222222221