3 0.51484375 0.46015625 0.48046875 0.56171875
6 0.13203125 0.27578125 0.209375 0.23203125
6 0.15859375 0.5375 0.20078125 0.22265625
6 0.17578125 0.884375 0.1984375 0.21015625
6 0.35625 0.815625 0.234375 0.22265625
6 0.5796875 0.9171875 0.19453125 0.165625
6 0.865625 0.71796875 0.18671875 0.2796875
6 0.95 0.8921875 0.1 0.21484375
6 0.95546875 0.50078125 0.08828125 0.2109375
6 0.93046875 0.25234375 0.1390625 0.2453125
6 0.0359375 0.42109375 0.07109375 0.23359375
6 0.03828125 0.1 0.0765625 0.2
6 0.03515625 0.88125 0.0703125 0.2375