3 0.4917534722222222 0.4051793981481482 0.4011111111111111 0.642019675925926
6 0.8546180555555555 0.08023292824074074 0.22875000000000015 0.16046585648148148
6 0.9168098958333333 0.16510416666666666 0.16638020833333336 0.20418402777777778
6 0.7646527777777778 0.29079861111111105 0.21559027777777776 0.22085069444444444
6 0.9026519097222222 0.5161979166666667 0.19469618055555565 0.2821527777777778
6 0.8090798611111112 0.532806712962963 0.22749999999999987 0.313443287037037
6 0.8115104166666667 0.869392361111111 0.25258680555555557 0.19392939814814839
6 0.5499131944444444 0.8680787037037037 0.2589236111111111 0.21374421296296298
6 0.2711631944444445 0.9036747685185185 0.24343750000000003 0.18098379629629627
6 0.1648611111111111 0.784681712962963 0.2713888888888889 0.2837615740740741
6 0.24328124999999998 0.5582291666666667 0.2231597222222222 0.21578703703703717
6 0.14748263888888888 0.4465219907407407 0.2559895833333333 0.2704918981481482
6 0.30640625 0.25191550925925926 0.2600868055555556 0.2925289351851852
6 0.1053125 0.18482060185185184 0.20392361111111112 0.2389525462962963
6 0.13706597222222222 0.10709346064814815 0.21769097222222222 0.2141869212962963
6 0.6120833333333333 0.08357638888888888 0.2585416666666667 0.16715277777777776