3 0.4960590277777778 0.51171875 0.4528761574074075 0.39828125
6 0.18333912037037037 0.8054340277777777 0.23601851851851854 0.22708333333333322
6 0.18392939814814815 0.6741493055555556 0.22325810185185188 0.19164930555555557
6 0.14640625 0.4608854166666667 0.19987847222222221 0.19894097222222235
6 0.19557291666666668 0.2417881944444445 0.2509837962962963 0.2438194444444445
6 0.4506423611111111 0.08294270833333334 0.22159722222222217 0.16588541666666667
6 0.5673379629629629 0.21868055555555554 0.2827546296296298 0.209375
6 0.7974189814814816 0.16121527777777778 0.21673032407407397 0.25946180555555554
6 0.9390046296296297 0.25649305555555557 0.12199074074074048 0.27225694444444437
6 0.8496585648148148 0.46244791666666674 0.23704861111111128 0.26069444444444445
6 0.8468229166666668 0.7125520833333333 0.21806134259259266 0.2282465277777778
6 0.6150462962962964 0.8575694444444444 0.225920138888889 0.23467013888888885
6 0.8256076388888889 0.9075868055555556 0.24953125000000007 0.1531770833333333
6 0.36075810185185186 0.9171354166666668 0.28704861111111113 0.15635416666666657
6 0.17146412037037037 0.04927083333333333 0.24682870370370372 0.09854166666666667
6 0.03524884259259259 0.8556076388888888 0.05890625000000001 0.25439236111111113
6 0.01994212962962963 0.37149305555555556 0.03585069444444444 0.19998263888888887