3 0.50078125 0.48046875 0.334375 0.28984375
6 0.1015625 0.3984375 0.203125 0.21875
6 0.16171875 0.60390625 0.23515625 0.26640625
6 0.08984375 0.7859375 0.1796875 0.21796875
6 0.2546875 0.828125 0.21328125 0.21640625
6 0.31640625 0.7875 0.1640625 0.20859375
6 0.48828125 0.78203125 0.20625 0.20703125
6 0.5625 0.76875 0.165625 0.21015625
6 0.5578125 0.928125 0.21953125 0.14375
6 0.27421875 0.940625 0.196875 0.11875
6 0.75859375 0.94296875 0.2140625 0.1140625
6 0.96640625 0.6265625 0.0671875 0.16171875
6 0.7625 0.40625 0.2234375 0.23203125
6 0.8609375 0.3546875 0.209375 0.23515625
6 0.95234375 0.17265625 0.0953125 0.19296875
6 0.85390625 0.15703125 0.234375 0.24765625
6 0.5203125 0.1265625 0.1921875 0.1953125
6 0.77109375 0.0671875 0.221875 0.13359375
6 0.5828125 0.01484375 0.2 0.0296875
5 0.37734375 0.14765625 0.0875 0.071875