3 0.48876736111111113 0.44072916666666667 0.35118055555555544 0.3196354166666667
6 0.8945833333333333 0.3308564814814815 0.19875000000000007 0.23648148148148146
6 0.83515625 0.5473784722222221 0.248298611111111 0.2893518518518519
6 0.8982291666666666 0.7285532407407407 0.17373263888888885 0.23421875000000014
6 0.7339236111111112 0.7843229166666668 0.22371527777777764 0.23640046296296297
6 0.6715798611111111 0.7458854166666666 0.17352430555555554 0.22484375000000015
6 0.49515624999999996 0.7500983796296297 0.2172569444444445 0.22665509259259267
6 0.4181076388888889 0.7414004629629629 0.17512152777777779 0.22649884259259262
6 0.42079861111111116 0.9011863425925926 0.22899305555555555 0.15791087962962963
6 0.7118923611111111 0.8979803240740741 0.20571180555555557 0.12844328703703703
6 0.2149826388888889 0.9289872685185184 0.22282986111111108 0.1263368055555553
6 0.022743055555555555 0.617818287037037 0.04548611111111111 0.16822337962962966
6 0.2209548611111111 0.3793576388888889 0.23501736111111118 0.2534548611111111
6 0.12133680555555555 0.3329861111111111 0.22022569444444443 0.2549189814814815
6 0.04240017361111111 0.1482349537037037 0.08480034722222222 0.2043113425925926
6 0.13291666666666666 0.13137297453703706 0.2463020833333333 0.2627459490740741
6 0.4765798611111111 0.09147280092592593 0.20213541666666668 0.18294560185185185
6 0.2214236111111111 0.052262731481481486 0.23137152777777778 0.10452546296296297
5 0.62375 0.08943287037037037 0.09149305555555554 0.07954282407407409