3 0.47578125 0.44484375 0.475 0.5324479166666667
6 0.6640625 0.7916666666666667 0.2078125 0.25604166666666667
6 0.36328125 0.76953125 0.1984375 0.21713541666666672
6 0.153125 0.8858854166666668 0.17890625 0.19864583333333313
6 0.05234375 0.6293229166666666 0.10390625 0.2608333333333334
6 0.17890625 0.5521354166666667 0.17578125 0.24296875
6 0.0265625 0.2849479166666667 0.053125 0.20822916666666663
6 0.2375 0.2818229166666667 0.19921875 0.2078125
6 0.12265625 0.06641927083333334 0.19921875 0.13283854166666667
6 0.4046875 0.07963541666666667 0.196875 0.15927083333333333
6 0.6734375 0.0014322916666666657 0.22578125 0.0028645833333333314
6 0.7234375 0.10489583333333334 0.20234375 0.18223958333333332
6 0.9265625 0.08171874999999999 0.146875 0.16343749999999999
6 0.80625 0.30562500000000004 0.196875 0.20921874999999995
6 0.81640625 0.5611979166666666 0.18203125 0.19182291666666665
6 0.8828125 0.6911458333333333 0.209375 0.19598958333333344
6 0.96953125 0.4541145833333333 0.0609375 0.19000000000000003
6 0.89453125 0.8677083333333334 0.2109375 0.159375