3 0.49116898148148147 0.47141782407407407 0.4847164351851852 0.4722511574074074
6 0.2956712962962963 0.1347685185185185 0.2609375 0.21834490740740745
5 0.08920138888888889 0.07220630787037037 0.15905671296296298 0.14441261574074074
5 0.2796296296296296 0.8653703703703703 0.1305497685185185 0.11073495370370381
5 0.7636805555555555 0.9625752314814815 0.09043981481481485 0.029201388888888857
6 0.5819675925925926 0.9016550925925927 0.2285763888888889 0.165902777777778
6 0.2380150462962963 0.7051331018518517 0.22230324074074073 0.19535879629629632
6 0.4213773148148148 0.8245081018518519 0.21087962962962975 0.185659722222222
6 0.6155324074074073 0.8109548611111113 0.22010995370370381 0.21323495370370366
6 0.12485532407407407 0.9167592592592593 0.21669560185185185 0.1624305555555555
6 0.016399016203703702 0.8075752314814814 0.032798032407407404 0.23250578703703723
6 0.16533564814814813 0.46703124999999995 0.1890625 0.21621527777777771
6 0.8268981481481482 0.510613425925926 0.1808449074074076 0.20817129629629622
6 0.840445601851852 0.7457870370370371 0.24722800925925908 0.23978009259259245
6 0.8889699074074073 0.6975462962962963 0.16032407407407376 0.26372685185185174
6 0.8828819444444445 0.9052199074074074 0.14446759259259281 0.13844907407407375
6 0.32925347222222223 0.9614062499999999 0.2199826388888889 0.06034143518518533
6 0.9013483796296295 0.2782928240740741 0.17550925925925895 0.1955324074074074
6 0.5749074074074074 0.0854224537037037 0.25565393518518514 0.1708449074074074
6 0.8201099537037038 0.09879050925925927 0.23399884259259238 0.19758101851851853
6 0.0281568287037037 0.3879976851851852 0.0563136574074074 0.19507523148148148