3 0.5259375000000001 0.5138194444444444 0.4827719907407406 0.45383101851851854
6 0.12288194444444445 0.9306640625 0.19472222222222219 0.138671875
6 0.5508564814814815 0.8804340277777778 0.18739583333333343 0.15739583333333335
6 0.6593634259259259 0.8000462962962963 0.23956018518518524 0.17847222222222214
6 0.7130208333333334 0.7133796296296296 0.17227430555555542 0.14780092592592595
6 0.6327719907407408 0.9782045717592591 0.18587962962962976 0.043590856481481664
6 0.8257291666666667 0.9261024305555555 0.2492071759259261 0.147795138888889
6 0.981741898148148 0.8706250000000001 0.03651620370370381 0.1704108796296296
6 0.9401793981481482 0.2881076388888889 0.11964120370370353 0.18857060185185182
6 0.7783101851851851 0.2286226851851852 0.16759259259259274 0.17428240740740747
6 0.8608217592592592 0.21969328703703703 0.19374421296296304 0.18716435185185185
6 0.8831539351851851 0.10366898148148147 0.1873784722222222 0.18316550925925928
6 0.8106134259259259 0.1064988425925926 0.1764120370370371 0.15567129629629628
6 0.6112037037037037 0.17616898148148147 0.20500578703703703 0.19826388888888893
6 0.5744444444444444 0.09519097222222221 0.2238888888888889 0.17667824074074073
6 0.028524305555555556 0.04024884259259259 0.05624421296296297 0.07970486111111111
6 0.1416087962962963 0.08799768518518519 0.17581018518518515 0.1353587962962963
6 0.17649884259259258 0.02682291666666666 0.274068287037037 0.05169560185185185