3 0.4648958333333333 0.4987789351851852 0.42458333333333337 0.38638310185185176
6 0.6834374999999999 0.6693692129629629 0.21203125000000006 0.2419675925925926
6 0.5600520833333333 0.7254108796296297 0.21713541666666672 0.21316550925925917
6 0.25713541666666667 0.7529861111111111 0.2640104166666667 0.22556712962962955
6 0.1486458333333333 0.6677025462962962 0.23526041666666667 0.2626041666666666
6 0.60609375 0.03478587962962963 0.2651041666666668 0.05465856481481481
6 0.66328125 0.0919386574074074 0.2640625 0.1678125
6 0.14729166666666665 0.0545775462962963 0.17729166666666668 0.10721064814814815
6 0.9102083333333333 0.10654513888888888 0.17937499999999992 0.18528935185185183
6 0.8732291666666667 0.2975925925925926 0.23000000000000007 0.23052662037037033
6 0.058476562499999996 0.5026157407407407 0.11695312499999999 0.24820023148148138
6 0.023802083333333335 0.7467534722222222 0.04760416666666667 0.24975694444444443
6 0.4724479166666667 0.8985054976851853 0.26838541666666665 0.2029890046296295
6 0.7563541666666668 0.8307638888888889 0.2695833333333333 0.22721064814814831
6 0.8625 0.9203356481481482 0.16458333333333322 0.15932870370370367
6 0.19703125 0.9247063078703703 0.2375 0.15058738425925924