3 0.5326215277777777 0.4811689814814814 0.5561516203703704 0.6487557870370371
5 0.11194444444444444 0.30147569444444444 0.10910300925925927 0.12012731481481484
6 0.2814641203703704 0.26477430555555553 0.20611111111111108 0.22007523148148148
6 0.21828703703703703 0.5084201388888889 0.18185763888888892 0.2443287037037038
6 0.09730902777777778 0.4646296296296296 0.1509201388888889 0.2214756944444444
6 0.3094328703703704 0.7499768518518518 0.24294560185185182 0.2767534722222223
6 0.19444444444444445 0.8469502314814814 0.19829861111111113 0.2196122685185184
6 0.12374421296296297 0.699045138888889 0.1768865740740741 0.22612847222222215
6 0.7535243055555556 0.7691319444444444 0.22574074074074063 0.23603009259259267
6 0.5916782407407408 0.8030266203703704 0.2419560185185185 0.22064236111111094
6 0.5623668981481481 0.9302025462962963 0.25315972222222227 0.09440972222222221
6 0.8071759259259259 0.9203993055555555 0.21041666666666642 0.08253472222222236
6 0.9698090277777778 0.8079050925925927 0.060381944444444356 0.23901620370370366
6 0.8931336805555556 0.7108391203703703 0.21373263888888872 0.23346064814814796
6 0.8703399884259259 0.46622106481481485 0.2593200231481482 0.26844907407407403
6 0.9146629050925925 0.2774537037037037 0.1706741898148149 0.22416087962962966
6 0.9470413773148149 0.09288917824074075 0.10591724537037024 0.1857783564814815
6 0.8411574074074075 0.039704861111111114 0.19637731481481496 0.07940972222222223
6 0.6167997685185185 0.0442722800925926 0.22730324074074063 0.0885445601851852
6 0.3689293981481482 0.08768518518518519 0.22301504629629632 0.17537037037037037
6 0.22847800925925926 0.06825376157407408 0.22565972222222222 0.13650752314814815
6 0.06867476851851852 0.0380859375 0.13730324074074074 0.076171875
6 0.04978587962962963 0.24479166666666666 0.08230324074074075 0.2065104166666667