3 0.5171875 0.48203125 0.4421875 0.46796875
6 0.39453125 0.18359375 0.1921875 0.165625
6 0.23828125 0.26171875 0.23828125 0.20625
6 0.14921875 0.52109375 0.221875 0.2296875
6 0.13828125 0.77109375 0.19453125 0.21015625
6 0.04140625 0.9015625 0.0828125 0.196875
6 0.028125 0.43046875 0.05625 0.1921875
6 0.39375 0.9421875 0.253125 0.115625
6 0.67890625 0.95859375 0.2421875 0.0828125
5 0.903125 0.8609375 0.08203125 0.0828125
5 0.78515625 0.85859375 0.128125 0.09296875
6 0.61015625 0.83515625 0.26171875 0.18203125
6 0.715625 0.73671875 0.26953125 0.18203125
6 0.89375 0.8828125 0.1625 0.1859375
6 0.94140625 0.61171875 0.11640625 0.2203125
6 0.8421875 0.28046875 0.22890625 0.20625
6 0.94921875 0.4328125 0.1015625 0.165625
6 0.14609375 0.0609375 0.2640625 0.12109375
6 0.74921875 0.09296875 0.215625 0.1859375
6 0.93046875 0.046875 0.1390625 0.09375