3 0.49765625 0.50625 0.5109375 0.60625
5 0.89921875 0.30625 0.10078125 0.11171875
6 0.73125 0.28046875 0.190625 0.2046875
6 0.8078125 0.51484375 0.165625 0.2296875
6 0.92734375 0.465625 0.1453125 0.209375
6 0.73203125 0.75625 0.2234375 0.25859375
6 0.85078125 0.84453125 0.1828125 0.2046875
6 0.915625 0.696875 0.16640625 0.2125
6 0.29765625 0.80078125 0.209375 0.21875
6 0.45859375 0.82421875 0.2265625 0.203125
6 0.49609375 0.9546875 0.24375 0.090625
6 0.25390625 0.95859375 0.2015625 0.0828125
6 0.05546875 0.853125 0.1109375 0.2296875
6 0.14765625 0.75234375 0.21796875 0.21640625
6 0.15859375 0.5125 0.25390625 0.24765625
6 0.09453125 0.33125 0.1890625 0.20859375
6 0.0578125 0.1359375 0.115625 0.20625
6 0.16875 0.06328125 0.1875 0.1265625
6 0.38984375 0.0609375 0.215625 0.121875
6 0.63671875 0.09765625 0.2078125 0.18984375
6 0.771875 0.0734375 0.215625 0.146875
6 0.93046875 0.03984375 0.1390625 0.0796875
6 0.96171875 0.24921875 0.0765625 0.19921875