3 0.49140625 0.5046875 0.38984375 0.37109375
6 0.26640625 0.34140625 0.1921875 0.23359375
6 0.38359375 0.284375 0.1984375 0.2046875
6 0.67734375 0.25390625 0.24375 0.21640625
6 0.7890625 0.33515625 0.21328125 0.253125
6 0.38515625 0.9671875 0.25625 0.065625
6 0.325 0.9125 0.24609375 0.175
6 0.83046875 0.940625 0.16640625 0.11875
6 0.08203125 0.89921875 0.1640625 0.18984375
6 0.10546875 0.70625 0.21015625 0.221875
6 0.9203125 0.49609375 0.15859375 0.24140625
6 0.946875 0.25703125 0.10546875 0.24140625
6 0.4578125 0.1125 0.2484375 0.20078125
6 0.18515625 0.18515625 0.2484375 0.21796875
6 0.075 0.08828125 0.15 0.1765625
6 0.7265625 0.0796875 0.2234375 0.15859375