3 0.4677604166666667 0.4724826388888889 0.56328125 0.6326909722222223
5 0.8657812499999998 0.6688020833333332 0.11072916666666685 0.11635416666666672
6 0.6921875 0.6984027777777777 0.2085416666666667 0.21447916666666664
6 0.7855208333333333 0.4568402777777778 0.1844270833333333 0.23890624999999996
6 0.8977083333333333 0.5058333333333334 0.14875000000000008 0.218611111111111
6 0.72546875 0.21088541666666666 0.2465625000000001 0.2699305555555555
6 0.8526041666666666 0.11756944444444443 0.2007291666666667 0.21430555555555558
6 0.9009895833333333 0.2693923611111111 0.17385416666666664 0.22072916666666664
6 0.28401041666666665 0.17467013888888888 0.22906250000000003 0.22975694444444442
6 0.4496875 0.14680555555555555 0.24515624999999996 0.21373263888888888
6 0.49453125 0.031024305555555555 0.2546875 0.06204861111111111
6 0.24947916666666664 0.029605034722222222 0.2111979166666667 0.059210069444444444
6 0.05192708333333333 0.12852430555555555 0.10385416666666666 0.23670138888888886
6 0.12677083333333333 0.22809027777777774 0.23822916666666666 0.22684027777777782
6 0.1301171875 0.47392361111111114 0.260234375 0.25967013888888885
6 0.0736328125 0.6620138888888889 0.147265625 0.21894097222222228
6 0.028684895833333335 0.8628645833333334 0.05736979166666667 0.2172395833333333
6 0.10005208333333333 0.9331076388888888 0.1990625 0.1307986111111113
6 0.32645833333333335 0.9304166666666667 0.2299479166666666 0.12602430555555558
6 0.58046875 0.8881076388888889 0.22624999999999992 0.19927083333333329
6 0.7179166666666668 0.9092361111111111 0.22854166666666664 0.15173611111111107
6 0.8719270833333332 0.9393576388888889 0.13338541666666687 0.081753472222222
6 0.9172916666666666 0.7269444444444444 0.07916666666666643 0.20458333333333342