3 0.4913483796296296 0.4625520833333333 0.4848958333333332 0.47782986111111114
6 0.7918402777777778 0.038802083333333334 0.22430555555555554 0.07760416666666667
6 0.9267722800925926 0.11901041666666665 0.14645543981481488 0.21987847222222223
6 0.7939236111111111 0.30746527777777777 0.2071180555555557 0.24319444444444455
6 0.29756944444444444 0.17458333333333334 0.2150752314814815 0.20532986111111112
6 0.1980324074074074 0.38168402777777777 0.1994791666666667 0.18435763888888895
6 0.08550347222222222 0.5971875 0.13466435185185183 0.22437500000000005
6 0.08807870370370371 0.03668402777777778 0.1730324074074074 0.07336805555555556
6 0.06675347222222222 0.21770833333333334 0.12528935185185183 0.22395833333333331
6 0.5648148148148149 0.798125 0.22511574074074084 0.18159722222222233
6 0.25159143518518523 0.9192534722222222 0.21073495370370363 0.15131944444444442
6 0.8411747685185185 0.8014930555555555 0.22271412037037025 0.17993055555555557
6 0.6837384259259259 0.9243055555555555 0.20894097222222213 0.10288194444444443
6 0.9388020833333333 0.9317187499999999 0.12239583333333356 0.06088541666666671