3 0.40890624999999997 0.3119270833333333 0.5220833333333333 0.4229166666666666
3 0.5203125 0.6763541666666667 0.52671875 0.46911458333333333
6 0.14421875 0.20328125 0.23916666666666667 0.2741666666666666
6 0.7544791666666667 0.3971875 0.18864583333333335 0.22802083333333334
5 0.9202083333333334 0.5964583333333333 0.08421875000000015 0.09661458333333321
6 0.9252083333333333 0.4532291666666667 0.14958333333333335 0.22062500000000007
6 0.9664583333333333 0.2657291666666667 0.06708333333333343 0.17062499999999997
6 0.6796354166666667 0.16119791666666666 0.27984374999999984 0.24265625000000002
6 0.9015625 0.13588541666666668 0.196875 0.16468749999999996
6 0.33598958333333334 0.08151041666666667 0.2696354166666667 0.13619791666666667
6 0.115625 0.042708333333333334 0.2203125 0.0846875
6 0.13770833333333335 0.6072916666666666 0.21000000000000002 0.23333333333333323
6 0.2190625 0.7309374999999999 0.25213541666666667 0.20036458333333335
6 0.8860546875 0.7330729166666666 0.22789062499999985 0.2828645833333333
6 0.85234375 0.9145572916666665 0.2695833333333333 0.17088541666666685
6 0.7802604166666667 0.9665494791666667 0.22588541666666656 0.06690104166666658
6 0.3939583333333333 0.8927083333333332 0.2278645833333334 0.20963541666666644
6 0.10817708333333331 0.94296875 0.09822916666666667 0.1140625
6 0.27453125 0.9451302083333333 0.25458333333333333 0.10973958333333336