3 0.51640625 0.5353703703703704 0.521875 0.5770601851851852
6 0.23359375 0.16836226851851852 0.22734375 0.2539756944444444
6 0.625 0.11990740740740742 0.23828125 0.1873553240740741
6 0.959375 0.2505266203703704 0.08125 0.21671296296296294
6 0.8515625 0.48399884259259257 0.18125 0.22111689814814817
6 0.94140625 0.5066261574074075 0.1171875 0.18107638888888894
6 0.07421875 0.05150462962962963 0.1484375 0.10222800925925926
6 0.34453125 0.038177083333333334 0.171875 0.048755787037037035
6 0.9109375 0.8816087962962964 0.178125 0.218611111111111
6 0.79296875 0.9769965277777779 0.2265625 0.04600694444444429
6 0.475 0.8816608796296297 0.2171875 0.19876157407407397
6 0.3171875 0.8242592592592594 0.16171875 0.20135416666666686
6 0.09765625 0.7495949074074074 0.19453125 0.1764930555555555
6 0.1421875 0.9307407407407406 0.203125 0.13851851851851862
5 0.3 0.9690190972222222 0.08203125 0.06196180555555557