3 0.5117766203703703 0.5013483796296296 0.541869212962963 0.5342361111111111
5 0.8196180555555556 0.4058969907407407 0.14424189814814808 0.12289351851851862
6 0.7857060185185185 0.31202546296296296 0.20983796296296298 0.20833912037037033
6 0.35150462962962964 0.19848958333333333 0.2570023148148148 0.25968171296296294
6 0.15173611111111113 0.34630787037037036 0.23425925925925925 0.23559606481481482
6 0.056365740740740744 0.3208506944444444 0.09811921296296297 0.24717013888888886
6 0.2600983796296296 0.7014756944444445 0.2023726851851852 0.19641203703703702
6 0.7802372685185185 0.9312601273148149 0.2573206018518519 0.1374797453703703
6 0.5436342592592592 0.9101085069444445 0.2164641203703704 0.17978298611111115
6 0.3355902777777778 0.9638715277777777 0.2067997685185185 0.07225694444444457
6 0.09913194444444444 0.9470703125 0.13203125 0.105859375
6 0.2980902777777778 0.9055034722222223 0.24699074074074073 0.17900462962962962
6 0.7639467592592593 0.8412673611111112 0.2466435185185185 0.16962962962962963
6 0.9387152777777779 0.7977662037037037 0.12256944444444429 0.23247685185185177
6 0.8995298032407408 0.5669675925925926 0.20094039351851833 0.23127314814814817
6 0.9608796296296298 0.3510127314814815 0.07824074074074047 0.2322337962962962
6 0.941333912037037 0.22237847222222223 0.11733217592592596 0.23168981481481482
6 0.7743923611111111 0.11190972222222222 0.25269097222222214 0.18541666666666665
6 0.5190393518518518 0.08639467592592592 0.24508101851851852 0.14851273148148147
6 0.13061342592592592 0.113125 0.24872685185185187 0.22587962962962962
6 0.09253472222222223 0.5810127314814815 0.15112847222222223 0.24561921296296294