3 0.5175520833333334 0.5146875 0.4950520833333332 0.5156886574074075
6 0.6248958333333333 0.21056134259259257 0.21229166666666668 0.1845543981481482
6 0.7943749999999999 0.3015335648148148 0.2635416666666668 0.22961226851851854
6 0.8901171874999999 0.5780902777777778 0.21976562500000013 0.2536400462962963
6 0.9124479166666667 0.8397222222222223 0.17510416666666656 0.230787037037037
6 0.9968229166666667 0.9371990740740742 0.006354166666666572 0.12560185185185163
6 0.9953645833333333 0.4888020833333333 0.009270833333333428 0.20341435185185192
6 0.6783333333333333 0.9668330439814815 0.2711458333333333 0.06633391203703702
6 0.3825 0.973616898148148 0.25895833333333335 0.052766203703703954
5 0.13921875 0.8860185185185184 0.0916666666666667 0.09103009259259238
5 0.2632291666666667 0.8902546296296296 0.1408333333333333 0.10483796296296291
6 0.4452083333333333 0.8769155092592593 0.28687500000000005 0.2060937499999998
6 0.32739583333333333 0.7672164351851852 0.29468749999999994 0.20655671296296294
6 0.153125 0.9025983796296296 0.1817708333333333 0.19480324074074068
6 0.09213541666666666 0.6233217592592593 0.11687500000000002 0.23570601851851852
6 0.16364583333333332 0.28361111111111115 0.25416666666666665 0.2290567129629629
6 0.07265625 0.4361863425925926 0.09901041666666668 0.17784143518518522
6 0.86796875 0.10612268518518517 0.2640625 0.12502314814814816
6 0.25036458333333333 0.10199074074074074 0.23822916666666671 0.1884259259259259
6 0.06515625 0.043547453703703706 0.1303125 0.08709490740740741