3 0.50703125 0.490625 0.5671875 0.5296875
6 0.2890625 0.1 0.21328125 0.1984375
6 0.6921875 0.1953125 0.1875 0.1890625
6 0.89140625 0.30078125 0.1828125 0.21796875
6 0.8703125 0.5578125 0.2140625 0.228125
6 0.71171875 0.7484375 0.21953125 0.1796875
6 0.4953125 0.9296875 0.2265625 0.140625
6 0.83046875 0.98359375 0.13515625 0.0328125
6 0.975 0.9484375 0.05 0.103125
6 0.2796875 0.8078125 0.2046875 0.2265625
6 0.07265625 0.803125 0.14296875 0.20234375
6 0.06328125 0.9796875 0.12421875 0.040625
6 0.1296875 0.55 0.18515625 0.19921875
6 0.07578125 0.35859375 0.14921875 0.20078125
6 0.08046875 0.1203125 0.1609375 0.19375