3 0.560954861111111 0.5255613425925926 0.4822222222222223 0.6691377314814815
6 0.2148263888888889 0.3630497685185185 0.23935763888888886 0.20299768518518527
5 0.29487847222222224 0.45439814814814816 0.06970486111111107 0.08215277777777778
5 0.08947916666666668 0.96796875 0.1373611111111111 0.0640625
6 0.21241319444444445 0.6406655092592592 0.20168402777777777 0.2280729166666667
6 0.2370138888888889 0.2730787037037037 0.20185763888888886 0.20077546296296295
6 0.7792881944444444 0.37933449074074077 0.21786458333333342 0.2188888888888889
6 0.7422222222222221 0.29131365740740744 0.2214756944444444 0.2058391203703703
6 0.9368055555555556 0.3670891203703704 0.12638888888888894 0.22882523148148143
6 0.9751953125 0.15387152777777777 0.049609375 0.19510416666666663
6 0.9117274305555554 0.58421875 0.17654513888888915 0.2266435185185184
6 0.84796875 0.836712962962963 0.23703124999999972 0.273859953703704
6 0.9755381944444445 0.8550173611111112 0.04892361111111114 0.2366087962962961
6 0.6539930555555555 0.9342418981481482 0.17239583333333322 0.13151620370370373
6 0.7618055555555555 0.9381307870370371 0.12552083333333322 0.12373842592592581
6 0.5041666666666667 0.9732045717592592 0.15249999999999986 0.05359085648148145
6 0.2959722222222222 0.9493851273148148 0.1852951388888889 0.10122974537037024
6 0.32932291666666663 0.9037890624999999 0.22249999999999998 0.19242187500000013
6 0.1406076388888889 0.8838064236111112 0.1932638888888889 0.23238715277777758
6 0.06859375 0.593912037037037 0.1148263888888889 0.21668402777777765
6 0.06826388888888889 0.47373842592592597 0.11930555555555558 0.17247685185185196
6 0.49859374999999995 0.14189814814814816 0.23630208333333336 0.17082754629629632
6 0.7280034722222222 0.10789930555555556 0.2583506944444444 0.1448263888888889
6 0.27836805555555555 0.06252893518518518 0.27236111111111116 0.10820601851851852
6 0.06869791666666666 0.03684027777777778 0.13739583333333333 0.07368055555555555