3 0.4957523148148148 0.47164930555555556 0.5244560185185184 0.4501388888888888
6 0.9338483796296296 0.2027604166666667 0.13230324074074068 0.22184027777777784
6 0.9046412037037037 0.5599131944444444 0.19071759259259266 0.218107638888889
6 0.9534360532407409 0.7464583333333333 0.09312789351851833 0.1584374999999998
6 0.9642824074074074 0.8775347222222223 0.07143518518518518 0.20263888888888887
6 0.4489120370370371 0.7636979166666666 0.19277777777777771 0.19855902777777779
6 0.3332233796296296 0.7255902777777777 0.22420717592592593 0.18911458333333328
6 0.22852430555555553 0.9125347222222222 0.20751736111111113 0.17079861111111114
6 0.07876157407407407 0.9330729166666668 0.05469907407407408 0.13307291666666643
6 0.19261574074074073 0.5573958333333333 0.15577546296296294 0.17979166666666657
6 0.10933449074074075 0.538125 0.16515624999999998 0.19326388888888885
6 0.41108217592592594 0.012165798611111112 0.19950810185185192 0.024331597222222223
6 0.1286863425925926 0.022361111111111113 0.20424768518518518 0.044722222222222226