3 0.5042881944444445 0.5329166666666667 0.5059201388888889 0.46447916666666667
6 0.94796875 0.8169270833333332 0.10406249999999986 0.22447916666666642
6 0.9014453124999999 0.4666666666666666 0.19710937500000014 0.22338541666666673
6 0.939140625 0.28270833333333334 0.12171875000000014 0.16088541666666673
6 0.9431640625 0.15739583333333335 0.113671875 0.19661458333333334
6 0.42907986111111107 0.24281250000000001 0.18585069444444446 0.20322916666666666
6 0.3206944444444444 0.27531249999999996 0.21664930555555556 0.19515624999999998
6 0.20034722222222223 0.09125 0.20069444444444445 0.16916666666666666
6 0.03868055555555556 0.06411458333333334 0.07722222222222222 0.12510416666666666
6 0.2000347222222222 0.43473958333333335 0.14989583333333334 0.18291666666666656
6 0.10715277777777779 0.44802083333333337 0.18180555555555555 0.19984374999999996
6 0.4689756944444444 0.9828515624999999 0.19546875000000002 0.034296875000000074
6 0.19210069444444447 0.9665494791666667 0.19921875 0.06690104166666658