3 0.503125 0.48515625 0.51953125 0.5140625
5 0.19375 0.38203125 0.1390625 0.11796875
6 0.2234375 0.2890625 0.20078125 0.20078125
6 0.65234375 0.18984375 0.24609375 0.25078125
6 0.85546875 0.34140625 0.225 0.2265625
6 0.95234375 0.31953125 0.0953125 0.2421875
6 0.7609375 0.69140625 0.19453125 0.1890625
6 0.2546875 0.9203125 0.25 0.159375
6 0.4890625 0.903125 0.2078125 0.19296875
6 0.69609375 0.95859375 0.203125 0.0828125
6 0.9328125 0.94375 0.134375 0.109375
6 0.73046875 0.89375 0.2390625 0.1703125
6 0.26484375 0.815625 0.2390625 0.16171875
6 0.0734375 0.7671875 0.146875 0.22578125
6 0.11015625 0.5390625 0.21015625 0.22265625
6 0.04296875 0.3234375 0.0859375 0.22890625
6 0.059375 0.19453125 0.11875 0.2265625
6 0.228125 0.08984375 0.24453125 0.1796875
6 0.48203125 0.07265625 0.23671875 0.1453125
6 0.871875 0.11171875 0.23828125 0.22265625
6 0.9265625 0.578125 0.146875 0.24140625