3 0.51171875 0.4814814814814815 0.4625 0.4591956018518518
6 0.19921875 0.0585083912037037 0.2171875 0.1170167824074074
6 0.06953125 0.1692824074074074 0.13828125 0.2129861111111111
6 0.2078125 0.34614004629629636 0.19609375 0.2341550925925926
6 0.69296875 0.1866087962962963 0.20546875 0.1967939814814815
6 0.7984375 0.3850462962962963 0.19140625 0.1770543981481481
6 0.928125 0.5917187500000001 0.14375 0.21853587962962956
6 0.90546875 0.036180555555555556 0.1890625 0.07236111111111111
6 0.93203125 0.2150983796296296 0.1359375 0.2184201388888889
6 0.45234375 0.8175173611111111 0.21640625 0.1727372685185184
6 0.765625 0.9183449074074075 0.203125 0.14363425925925916
6 0.17890625 0.836412037037037 0.2140625 0.17192129629629632
6 0.3390625 0.9481018518518518 0.203125 0.09675925925925952
6 0.0734375 0.9723495370370371 0.146875 0.05530092592592588