3 0.5379861111111112 0.49548611111111107 0.49973958333333324 0.5109780092592594
6 0.33210069444444446 0.1373611111111111 0.22020833333333334 0.24685185185185188
6 0.6363194444444444 0.17506944444444444 0.20835069444444443 0.20842013888888888
6 0.8428819444444444 0.08039351851851852 0.18888888888888894 0.16078703703703703
6 0.9495789930555556 0.3321006944444444 0.10084201388888872 0.2571006944444445
6 0.8325347222222221 0.4035648148148148 0.18769097222222228 0.23543981481481477
6 0.9842447916666668 0.6809259259259259 0.03151041666666643 0.20788773148148146
6 0.7858506944444444 0.6724016203703703 0.20946180555555535 0.1982870370370371
6 0.9031944444444445 0.9105555555555555 0.193611111111111 0.156111111111111
6 0.6275347222222223 0.8920775462962963 0.20647569444444436 0.20136574074074076
6 0.36034722222222226 0.9663946759259261 0.22913194444444446 0.061168981481481664
6 0.3032465277777778 0.8249594907407408 0.21065972222222218 0.17254050925925918
6 0.10651041666666668 0.8661805555555556 0.14538194444444447 0.21451388888888873
6 0.2111979166666667 0.6183738425925925 0.20640625000000004 0.19980324074074077
6 0.18883680555555554 0.36150462962962965 0.19083333333333333 0.18317708333333335
6 0.11638888888888888 0.2265509259259259 0.21831597222222224 0.18670717592592592
6 0.04548611111111111 0.4605671296296296 0.05751736111111111 0.18744791666666671
6 0.10274305555555556 0.06171875 0.20548611111111112 0.1234375