3 0.49015624999999996 0.4484490740740741 0.54375 0.5588715277777778
5 0.1753298611111111 0.3609953703703704 0.14487847222222222 0.12951967592592598
6 0.20791666666666667 0.2638773148148148 0.21003472222222222 0.21764467592592593
6 0.6484722222222222 0.13576533564814813 0.2572743055555556 0.27153067129629627
6 0.8535937499999999 0.27945023148148146 0.23486111111111113 0.2464236111111111
6 0.9486458333333333 0.25041087962962966 0.09458333333333328 0.2537152777777778
6 0.74875 0.6437847222222223 0.20352430555555562 0.20555555555555555
6 0.2240625 0.9066030092592593 0.25897569444444446 0.17295138888888886
6 0.4643229166666667 0.8736400462962962 0.21760416666666665 0.207170138888889
6 0.6763194444444445 0.9188136574074075 0.20878472222222227 0.09117476851851833
6 0.9149131944444445 0.8906307870370371 0.13050347222222242 0.11462384259259259
6 0.7136805555555557 0.8526215277777777 0.24842013888888878 0.1894907407407409
6 0.23888888888888887 0.8011747685185184 0.24821180555555555 0.1801157407407409
6 0.05918402777777778 0.7616898148148149 0.11836805555555556 0.23912037037037023
6 0.09769531249999999 0.5267476851851851 0.19539062499999998 0.2410358796296297
6 0.03454861111111111 0.3103240740740741 0.06909722222222223 0.23872685185185186
6 0.05318576388888889 0.17727430555555554 0.10637152777777778 0.2376388888888889
6 0.21692708333333335 0.07925347222222222 0.2536458333333333 0.15850694444444444
6 0.47515625000000006 0.05277199074074074 0.24656249999999993 0.10554398148148147
6 0.8727083333333333 0.08082175925925926 0.24911458333333342 0.16164351851851852
6 0.9161979166666667 0.5168287037037038 0.14765625 0.2545196759259259