3 0.5251157407407407 0.4920370370370371 0.3609375 0.38225694444444436
6 0.12326388888888888 0.1438425925925926 0.19875578703703703 0.19985532407407408
6 0.0927662037037037 0.3537152777777778 0.16903935185185187 0.2621180555555555
6 0.10185185185185186 0.7466435185185185 0.15454282407407405 0.18703125000000007
6 0.12589699074074073 0.6788715277777777 0.18938078703703703 0.15760995370370381
6 0.3754918981481482 0.9002213541666666 0.25587384259259255 0.19955729166666672
6 0.6971354166666667 0.7924479166666666 0.2607060185185185 0.20656250000000007
6 0.8456018518518519 0.646712962962963 0.17624421296296297 0.22468171296296297
6 0.9462022569444445 0.7678587962962963 0.10759548611111107 0.2455034722222223
6 0.8991030092592591 0.942679398148148 0.20179398148148167 0.11464120370370381
6 0.9388310185185185 0.4373784722222222 0.12233796296296298 0.21193287037037045
6 0.9903356481481481 0.19325810185185185 0.01932870370370381 0.15017361111111108
6 0.6090856481481481 0.08105324074074075 0.2455150462962962 0.15490162037037036
6 0.8027777777777778 0.10201388888888889 0.19693287037037024 0.1928125
6 0.8789930555555555 0.1564699074074074 0.17037037037037023 0.1504398148148148
6 0.6258680555555556 0.2178587962962963 0.20095486111111108 0.21705439814814814
5 0.4812789351851851 0.2363136574074074 0.0627025462962962 0.06919560185185185
5 0.3789930555555555 0.6799652777777778 0.06637731481481488 0.06297453703703688
5 0.6791087962962963 0.7907523148148148 0.09048032407407405 0.08111689814814813
5 0.43449074074074073 0.06960648148148149 0.08229166666666661 0.07090277777777779
5 0.19042245370370373 0.01703125 0.09019097222222223 0.03112847222222222
5 0.7717592592592593 0.023680555555555555 0.05758101851851851 0.03635416666666667