3 0.4802662037037037 0.49313657407407413 0.46967592592592594 0.4666435185185186
6 0.6803761574074075 0.8259722222222223 0.2538368055555555 0.21593171296296276
5 0.884519675925926 0.8909548611111111 0.1551793981481481 0.1529050925925926
5 0.6807175925925926 0.10315972222222222 0.1265625 0.10912615740740739
5 0.19884837962962965 0.01019675925925926 0.0882407407407407 0.02039351851851852
6 0.38047453703703704 0.0746484375 0.22184027777777776 0.149296875
6 0.7259722222222222 0.2618344907407407 0.21571180555555552 0.19372685185185184
6 0.5413715277777778 0.14319444444444446 0.20449652777777771 0.18402777777777776
6 0.3497106481481481 0.15745949074074073 0.21309606481481475 0.21082175925925925
6 0.8320833333333333 0.06651041666666667 0.21083333333333343 0.13302083333333334
6 0.963125 0.1611400462962963 0.06923611111111114 0.22919560185185187
6 0.802505787037037 0.49763888888888885 0.1827430555555555 0.21382523148148155
6 0.14656828703703703 0.4538483796296296 0.17391782407407405 0.2057581018518519
6 0.1284664351851852 0.22177662037037038 0.23961805555555554 0.23658564814814814
6 0.0783449074074074 0.26870949074074074 0.1566898148148148 0.26023726851851847
6 0.0765625 0.06638310185185185 0.153125 0.1327662037037037
6 0.628900462962963 0.01882523148148148 0.2164178240740741 0.03765046296296296
6 0.08109374999999999 0.6816666666666666 0.16218749999999998 0.1927314814814814
6 0.4052719907407408 0.890324074074074 0.2487094907407407 0.2009490740740741
6 0.1628125 0.8803356481481481 0.2270486111111111 0.23387152777777764
6 0.9492939814814815 0.5752488425925926 0.07049189814814838 0.1925462962962964