3 0.51640625 0.484375 0.459375 0.43515625
6 0.10859375 0.06875 0.19296875 0.1375
6 0.5296875 0.1265625 0.17890625 0.15078125
6 0.63828125 0.20703125 0.22890625 0.1703125
6 0.69296875 0.2921875 0.1640625 0.14140625
6 0.60625 0.02578125 0.18125 0.0515625
6 0.8 0.07890625 0.2390625 0.15703125
6 0.96875 0.1453125 0.0625 0.16640625
6 0.9359375 0.7109375 0.128125 0.18125
6 0.77109375 0.76640625 0.15859375 0.16796875
6 0.85234375 0.77578125 0.18359375 0.1796875
6 0.878125 0.9015625 0.17734375 0.1953125
6 0.80625 0.88515625 0.16796875 0.14921875
6 0.609375 0.815625 0.19453125 0.18984375
6 0.578125 0.89609375 0.2140625 0.16796875
6 0.0359375 0.95078125 0.07109375 0.0984375
6 0.153125 0.89375 0.16796875 0.1296875
6 0.190625 0.965625 0.2671875 0.06875