3 0.3762326388888889 0.6778935185185185 0.5286805555555555 0.4181423611111111
3 0.48239583333333336 0.30737847222222225 0.5323263888888888 0.4650752314814815
6 0.11282986111111111 0.7807291666666666 0.22565972222222222 0.274074074074074
6 0.7298263888888888 0.6016203703703704 0.18954861111111115 0.22853009259259274
5 0.8970312499999998 0.4019965277777778 0.08463541666666644 0.09673032407407404
6 0.9053125000000002 0.5491030092592593 0.147013888888889 0.21915509259259255
6 0.9450694444444444 0.7426215277777778 0.04819444444444443 0.17181712962962958
6 0.6591493055555556 0.8405671296296295 0.2828645833333333 0.23978587962962977
6 0.8757465277777777 0.8809027777777778 0.17397569444444444 0.17647569444444428
6 0.30623263888888885 0.9191550925925925 0.27479166666666666 0.14589120370370381
6 0.09609375 0.9525173611111111 0.1921875 0.09415509259259239
6 0.09958767361111112 0.36484375 0.19917534722222224 0.2335648148148149
6 0.17095486111111113 0.24247685185185186 0.25446180555555553 0.1973958333333333
6 0.8650694444444446 0.2612268518518518 0.24187499999999992 0.28272569444444445
6 0.8169618055555556 0.08020833333333333 0.2723263888888887 0.16041666666666665
6 0.7429340277777777 0.024233217592592594 0.2281944444444445 0.04846643518518519
6 0.34640624999999997 0.09399594907407408 0.23062500000000002 0.18799189814814815
6 0.0498046875 0.039055266203703705 0.099609375 0.07811053240740741
6 0.22163194444444442 0.03884548611111111 0.25829861111111113 0.07769097222222222