3 0.5149479166666666 0.5435416666666667 0.4706018518518519 0.46203125000000006
6 0.09588541666666667 0.9361805555555556 0.19177083333333333 0.12763888888888886
6 0.5228587962962963 0.9066319444444446 0.18273726851851854 0.16114583333333315
6 0.633449074074074 0.8294618055555555 0.23380787037037046 0.18293402777777779
6 0.6901909722222221 0.7459895833333333 0.16775462962962956 0.1511111111111111
6 0.5995601851851852 0.9905208333333334 0.18343749999999998 0.018958333333333143
6 0.7925347222222222 0.9412109375 0.24359374999999997 0.117578125
6 0.960613425925926 0.9088888888888889 0.055613425925925955 0.1703298611111112
6 0.9363194444444444 0.33243055555555556 0.12070023148148153 0.18961805555555555
6 0.7762152777777778 0.26902777777777775 0.1626793981481482 0.17743055555555554
6 0.8583969907407407 0.2625173611111111 0.18863425925925908 0.19029513888888888
6 0.8860300925925927 0.13866319444444447 0.18262731481481467 0.20642361111111113
6 0.8139467592592592 0.14953125 0.1717766203703704 0.15909722222222222
6 0.6128935185185185 0.21173611111111112 0.19973379629629626 0.20171875000000003
6 0.5828587962962963 0.1283159722222222 0.21892939814814802 0.17993055555555554
6 0.035153356481481476 0.05078125 0.07030671296296295 0.10078125
6 0.15313657407407405 0.11156250000000001 0.17148726851851853 0.13956597222222222
6 0.19012731481481482 0.04206597222222223 0.27052662037037034 0.07916666666666668