3 0.521875 0.496875 0.575 0.4890625
6 0.29921875 0.08671875 0.29375 0.1734375
6 0.70625 0.20625 0.23828125 0.21796875
6 0.846875 0.07734375 0.23125 0.1546875
6 0.91484375 0.4296875 0.1703125 0.246875
6 0.790625 0.67421875 0.24609375 0.28046875
6 0.94921875 0.75078125 0.1015625 0.2984375
6 0.7734375 0.89765625 0.284375 0.2046875
6 0.40390625 0.7390625 0.27890625 0.26640625
6 0.23203125 0.715625 0.25546875 0.2296875
6 0.15390625 0.484375 0.22109375 0.21484375
6 0.17265625 0.24296875 0.25 0.246875
6 0.06875 0.940625 0.1375 0.11875