3 0.48185763888888894 0.5369039351851852 0.533420138888889 0.5703645833333333
6 0.7478587962962961 0.8870442708333334 0.2323206018518519 0.2259114583333332
6 0.36044560185185187 0.9275028935185186 0.24027777777777776 0.14499421296296297
6 0.03977141203703703 0.8183796296296297 0.07954282407407406 0.215625
6 0.15040509259259258 0.588599537037037 0.18587962962962962 0.218611111111111
6 0.06133535879629629 0.5645833333333333 0.12267071759259258 0.18068865740740742
6 0.8956886574074074 0.9825173611111111 0.14045138888888892 0.03496527777777771
6 0.09841579861111112 0.19424768518518518 0.19683159722222224 0.21740162037037036
6 0.22771990740740738 0.06503472222222222 0.2258101851851852 0.11775462962962964
6 0.5360243055555556 0.19451967592592592 0.22013888888888894 0.19621527777777778
6 0.6888888888888889 0.25175925925925924 0.16643518518518513 0.1988888888888889
6 0.5372395833333334 0.034901620370370375 0.13177083333333323 0.020868055555555553
6 0.8982928240740741 0.32523726851851853 0.18891782407407404 0.17432291666666674
6 0.8656828703703704 0.12785879629629632 0.20613425925925916 0.17599537037037036
5 0.7108796296296296 0.10182870370370371 0.08307291666666679 0.0744849537037037