3 0.4725636574074074 0.5356770833333334 0.6017766203703703 0.5828125
6 0.69921875 0.13651041666666666 0.22575810185185183 0.21777777777777776
6 0.2765162037037037 0.2169097222222222 0.1991261574074074 0.2072222222222222
6 0.08278935185185185 0.3168576388888889 0.16262731481481482 0.23527777777777778
6 0.1050925925925926 0.5865104166666667 0.20333912037037036 0.24880208333333337
6 0.25972222222222224 0.7964409722222221 0.2326446759259259 0.19855902777777779
6 0.48984375 0.957478298611111 0.24059027777777775 0.085043402777778
6 0.7148726851851852 0.8776085069444445 0.21739004629629638 0.244782986111111
6 0.9294777199074075 0.8825868055555555 0.14104456018518513 0.22055555555555556
6 0.8706828703703703 0.6158506944444444 0.1968634259259261 0.21805555555555553
6 0.9236516203703704 0.41522569444444446 0.1526967592592591 0.21781249999999996
6 0.9166984953703704 0.16807291666666666 0.16660300925925925 0.20973958333333337