3 0.525 0.48753472222222227 0.58203125 0.5047164351851852
6 0.296875 0.08093171296296296 0.296875 0.16186342592592592
6 0.71171875 0.19023726851851852 0.240625 0.2246585648148148
6 0.85234375 0.06857204861111112 0.2328125 0.13714409722222223
6 0.91796875 0.41218171296296297 0.1640625 0.2508680555555555
6 0.796875 0.6631944444444444 0.2484375 0.2880555555555556
6 0.95234375 0.7390162037037037 0.0953125 0.3060995370370371
6 0.778125 0.8876909722222223 0.28671875 0.2050289351851852
6 0.40546875 0.7353993055555555 0.28203125 0.2744907407407407
6 0.23203125 0.71375 0.2578125 0.23663194444444446
6 0.153125 0.4805439814814815 0.2234375 0.22127893518518515
6 0.171875 0.23495370370370372 0.253125 0.25375
6 0.0671875 0.9411921296296295 0.134375 0.11761574074074091