3 0.43520833333333336 0.4994849537037037 0.6285300925925925 0.5255439814814814
6 0.644357638888889 0.9050636574074072 0.3150462962962962 0.15751157407407418
6 0.22515046296296298 0.8067418981481481 0.2610358796296296 0.23311921296296312
6 0.09867332175925927 0.9305555555555556 0.19734664351851855 0.13835648148148144
6 0.059091435185185184 0.5830034722222223 0.11818287037037037 0.2589930555555554
6 0.16644675925925928 0.3233969907407407 0.27351851851851855 0.2989988425925926
6 0.03471064814814815 0.24888888888888888 0.0694212962962963 0.3139409722222222
6 0.1994502314814815 0.10070023148148148 0.30656828703703703 0.20140046296296296
6 0.5727719907407407 0.24428819444444444 0.307013888888889 0.2851736111111111
6 0.7501967592592592 0.26398726851851856 0.2797453703703702 0.24615162037037042
6 0.8172337962962963 0.5014236111111112 0.24292824074074063 0.23024305555555563
6 0.7828877314814815 0.7520023148148148 0.27529513888888885 0.26317708333333345
6 0.9302141203703703 0.04418402777777778 0.1395717592592593 0.08836805555555556