3 0.52640625 0.46734953703703697 0.428263888888889 0.3928877314814816
6 0.2972916666666666 0.6401967592592592 0.21246527777777774 0.2468055555555555
6 0.42336805555555557 0.6986574074074074 0.21814236111111107 0.2163888888888888
6 0.7341666666666666 0.7283969907407407 0.2663541666666667 0.22924189814814824
6 0.8475694444444445 0.6423726851851852 0.23602430555555537 0.26728587962962963
6 0.39263888888888887 0.00920138888888889 0.2696527777777778 0.01840277777777778
6 0.3319270833333333 0.06723234953703704 0.2661979166666667 0.13446469907407407
6 0.8641666666666665 0.03463107638888889 0.17911458333333313 0.06926215277777778
6 0.08394097222222222 0.078125 0.16788194444444443 0.15625
6 0.11546875000000001 0.25938657407407406 0.21809027777777779 0.23278935185185184
6 0.9430729166666666 0.47510416666666666 0.11385416666666685 0.2525231481481482
6 0.976701388888889 0.7241145833333333 0.046597222222222 0.25523148148148156
6 0.5095138888888889 0.8785474537037036 0.27109375 0.21287615740740762
6 0.21942708333333333 0.8048900462962962 0.27185763888888886 0.2300636574074076
6 0.11300347222222222 0.9072743055555555 0.15350694444444443 0.18545138888888885
6 0.7938541666666665 0.9108275462962963 0.24255208333333336 0.16814814814814802