3 0.5040104166666667 0.4646180555555556 0.40374999999999994 0.43237847222222214
6 0.1565798611111111 0.3996701388888889 0.26953125 0.25782986111111106
6 0.7949999999999999 0.36505208333333333 0.2337847222222223 0.264826388888889
6 0.8955034722222223 0.5838020833333333 0.18857638888888886 0.33774305555555556
6 0.6977777777777778 0.7010763888888889 0.18942708333333336 0.23553819444444457
6 0.6464409722222222 0.9039409722222222 0.1568402777777777 0.13887152777777773
6 0.835173611111111 0.8752604166666667 0.2335416666666667 0.18364583333333329
6 0.23118055555555558 0.7655208333333332 0.2436979166666667 0.25434027777777785
6 0.35875 0.9253125000000001 0.2611458333333333 0.1263368055555553
6 0.07991319444444445 0.9428819444444445 0.1598263888888889 0.11423611111111107
6 0.7219618055555556 0.13961805555555556 0.2399652777777778 0.22685763888888885
6 0.9359375 0.2744965277777778 0.11928819444444443 0.27534722222222224
6 0.7500520833333333 0.019583333333333335 0.31239583333333343 0.03916666666666667
6 0.3436284722222222 0.07088541666666667 0.2533680555555556 0.14177083333333335
6 0.15 0.16894097222222224 0.21918402777777776 0.27510416666666665
6 0.053385416666666664 0.5528993055555556 0.10677083333333333 0.3192013888888889
6 0.02734375 0.09609375 0.0546875 0.1921875