3 0.50546875 0.48359375 0.39140625 0.415625
6 0.278125 0.26953125 0.209375 0.22421875
6 0.74140625 0.3078125 0.2046875 0.20625
6 0.875 0.4921875 0.18359375 0.23125
6 0.88515625 0.7375 0.21953125 0.27265625
6 0.63984375 0.7890625 0.265625 0.23515625
6 0.30390625 0.7296875 0.21796875 0.23515625
6 0.10546875 0.85234375 0.2109375 0.2546875
6 0.75 0.9625 0.2 0.07421875
6 0.57109375 0.08359375 0.26328125 0.16640625
6 0.82421875 0.05 0.21953125 0.1
6 0.9390625 0.16796875 0.121875 0.25859375
6 0.04375 0.1046875 0.0875 0.209375
6 0.08046875 0.32421875 0.1609375 0.2328125
6 0.190625 0.5140625 0.20625 0.21484375