3 0.47809027777777774 0.529976851851852 0.5230208333333334 0.4412037037037038
6 0.9242361111111113 0.31417824074074074 0.14602430555555584 0.2533854166666666
6 0.8663715277777777 0.1361689814814815 0.2235069444444445 0.16006944444444446
6 0.49168402777777775 0.23518518518518522 0.2512326388888889 0.2494791666666666
6 0.27194444444444443 0.2987268518518519 0.2502951388888889 0.2423900462962963
6 0.08630208333333333 0.30497685185185186 0.17260416666666667 0.2537037037037037
6 0.5240104166666667 0.8858289930555555 0.26357638888888885 0.22834201388888892
6 0.3799826388888889 0.8599826388888889 0.22484375000000006 0.2202256944444443
6 0.14102430555555553 0.897728587962963 0.23821180555555554 0.20454282407407404
6 0.1370486111111111 0.8404224537037038 0.21605902777777777 0.21099537037037025
6 0.7923958333333333 0.9010344328703704 0.23342013888888893 0.19793113425925918
6 0.8760590277777778 0.791869212962963 0.22128472222222229 0.2706597222222221
6 0.7627951388888888 0.677054398148148 0.23611111111111108 0.23587962962962977
6 0.9057812500000001 0.5460069444444444 0.17147569444444458 0.24045138888888892
6 0.4099131944444444 0.07653356481481481 0.19814236111111114 0.10671296296296298
6 0.19276041666666666 0.09409722222222223 0.25821180555555556 0.17745949074074074