3 0.527517361111111 0.5186516203703704 0.4932291666666668 0.5059374999999999
6 0.28260995370370373 0.1760474537037037 0.19470486111111107 0.1929398148148148
6 0.888404224537037 0.2821296296296296 0.22319155092592596 0.23357060185185183
6 0.7362094907407408 0.11851851851851851 0.25991898148148157 0.2011111111111111
6 0.4690162037037037 0.09734375 0.29501736111111115 0.17485532407407406
6 0.09152199074074074 0.16258680555555555 0.17822916666666666 0.2439236111111111
6 0.10224537037037038 0.4093460648148149 0.1715740740740741 0.2632233796296298
6 0.2708622685185185 0.7411111111111112 0.26692129629629624 0.24031249999999993
6 0.7063078703703705 0.7852083333333333 0.2259722222222223 0.23364004629629634
6 0.9079673032407406 0.8461226851851851 0.18406539351851875 0.22529513888888886
6 0.8201678240740741 0.6404050925925926 0.2215162037037036 0.23740740740740734
6 0.21800347222222222 0.9240972222222222 0.2465740740740741 0.15180555555555558