3 0.5046875 0.4875 0.48828125 0.384375
6 0.0765625 0.253125 0.153125 0.23125
6 0.14609375 0.07734375 0.20859375 0.15390625
6 0.49765625 0.20625 0.234375 0.2203125
6 0.7046875 0.28125 0.2328125 0.2140625
6 0.9015625 0.303125 0.196875 0.23125
6 0.45390625 0.8296875 0.24609375 0.2140625
6 0.59140625 0.8078125 0.209375 0.19453125
6 0.8171875 0.875 0.221875 0.20234375
6 0.82109375 0.80703125 0.20078125 0.1859375
6 0.1984375 0.8453125 0.2171875 0.2265625
6 0.1125 0.7078125 0.225 0.2421875
6 0.23125 0.60703125 0.21953125 0.20859375
6 0.0890625 0.47265625 0.178125 0.21796875
6 0.58046875 0.05234375 0.1875 0.1046875
6 0.7859375 0.08515625 0.240625 0.1703125