3 0.48651041666666667 0.5052488425925926 0.4955555555555556 0.506712962962963
6 0.1572222222222222 0.5903240740740741 0.20493055555555553 0.2233564814814816
6 0.4750694444444445 0.8781857638888889 0.22340277777777792 0.24362847222222223
6 0.6830729166666666 0.7669039351851852 0.21734374999999986 0.2195428240740739
6 0.8900868055555555 0.7692187500000001 0.19130208333333343 0.24278356481481483
6 0.8408333333333333 0.9426331018518518 0.21986111111111128 0.11473379629629647
6 0.2343576388888889 0.9507132523148147 0.2334548611111112 0.09857349537037052
6 0.02509548611111111 0.6861689814814815 0.05019097222222222 0.264525462962963
6 0.08025173611111111 0.37170717592592595 0.16050347222222222 0.28247685185185184
6 0.8946180555555555 0.49498842592592596 0.1939583333333335 0.25686342592592587
6 0.9633159722222222 0.2517071759259259 0.06729166666666657 0.21608796296296298
6 0.6666666666666667 0.16902777777777778 0.29901041666666667 0.23889467592592598
6 0.7530555555555555 0.04386574074074074 0.218888888888889 0.0781712962962963
6 0.3305208333333333 0.07042824074074075 0.2577083333333333 0.13782407407407407