3 0.5478587962962964 0.5022222222222222 0.5157696759259259 0.5012037037037038
6 0.8777777777777779 0.5921180555555556 0.21391782407407406 0.22099537037037037
6 0.5776331018518519 0.8725520833333335 0.23278356481481488 0.24377893518518512
6 0.3661747685185185 0.7585474537037037 0.22612847222222232 0.21718171296296304
6 0.1552951388888889 0.7577662037037036 0.21536458333333336 0.24052662037037037
6 0.21938657407407408 0.9368764467592593 0.22421875 0.12624710648148146
6 0.8208622685185185 0.9484490740740741 0.23767361111111107 0.10310185185185183
6 0.9907118055555555 0.6884375 0.018576388888888927 0.2613773148148148
6 0.9280671296296298 0.3763425925925926 0.1438657407407405 0.2793171296296297
6 0.13677662037037036 0.48668402777777775 0.2203125 0.2546180555555555
6 0.05639467592592593 0.24481481481481482 0.09236111111111112 0.21384837962962963
6 0.3520543981481482 0.16736111111111113 0.30798611111111107 0.2365277777777778
6 0.2607060185185185 0.04097222222222222 0.22141203703703702 0.07972222222222222
6 0.6785300925925926 0.07373842592592593 0.2617476851851851 0.13936342592592593