3 0.5259548611111111 0.4996701388888889 0.5056712962962961 0.4803819444444445
6 0.21747685185185187 0.21409722222222222 0.2346064814814815 0.24329861111111112
6 0.222337962962963 0.7042361111111111 0.22792245370370373 0.25251736111111106
6 0.5641493055555555 0.8553645833333332 0.26877893518518514 0.23859375000000008
6 0.788599537037037 0.8988541666666666 0.203125 0.17312499999999992
6 0.8990596064814815 0.7343402777777778 0.20188078703703702 0.20083333333333328
6 0.952611400462963 0.9503125000000001 0.09477719907407404 0.05991319444444443
6 0.10454282407407409 0.9437673611111113 0.14311342592592596 0.11246527777777757
6 0.1258101851851852 0.42020833333333335 0.2269386574074074 0.20487847222222227
6 0.7332465277777778 0.1104861111111111 0.26024305555555555 0.2209722222222222
6 0.9291087962962962 0.08636284722222223 0.1417824074074076 0.17272569444444447
6 0.8920138888888889 0.48215277777777776 0.20844907407407404 0.2536458333333334
6 0.06527777777777778 0.6647222222222222 0.09288194444444445 0.3158680555555556
6 0.045891203703703705 0.12109375 0.09178240740740741 0.2421875
6 0.19733796296296297 0.05366753472222222 0.24620949074074075 0.10733506944444444