3 0.4647395833333333 0.5269270833333334 0.496875 0.523125
6 0.21734375 0.8478645833333334 0.19609375 0.19973958333333322
6 0.8240624999999999 0.7988541666666666 0.22531250000000008 0.2413541666666667
6 0.6703645833333333 0.9217708333333334 0.26156250000000014 0.15645833333333314
6 0.4022395833333333 0.9263020833333332 0.2971874999999999 0.14739583333333356
6 0.058125 0.8421875 0.11625 0.25
6 0.06274739583333333 0.5958333333333334 0.12549479166666666 0.2690104166666668
6 0.20979166666666665 0.2784375 0.26864583333333336 0.2496875
6 0.6455208333333333 0.2753125 0.22765625000000006 0.24151041666666667
6 0.8592708333333334 0.23541666666666666 0.20916666666666686 0.2325
6 0.7582291666666666 0.43270833333333336 0.22322916666666687 0.24510416666666668
6 0.15828124999999998 0.08588541666666667 0.2475 0.16583333333333333