3 0.53515625 0.5087094907407408 0.396875 0.42306712962962967
6 0.184375 0.5839814814814815 0.265625 0.2515914351851851
6 0.8265625 0.6005266203703703 0.2296875 0.2596527777777776
6 0.92109375 0.3761458333333333 0.1578125 0.33436921296296296
6 0.7359375 0.26480902777777776 0.18515625 0.23086805555555562
6 0.68828125 0.06957175925925926 0.1546875 0.12104166666666664
6 0.87890625 0.09270833333333334 0.23125 0.16201967592592592
6 0.2671875 0.21411458333333333 0.23984375 0.24886574074074072
6 0.39921875 0.05669560185185185 0.26015625 0.10463541666666668
6 0.09921875 0.04756365740740741 0.1984375 0.09512731481481482
6 0.74765625 0.8290451388888889 0.23671875 0.22069444444444458
6 0.9546875 0.6875810185185186 0.090625 0.2732175925925926
6 0.7734375 0.9670717592592591 0.3125 0.06585648148148167
6 0.365625 0.9207219328703704 0.2515625 0.1585561342592591
6 0.17265625 0.8166203703703703 0.2140625 0.27035879629629633
6 0.0671875 0.43224537037037036 0.134375 0.3176157407407407
6 0.03671875 0.89921875 0.0734375 0.2015625