3 0.50546875 0.4984375 0.52890625 0.63203125
6 0.3546875 0.17578125 0.2140625 0.21015625
6 0.20859375 0.1046875 0.2109375 0.209375
6 0.43359375 0.090625 0.2421875 0.18125
5 0.95703125 0.81171875 0.05390625 0.1203125
5 0.0359375 0.1046875 0.07109375 0.08515625
6 0.87421875 0.14765625 0.225 0.2109375
6 0.903125 0.0796875 0.19296875 0.15859375
6 0.70703125 0.03984375 0.246875 0.0796875
6 0.1609375 0.40859375 0.20234375 0.26640625
6 0.06640625 0.68203125 0.13203125 0.23125
6 0.096875 0.884375 0.16640625 0.2125
6 0.35859375 0.92578125 0.2546875 0.1484375
6 0.5140625 0.90546875 0.18671875 0.17421875
6 0.6203125 0.8609375 0.2171875 0.20703125
6 0.83359375 0.89375 0.228125 0.2125
6 0.6484375 0.965625 0.153125 0.06875
6 0.84140625 0.534375 0.2140625 0.23515625
6 0.92734375 0.35234375 0.1453125 0.2703125
6 0.23359375 0.70703125 0.20234375 0.2046875
6 0.43359375 0.09609375 0.221875 0.19140625
6 0.0265625 0.396875 0.053125 0.22578125