3 0.4921875 0.49453125 0.47109375 0.48828125
6 0.17421875 0.5796875 0.19453125 0.21484375
6 0.4890625 0.85703125 0.21171875 0.2375
6 0.6890625 0.746875 0.20625 0.2109375
6 0.9 0.74921875 0.2 0.23359375
6 0.84765625 0.93125 0.21171875 0.13671875
6 0.25859375 0.94140625 0.2234375 0.1171875
6 0.0359375 0.67578125 0.07109375 0.25703125
6 0.0859375 0.36875 0.171875 0.27265625
6 0.89921875 0.48359375 0.20078125 0.25078125
6 0.9609375 0.246875 0.078125 0.20703125
6 0.66015625 0.1671875 0.2859375 0.2296875
6 0.74296875 0.0421875 0.21015625 0.08359375
6 0.334375 0.071875 0.24765625 0.14296875