3 0.5317534722222221 0.4702835648148148 0.4687789351851851 0.44302662037037044
6 0.23952546296296298 0.2646412037037037 0.25113425925925925 0.26782407407407405
6 0.8412326388888889 0.3673900462962963 0.31193287037037043 0.2513310185185185
6 0.7730497685185185 0.23550347222222223 0.2829629629629629 0.2416666666666666
6 0.935480324074074 0.17317708333333334 0.12903935185185206 0.24542824074074074
6 0.867488425925926 0.5804398148148149 0.26502314814814804 0.2287037037037038
6 0.9536877893518518 0.6506944444444445 0.09262442129629633 0.22780671296296298
6 0.921875 0.8878472222222221 0.15625 0.16226851851851834
6 0.7215277777777779 0.7703703703703704 0.2388715277777777 0.29939236111111106
6 0.5184953703703703 0.8958912037037038 0.24735532407407418 0.17942708333333357
6 0.363275462962963 0.7242476851851852 0.2604687500000001 0.26270254629629636
6 0.11519097222222223 0.675607638888889 0.22234953703703705 0.28315972222222213
6 0.06243055555555556 0.3048032407407407 0.12219907407407408 0.2591435185185185
6 0.3121585648148148 0.05561342592592593 0.21806712962962962 0.11122685185185185
6 0.6949189814814816 0.042390046296296294 0.31483796296296307 0.08478009259259259
6 0.928125 0.02398726851851852 0.14375 0.04797453703703704
6 0.09478587962962963 0.034172453703703705 0.18878472222222223 0.06834490740740741