3 0.4986689814814815 0.49420717592592595 0.4733217592592592 0.43231481481481476
6 0.22060185185185185 0.27323495370370365 0.2539351851851852 0.2611516203703704
6 0.806712962962963 0.4126099537037037 0.31339699074074084 0.24418402777777787
6 0.745167824074074 0.2793923611111111 0.2849826388888889 0.2355381944444445
6 0.9190972222222221 0.2290162037037037 0.1556712962962962 0.24185185185185185
6 0.8293402777777779 0.6252314814814814 0.27679398148148165 0.2251504629629629
6 0.9173032407407409 0.6997916666666667 0.12300347222222215 0.22371527777777764
6 0.8763310185185185 0.9254340277777778 0.18611111111111106 0.14913194444444428
6 0.6718460648148149 0.8020138888888889 0.24340277777777786 0.29283564814814833
6 0.46643518518518523 0.9118692129629629 0.24835069444444446 0.1762615740740742
6 0.32245370370370374 0.7330034722222223 0.26310763888888894 0.2559606481481481
6 0.0970630787037037 0.6664525462962964 0.1941261574074074 0.2774131944444445
6 0.05440538194444444 0.30093171296296295 0.10881076388888888 0.2549652777777777
6 0.3002314814814815 0.06598958333333334 0.21828703703703703 0.12040509259259258
6 0.6778356481481481 0.07013888888888889 0.31307870370370383 0.10916666666666668
6 0.918142361111111 0.06474537037037037 0.16371527777777786 0.07976851851851852
6 0.09140625 0.03473958333333334 0.1828125 0.06947916666666668