3 0.5143923611111111 0.5164525462962963 0.5596006944444445 0.5699537037037036
6 0.28980902777777773 0.23015625 0.21878472222222226 0.26029513888888883
6 0.516875 0.1589641203703704 0.26220486111111113 0.2480439814814815
6 0.7408854166666666 0.26038194444444446 0.22296875000000008 0.2730266203703704
6 0.8985069444444445 0.2947337962962963 0.191545138888889 0.22825231481481484
6 0.8807291666666666 0.10324508101851852 0.23828125 0.20649016203703704
6 0.19421875 0.5291840277777778 0.22151041666666668 0.2074016203703703
6 0.07684027777777777 0.4217939814814815 0.15368055555555554 0.209537037037037
6 0.0985546875 0.73359375 0.197109375 0.24765625
6 0.3671701388888889 0.8567708333333334 0.2614756944444444 0.2503414351851852
6 0.6064236111111111 0.8340104166666666 0.2902951388888889 0.21303819444444444
6 0.7978125 0.6127893518518519 0.19970486111111113 0.314560185185185
6 0.9132291666666668 0.6153125 0.1492708333333333 0.25695601851851857
6 0.6276388888888889 0.9326215277777777 0.23720486111111114 0.07101273148148124
6 0.05904513888888889 0.9326446759259259 0.11809027777777778 0.13471064814814823
6 0.08487847222222222 0.1941261574074074 0.16975694444444445 0.2179976851851852