3 0.49765625 0.50234375 0.46171875 0.48828125
6 0.2734375 0.16953125 0.1828125 0.1859375
6 0.871875 0.25703125 0.209375 0.22578125
6 0.72890625 0.09765625 0.246875 0.1953125
6 0.4640625 0.084375 0.28359375 0.16796875
6 0.08359375 0.16328125 0.16640625 0.2375
6 0.0796875 0.40703125 0.159375 0.2578125
6 0.22890625 0.73046875 0.2515625 0.23125
6 0.66015625 0.7625 0.21171875 0.22578125
6 0.86875 0.815625 0.19296875 0.21796875
6 0.78203125 0.61484375 0.20625 0.2296875
6 0.1671875 0.9203125 0.23671875 0.15078125