3 0.5026736111111111 0.5125 0.41026041666666674 0.4265625
6 0.2649826388888889 0.73203125 0.21916666666666665 0.2296875
6 0.7400694444444443 0.69296875 0.2140625 0.2109375
6 0.8809895833333332 0.50390625 0.19354166666666686 0.23671875
6 0.88890625 0.253125 0.21637152777777793 0.2796875
6 0.6471354166666667 0.19921875 0.2772222222222222 0.240625
6 0.30203125000000003 0.26015625 0.2287847222222222 0.240625
6 0.10618055555555554 0.13671875 0.21236111111111108 0.2609375
6 0.7634027777777778 0.0296875 0.20600694444444442 0.059375
6 0.5592534722222222 0.91953125 0.2707638888888889 0.1609375
6 0.8186631944444445 0.953125 0.22628472222222235 0.09296875
6 0.9282986111111111 0.8359375 0.11215277777777785 0.265625
6 0.033953993055555555 0.896875 0.06790798611111111 0.20625
6 0.07486979166666666 0.6765625 0.14973958333333331 0.23984375
6 0.18149305555555556 0.48125 0.21583333333333332 0.2203125