3 0.5509259259259259 0.4811689814814814 0.5056712962962961 0.4767650462962962
6 0.2640914351851852 0.7777662037037038 0.2346064814814815 0.2416261574074074
6 0.23266782407407405 0.28811921296296295 0.22792245370370362 0.25089699074074073
6 0.5627314814814814 0.12454861111111112 0.26877893518518514 0.23666666666666666
6 0.78359375 0.07932291666666666 0.203125 0.15864583333333332
6 0.9011863425925926 0.23356481481481484 0.19762731481481488 0.19988425925925926
6 0.9478587962962962 0.022076099537037035 0.10428240740740762 0.04415219907407407
6 0.08405671296296297 0.0546875 0.16811342592592593 0.109375
6 0.1541087962962963 0.5730324074074075 0.2347511574074074 0.20336805555555557
6 0.7873842592592593 0.8716319444444445 0.26024305555555555 0.23810185185185198
6 0.957154224537037 0.8899479166666667 0.08569155092592595 0.19311921296296292
6 0.9067274305555555 0.4851157407407407 0.18654513888888893 0.25217013888888895
6 0.06553819444444445 0.33436921296296296 0.11788194444444444 0.3156365740740741
6 0.08723958333333334 0.8780960648148148 0.11834490740740741 0.24380787037037024
6 0.2561053240740741 0.9420370370370371 0.24620949074074075 0.11218171296296298