3 0.4958217592592593 0.530318287037037 0.5707928240740742 0.7443981481481481
6 0.7869212962962963 0.8016261574074074 0.20167824074074064 0.22063078703703703
6 0.7060474537037037 0.8431192129629629 0.21861689814814814 0.23908564814814817
5 0.7995601851851852 0.4892592592592592 0.09769675925925939 0.08329282407407419
6 0.1589525462962963 0.48243634259259255 0.23322337962962963 0.20517361111111115
6 0.08536458333333333 0.6378761574074074 0.13890046296296293 0.20940393518518513
6 0.037418981481481484 0.5767418981481482 0.04604166666666667 0.18401620370370358
6 0.3131539351851852 0.8836921296296296 0.23717592592592593 0.20685185185185198
6 0.3885300925925926 0.9205555555555556 0.20641782407407402 0.14349537037037052
6 0.20234953703703704 0.9706423611111111 0.18659143518518517 0.053923611111111214
6 0.06789351851851852 0.9191087962962964 0.08597222222222223 0.16178240740740718
6 0.08478009259259259 0.2750752314814815 0.15939814814814815 0.21625578703703702
6 0.14985532407407406 0.07344328703703704 0.19502314814814814 0.14688657407407407
6 0.32173032407407404 0.1703125 0.24666666666666667 0.2110358796296296
6 0.4021759259259259 0.06931712962962963 0.24810185185185177 0.13863425925925926
6 0.5271354166666666 0.09227430555555556 0.22223958333333335 0.18454861111111112
6 0.7759837962962963 0.07588686342592592 0.2214756944444444 0.15177372685185184
6 0.8416145833333333 0.29878472222222224 0.2158333333333335 0.22417245370370367
6 0.9756597222222222 0.26805555555555555 0.048680555555555574 0.18990162037037042
6 0.94375 0.09700810185185185 0.1125 0.1940162037037037
6 0.9378761574074075 0.47550925925925924 0.12424768518518511 0.22121527777777777
6 0.9392650462962961 0.5762905092592593 0.12146990740740762 0.23527777777777778
6 0.9895428240740742 0.8827604166666667 0.02091435185185162 0.1779050925925926
6 0.9520543981481481 0.8565046296296297 0.09589120370370381 0.22929976851851847