3 0.4953125 0.53671875 0.6125 0.4828125
6 0.25234375 0.1671875 0.196875 0.23984375
6 0.49375 0.1921875 0.25390625 0.21875
6 0.7890625 0.26484375 0.234375 0.2203125
6 0.92734375 0.40390625 0.1453125 0.1921875
6 0.85546875 0.59453125 0.24765625 0.21484375
6 0.74921875 0.8125 0.2078125 0.1875
6 0.86015625 0.93828125 0.2078125 0.1234375
6 0.89140625 0.08359375 0.2171875 0.1671875
6 0.52109375 0.0359375 0.225 0.071875
6 0.15 0.03203125 0.228125 0.06328125
6 0.08359375 0.44765625 0.16640625 0.25078125
6 0.1671875 0.753125 0.18359375 0.20234375
6 0.20078125 0.9390625 0.221875 0.12109375
6 0.03203125 0.75390625 0.0640625 0.1984375
6 0.96328125 0.7015625 0.07265625 0.19140625
6 0.0203125 0.09296875 0.040625 0.165625