3 0.50234375 0.48046875 0.63515625 0.596875
6 0.17109375 0.09765625 0.19140625 0.1953125
6 0.63828125 0.15234375 0.25546875 0.21796875
6 0.878125 0.084375 0.21640625 0.16796875
6 0.9015625 0.3703125 0.196875 0.20703125
6 0.9609375 0.5625 0.078125 0.171875
6 0.94453125 0.77421875 0.1109375 0.2390625
6 0.78359375 0.70078125 0.21015625 0.20859375
6 0.60078125 0.8765625 0.23828125 0.20234375
6 0.203125 0.428125 0.16796875 0.2140625
6 0.071875 0.334375 0.14375 0.240625
6 0.21875 0.721875 0.23125 0.20703125
6 0.19609375 0.92734375 0.234375 0.14453125