3 0.5043287037037036 0.48506944444444444 0.6748495370370369 0.5429976851851851
6 0.26673032407407404 0.861545138888889 0.22171874999999996 0.26394097222222224
6 0.5208217592592593 0.8482291666666667 0.2807407407407407 0.24518518518518526
6 0.8301331018518517 0.7879108796296297 0.2597280092592591 0.2456539351851852
6 0.9433912037037036 0.6482465277777778 0.11321759259259281 0.2103356481481482
6 0.8728327546296295 0.4439004629629629 0.2543344907407409 0.2409143518518519
6 0.7579687500000001 0.20759837962962963 0.22978009259259266 0.20903935185185185
6 0.8690393518518519 0.09570601851851854 0.2255787037037038 0.11298611111111112
6 0.9127025462962962 0.9460358796296298 0.17459490740740763 0.10792824074074048
6 0.5575868055555555 0.9852517361111112 0.24083333333333332 0.029496527777777715
6 0.16876736111111112 0.9796976273148148 0.23726273148148147 0.04060474537037031
6 0.09512731481481482 0.557349537037037 0.1457638888888889 0.27168981481481486
6 0.14480324074074075 0.23813657407407404 0.20559027777777777 0.2233680555555555
6 0.16978009259259258 0.05866898148148149 0.23956018518518518 0.1121527777777778
6 0.023709490740740743 0.23185763888888888 0.034456018518518525 0.21371527777777777
6 0.9720486111111111 0.33765046296296297 0.05590277777777786 0.20340277777777782