3 0.51953125 0.46640625 0.528125 0.7015625
6 0.24765625 0.196875 0.1875 0.20703125
6 0.3265625 0.159375 0.20390625 0.22421875
5 0.2265625 0.49765625 0.09140625 0.07734375
6 0.8421875 0.521875 0.21796875 0.19140625
6 0.9265625 0.375 0.146875 0.19921875
6 0.97109375 0.43515625 0.0578125 0.17578125
6 0.7046875 0.13203125 0.221875 0.19296875
6 0.634375 0.0796875 0.196875 0.159375
6 0.81484375 0.0375 0.17734375 0.075
6 0.9515625 0.0921875 0.096875 0.18359375
6 0.9171875 0.72578125 0.165625 0.2046875
6 0.83984375 0.925 0.18515625 0.15
6 0.6765625 0.81875 0.23125 0.196875
6 0.59765625 0.92578125 0.2328125 0.1484375
6 0.478125 0.9015625 0.2078125 0.19453125
6 0.2390625 0.91171875 0.2078125 0.16796875
6 0.18125 0.6796875 0.20078125 0.21015625
6 0.03671875 0.70703125 0.07265625 0.18125
6 0.06484375 0.8890625 0.1296875 0.21796875
6 0.075 0.50703125 0.15 0.2109375
6 0.07578125 0.40859375 0.1515625 0.2234375
6 0.03203125 0.1 0.0640625 0.2
6 0.0671875 0.14140625 0.13203125 0.21796875