3 0.50859375 0.4984375 0.49609375 0.49609375
6 0.14453125 0.07734375 0.19453125 0.1546875
6 0.3625 0.13515625 0.19609375 0.19140625
6 0.44453125 0.0890625 0.190625 0.1703125
6 0.48203125 0.00546875 0.0015625 0.01015625
6 0.67421875 0.0859375 0.18359375 0.171875
6 0.9015625 0.0703125 0.196875 0.140625
6 0.95625 0.2078125 0.0875 0.18515625
6 0.8 0.3375 0.17734375 0.1890625
6 0.9734375 0.62109375 0.053125 0.17421875
6 0.9234375 0.81171875 0.153125 0.21796875
6 0.83046875 0.60390625 0.19609375 0.18984375
6 0.76484375 0.696875 0.18515625 0.19296875
6 0.80703125 0.96953125 0.19296875 0.0609375
6 0.540625 0.97109375 0.16953125 0.0578125
6 0.36640625 0.92734375 0.1984375 0.1453125
6 0.0671875 0.9625 0.12734375 0.075
6 0.12890625 0.9296875 0.2046875 0.140625
6 0.1484375 0.7125 0.19453125 0.19140625
6 0.17578125 0.57421875 0.20390625 0.23203125
6 0.03515625 0.50546875 0.0703125 0.20703125
6 0.01953125 0.11796875 0.03828125 0.1203125
6 0.0671875 0.30859375 0.13203125 0.1984375
6 0.14453125 0.32578125 0.19296875 0.21640625