3 0.4893923611111111 0.5011979166666667 0.64453125 0.5336979166666668
6 0.7203125 0.8826562499999999 0.2116493055555555 0.23468750000000008
6 0.4761458333333334 0.8521354166666667 0.2685243055555556 0.2406770833333333
6 0.17866319444444445 0.7578645833333333 0.24828125 0.2408854166666668
6 0.060711805555555554 0.6055729166666667 0.12142361111111111 0.20645833333333333
6 0.1285329861111111 0.4174479166666667 0.2570659722222222 0.23630208333333336
6 0.2441145833333333 0.20197916666666665 0.21944444444444447 0.20546875
6 0.13791666666666666 0.0703125 0.21791666666666668 0.13604166666666667
6 0.09137152777777777 0.92265625 0.18274305555555553 0.1546875
6 0.44125 0.9826432291666667 0.23154513888888886 0.034713541666666715
6 0.8191666666666666 0.9998958333333334 0.23347222222222222 0.00020833333333314386
6 0.8978298611111111 0.6201041666666667 0.16600694444444458 0.265
6 0.8328125 0.30234375 0.1958854166666665 0.21869791666666671
6 0.8082986111111111 0.1134375 0.23102430555555564 0.1330208333333333
6 0.96328125 0.31104166666666666 0.059878472222222354 0.2080729166666666
6 0.03222222222222222 0.30166666666666664 0.06444444444444444 0.19864583333333333
6 0.9466666666666667 0.9512499999999999 0.032222222222222284 0.09750000000000014