3 0.5015972222222222 0.48230902777777784 0.546701388888889 0.4999479166666667
6 0.89609375 0.059166666666666666 0.2078125 0.11833333333333333
6 0.7952083333333334 0.024917534722222225 0.20444444444444443 0.04983506944444445
6 0.5556076388888889 0.06848524305555556 0.21980902777777783 0.13697048611111112
6 0.4334895833333333 0.09968315972222222 0.24744791666666668 0.19936631944444444
6 0.06999999999999999 0.06328125 0.13999999999999999 0.1265625
6 0.18378472222222222 0.2993402777777778 0.18619791666666666 0.20315972222222226
6 0.052500000000000005 0.4070486111111111 0.07661458333333333 0.19604166666666673
6 0.11942708333333334 0.6284375 0.19177083333333336 0.20562500000000003
6 0.34651041666666665 0.7758854166666665 0.1956423611111111 0.20493055555555556
6 0.24664930555555556 0.8164236111111112 0.1916145833333333 0.18454861111111107
6 0.08940972222222222 0.9207986111111112 0.10381944444444444 0.15840277777777773
6 0.34118055555555554 0.9550868055555555 0.21355902777777783 0.08123263888888914
6 0.9492057291666667 0.7464236111111111 0.10158854166666664 0.22008680555555565
6 0.8561284722222222 0.8404166666666667 0.20763888888888893 0.17631944444444442
6 0.7867708333333333 0.7051041666666666 0.2211111111111112 0.19847222222222244
6 0.943125 0.9224479166666667 0.11374999999999993 0.11746527777777764
6 0.8775173611111111 0.3715104166666666 0.2319444444444443 0.19637152777777783
6 0.7121875 0.18828125 0.19463541666666676 0.21739583333333332
6 0.971640625 0.21597222222222223 0.05671874999999993 0.21623263888888894