3 0.4905150462962963 0.4930902777777778 0.647193287037037 0.6157465277777778
6 0.8305960648148147 0.11536458333333333 0.19505787037037053 0.1980208333333333
6 0.3587037037037037 0.15880208333333332 0.26028356481481474 0.22524305555555557
6 0.11907407407407407 0.08626736111111111 0.2204340277777778 0.17124999999999999
6 0.095703125 0.3701388888888889 0.19140625 0.21293402777777776
6 0.03554398148148148 0.5633680555555556 0.07108796296296296 0.17673611111111107
6 0.049633969907407406 0.7777777777777777 0.09926793981481481 0.2438194444444445
6 0.20441550925925928 0.7086805555555555 0.2148321759259259 0.21486111111111122
6 0.3861747685185185 0.8893402777777777 0.24208333333333326 0.20921875000000015
6 0.7920833333333333 0.44664930555555554 0.1719444444444445 0.21937499999999996
6 0.9255266203703704 0.35427083333333337 0.14265046296296297 0.24527777777777776
6 0.7720717592592592 0.7423958333333334 0.23591435185185183 0.21454861111111115
6 0.7932696759259259 0.9367664930555556 0.2364699074074073 0.12646701388888887