3 0.50234375 0.46953125 0.4921875 0.65625
6 0.3859375 0.16328125 0.2609375 0.18515625
5 0.67109375 0.1375 0.08359375 0.096875
6 0.4890625 0.0390625 0.23125 0.07734375
6 0.7984375 0.08125 0.2359375 0.1625
6 0.85859375 0.26328125 0.23515625 0.21875
6 0.82890625 0.48125 0.23125 0.2546875
6 0.88984375 0.76171875 0.21953125 0.2765625
6 0.6890625 0.8 0.1984375 0.19140625
6 0.4953125 0.91171875 0.2390625 0.1734375
6 0.23203125 0.89921875 0.2046875 0.1984375
6 0.20078125 0.6890625 0.21171875 0.19140625
6 0.0875 0.52578125 0.175 0.20703125
6 0.18515625 0.3 0.259375 0.221875
6 0.05390625 0.11953125 0.10703125 0.2390625