3 0.49840856481481477 0.5161284722222221 0.5291087962962964 0.5230555555555554
6 0.8883680555555555 0.9388454861111111 0.20515046296296297 0.12230902777777786
6 0.6622974537037037 0.8944618055555555 0.2088831018518519 0.20213541666666685
6 0.5809606481481481 0.9252951388888888 0.20277777777777786 0.1494097222222223
6 0.34586226851851853 0.9242925347222222 0.19406828703703702 0.15141493055555558
6 0.12384259259259259 0.9390625 0.18263888888888888 0.121875
6 0.0627025462962963 0.8077604166666668 0.07277199074074074 0.19442708333333342
6 0.20457175925925924 0.6758680555555555 0.18923611111111116 0.198576388888889
6 0.029716435185185186 0.38081597222222224 0.03799189814814815 0.18272569444444448
6 0.07398726851851853 0.18508680555555554 0.14267939814814817 0.2272048611111111
6 0.1631365740740741 0.40017361111111105 0.2088252314814815 0.20057291666666668
6 0.22754629629629627 0.3055902777777778 0.19800347222222223 0.2034548611111111
6 0.1752314814814815 0.03121527777777778 0.20199652777777777 0.05835069444444444
6 0.44777199074074076 0.03414930555555556 0.1760127314814815 0.05230902777777778
6 0.6299189814814815 0.08347222222222223 0.20827546296296298 0.1435763888888889
6 0.9343822337962961 0.05513888888888889 0.13123553240740762 0.07088541666666667
6 0.874363425925926 0.0865625 0.2174768518518519 0.13909722222222223
6 0.8605613425925925 0.3040451388888889 0.20732060185185192 0.20210069444444442
6 0.8377314814814815 0.44638888888888884 0.2182581018518519 0.24449652777777792
6 0.9728877314814814 0.5214583333333334 0.05422453703703702 0.21715277777777775
6 0.9983362268518519 0.9226215277777777 0.003327546296296191 0.1257638888888888
6 0.9439091435185185 0.7222916666666667 0.11218171296296298 0.207673611111111
6 0.880005787037037 0.7025868055555555 0.206712962962963 0.22784722222222237