3 0.5045601851851852 0.5334722222222222 0.524982638888889 0.6996296296296297
6 0.3866377314814815 0.8493692129629629 0.27551504629629625 0.20104745370370375
5 0.68625 0.8847974537037036 0.08900462962962959 0.10415509259259252
6 0.4955324074074074 0.9694039351851853 0.24247106481481479 0.06119212962962948
6 0.8206539351851851 0.9296585648148149 0.24925925925925937 0.14068287037037025
6 0.8778370949074074 0.7601388888888889 0.24432581018518534 0.2354166666666666
6 0.8457812499999999 0.5310879629629629 0.24612268518518549 0.272800925925926
6 0.8929152199074075 0.24206018518518518 0.21416956018518504 0.29386574074074073
6 0.6947685185185185 0.19472800925925923 0.210775462962963 0.20615740740740743
6 0.4893923611111111 0.0894675925925926 0.25221064814814814 0.15662615740740743
6 0.21379629629629632 0.0937962962962963 0.21743634259259262 0.18136574074074074
6 0.1855439814814815 0.29521412037037037 0.22405671296296292 0.2065509259259259
6 0.08260995370370369 0.46318287037037037 0.15397569444444445 0.2200925925925926
6 0.17515624999999999 0.7009780092592592 0.2745196759259259 0.23928240740740742
6 0.053668981481481484 0.8806640625 0.08478009259259259 0.238671875