3 0.52171875 0.4636111111111111 0.43598958333333326 0.4815219907407407
6 0.3705729166666667 0.885318287037037 0.2234375 0.21714120370370366
6 0.6238541666666666 0.8919039351851852 0.2824999999999999 0.19082175925925923
6 0.8923828125 0.9322164351851852 0.215234375 0.09267361111111114
6 0.9276562500000001 0.7841319444444445 0.14468749999999986 0.24939814814814804
6 0.8896744791666666 0.535792824074074 0.22065104166666671 0.25037615740740726
6 0.7611979166666667 0.2514236111111111 0.24395833333333333 0.25595486111111115
6 0.93484375 0.21930555555555556 0.13031250000000014 0.23537037037037037
6 0.61453125 0.06999565972222223 0.2633854166666666 0.13999131944444446
6 0.28213541666666664 0.11653935185185185 0.2658333333333333 0.2330787037037037
6 0.10260416666666668 0.07421875 0.20520833333333335 0.1484375
6 0.05536458333333333 0.39601851851851855 0.07458333333333333 0.2532754629629629
6 0.20463541666666668 0.46282986111111113 0.24416666666666664 0.2473842592592593
6 0.19578125000000002 0.7057581018518518 0.2927604166666667 0.2745543981481481
6 0.12302083333333332 0.89421875 0.1404166666666667 0.21156250000000015