3 0.54140625 0.5302372685185185 0.6014583333333334 0.6602546296296297
6 0.8901041666666666 0.8643460648148149 0.21979166666666677 0.2308217592592591
6 0.8732291666666667 0.9220572916666667 0.25354166666666667 0.15588541666666664
6 0.26989583333333333 0.8018865740740739 0.2223958333333334 0.2295254629629632
5 0.7616145833333333 0.6452025462962963 0.09385416666666675 0.0998495370370371
5 0.08229166666666668 0.7789236111111111 0.06625 0.09452546296296305
6 0.24463541666666666 0.34123263888888894 0.2140104166666667 0.2672395833333333
6 0.09203125 0.387818287037037 0.15052083333333333 0.28418981481481487
6 0.48348958333333336 0.1402951388888889 0.3234375 0.22697916666666665
6 0.7934895833333333 0.0956423611111111 0.2744791666666666 0.12322916666666668
6 0.9304557291666666 0.5335358796296297 0.13908854166666665 0.23116319444444447
6 0.9622916666666667 0.4096180555555556 0.07541666666666665 0.22196759259259266
6 0.7745833333333334 0.48938657407407404 0.2512499999999999 0.26527777777777783
6 0.8081770833333334 0.6312673611111111 0.23364583333333327 0.2698148148148148
6 0.10739583333333333 0.8752083333333334 0.11078125000000001 0.20193865740740727
6 0.4208333333333334 0.9750086805555555 0.23385416666666678 0.04998263888888914
6 0.34869791666666666 0.03365162037037037 0.1802083333333333 0.04048611111111111
6 0.9849479166666667 0.9891608796296296 0.030104166666666644 0.021678240740740762