3 0.5193923611111111 0.5467881944444445 0.597644675925926 0.7805844907407409
6 0.9114901620370371 0.8949291087962962 0.17701967592592566 0.2101417824074076
6 0.8016203703703703 0.8938802083333334 0.214201388888889 0.2122395833333332
6 0.5418287037037037 0.9162254050925925 0.24833912037037037 0.16754918981481487
6 0.3070717592592592 0.960988136574074 0.27097800925925924 0.07802372685185191
6 0.12292245370370372 0.8883101851851851 0.23351851851851851 0.21796875
6 0.29094907407407405 0.8031539351851851 0.21747106481481487 0.26519097222222215
6 0.10844328703703703 0.7256076388888889 0.20745370370370372 0.17777777777777787
6 0.1318287037037037 0.5094907407407407 0.1968287037037037 0.32456597222222217
6 0.09009259259259259 0.25107060185185187 0.1785011574074074 0.27479745370370373
6 0.2689525462962963 0.2580729166666667 0.20649305555555558 0.258912037037037
6 0.6501331018518519 0.17152777777777778 0.23293402777777777 0.24447337962962962
6 0.4521643518518518 0.11469907407407409 0.1863599537037036 0.17621527777777776
6 0.26689236111111114 0.08535879629629631 0.26268518518518513 0.1498553240740741
6 0.06850694444444444 0.07769097222222222 0.13623263888888887 0.15532407407407406
6 0.8825057870370371 0.12939814814814815 0.2243865740740741 0.1446759259259259
6 0.8579571759259259 0.1884837962962963 0.23965277777777771 0.20280671296296293
6 0.7937847222222223 0.3797164351851852 0.2509837962962962 0.2567418981481481
6 0.7564641203703703 0.6119791666666667 0.22126157407407412 0.24985532407407404