3 0.4803703703703704 0.48582175925925924 0.4102314814814815 0.4561516203703704
6 0.883236400462963 0.3555439814814815 0.233527199074074 0.2842476851851852
6 0.6699884259259259 0.23307291666666669 0.2423668981481482 0.24941550925925923
6 0.20112847222222224 0.35152199074074075 0.21145254629629626 0.18745370370370376
6 0.11340856481481483 0.5380497685185185 0.21973379629629627 0.25119791666666663
6 0.31744212962962964 0.7541840277777777 0.25233217592592594 0.22423611111111103
6 0.5328125 0.8125462962962964 0.2228067129629629 0.24435185185185163
6 0.7613483796296296 0.8544965277777777 0.23117476851851854 0.2143923611111113
6 0.5697453703703703 0.9447916666666666 0.21828703703703703 0.055885416666666646
6 0.07417824074074074 0.9397685185185185 0.13442129629629632 0.11963541666666658
6 0.2993576388888889 0.013587962962962963 0.2502777777777778 0.027175925925925926
6 0.93203125 0.05017939814814816 0.1359375 0.10035879629629632
6 0.20418402777777778 0.13093171296296297 0.29074652777777776 0.24447337962962962
6 0.9424768518518519 0.5794155092592593 0.11504629629629619 0.27734953703703696
6 0.7775289351851852 0.6120254629629629 0.1914930555555557 0.23390625000000007
6 0.9772164351851853 0.8469560185185185 0.04556712962962948 0.1936805555555555
6 0.0681712962962963 0.7619212962962962 0.12685185185185185 0.2574074074074074