3 0.49711805555555555 0.47792824074074075 0.41609374999999993 0.6044965277777777
6 0.8124826388888888 0.9074016203703703 0.21005208333333342 0.11155671296296318
6 0.2769270833333333 0.917181712962963 0.18663194444444448 0.14623842592592595
6 0.06394097222222221 0.6599479166666666 0.10211805555555556 0.20584490740740743
6 0.03197916666666667 0.9111111111111111 0.026041666666666664 0.11840277777777786
6 0.2565451388888889 0.24637152777777777 0.1877083333333333 0.19467592592592595
6 0.15008680555555556 0.0729224537037037 0.20017361111111112 0.1458449074074074
6 0.012708333333333332 0.11431712962962963 0.022934027777777775 0.1541377314814815
6 0.9313454861111111 0.4917997685185185 0.1373090277777777 0.22636574074074076
6 0.7921701388888889 0.34530671296296295 0.1845659722222221 0.26396412037037037
6 0.8757682291666666 0.18517939814814813 0.24846354166666665 0.194994212962963
6 0.8519791666666666 0.0344212962962963 0.20083333333333328 0.0688425925925926
5 0.4894444444444444 0.09741898148148148 0.09164930555555557 0.08590856481481482