3 0.523732638888889 0.4922048611111111 0.6004513888888889 0.6108217592592593
6 0.14122685185185185 0.6992592592592592 0.21413194444444444 0.23783564814814823
6 0.37148726851851854 0.7437210648148148 0.2154629629629629 0.21842592592592586
6 0.3813020833333334 0.9178993055555555 0.28250578703703705 0.14398726851851862
6 0.13833333333333334 0.9304976851851852 0.18641203703703707 0.13900462962962976
6 0.6915104166666668 0.8877141203703705 0.2613078703703703 0.17093750000000013
6 0.754201388888889 0.797511574074074 0.24153935185185188 0.21042824074074068
6 0.9161067708333335 0.8058391203703703 0.16778645833333314 0.23178819444444443
6 0.8242476851851851 0.6074421296296296 0.2641840277777778 0.22640624999999998
6 0.9002314814814815 0.290162037037037 0.18313657407407397 0.22609953703703703
6 0.8623900462962963 0.36105902777777776 0.21076388888888892 0.23298611111111106
6 0.9188107638888889 0.08883391203703703 0.1623784722222222 0.17766782407407405
6 0.7890277777777778 0.026889467592592593 0.2171180555555555 0.05377893518518519
6 0.4879861111111111 0.09472222222222222 0.20511574074074074 0.18944444444444444
6 0.14899305555555556 0.12387731481481482 0.1918865740740741 0.18447916666666667
5 0.3394675925925926 0.30748842592592596 0.09844907407407408 0.09548611111111108
5 0.02975694444444445 0.12065972222222224 0.051493055555555556 0.09149305555555554
6 0.18898726851851852 0.3513252314814815 0.21311921296296296 0.21830439814814823
6 0.06154513888888889 0.5373206018518518 0.08015046296296295 0.2534837962962964
6 0.9723307291666667 0.501736111111111 0.05533854166666643 0.22826967592592595