3 0.50546875 0.4703125 0.5453125 0.5578125
6 0.13125 0.29140625 0.19296875 0.21796875
6 0.34765625 0.2375 0.19609375 0.19921875
6 0.35 0.06640625 0.26328125 0.1328125
6 0.1015625 0.06640625 0.203125 0.13203125
6 0.646875 0.0796875 0.24375 0.159375
6 0.709375 0.1671875 0.22109375 0.18984375
6 0.89375 0.15078125 0.2078125 0.2125
6 0.78671875 0.3453125 0.2421875 0.2046875
6 0.87421875 0.64453125 0.1640625 0.20859375
6 0.834375 0.57890625 0.190625 0.2140625
6 0.91484375 0.86015625 0.1703125 0.2109375
6 0.78359375 0.940625 0.20234375 0.11875
6 0.49140625 0.85625 0.18671875 0.18125
6 0.16640625 0.840625 0.175 0.16796875
5 0.33828125 0.65625 0.08984375 0.08671875
5 0.05 0.8515625 0.053125 0.08359375
6 0.19296875 0.621875 0.19296875 0.19921875
6 0.0484375 0.4515625 0.096875 0.2390625
6 0.95546875 0.43828125 0.08828125 0.21484375