3 0.4499537037037037 0.5575983796296297 0.49556134259259255 0.5203414351851853
6 0.8951909722222222 0.11403935185185185 0.20961805555555557 0.1341898148148148
6 0.6709432870370371 0.2610474537037037 0.20513310185185177 0.2002719907407407
6 0.8871874999999999 0.39037037037037037 0.21794560185185183 0.2221064814814815
6 0.9291030092592593 0.6751331018518518 0.1265625 0.21825231481481494
6 0.8624131944444444 0.6375578703703704 0.17873263888888893 0.2096354166666668
6 0.9556886574074074 0.8862673611111112 0.06674768518518519 0.18504629629629613
6 0.7070659722222222 0.9649768518518519 0.22188657407407392 0.07004629629629626
6 0.667667824074074 0.7988252314814814 0.22332175925925918 0.21618055555555546
6 0.5498321759259259 0.8356307870370371 0.2623668981481483 0.27001157407407417
6 0.17760416666666667 0.8902025462962962 0.198744212962963 0.19052662037037038
6 0.07487847222222223 0.8602372685185184 0.14975694444444446 0.21109953703703682
6 0.05923032407407407 0.6420312499999999 0.11846064814814813 0.19031249999999994
6 0.022682291666666667 0.30690393518518516 0.04536458333333333 0.19896412037037034
6 0.2267939814814815 0.2089236111111111 0.22896412037037034 0.22822337962962963
6 0.2819675925925926 0.2849131944444444 0.21542824074074077 0.21024884259259266
6 0.40946180555555556 0.07118055555555555 0.22170138888888893 0.10680555555555556
6 0.270167824074074 0.07856481481481482 0.1963831018518519 0.13652777777777778