3 0.4657523148148148 0.4687847222222222 0.5790682870370369 0.5427256944444444
6 0.2064814814814815 0.7133333333333333 0.20304398148148142 0.21364583333333337
6 0.7849305555555557 0.5888888888888889 0.23115740740740734 0.22909722222222229
6 0.8764409722222222 0.5096006944444444 0.204826388888889 0.24802083333333336
6 0.8036805555555556 0.27243055555555556 0.22568865740740734 0.2289756944444444
6 0.9489525462962962 0.16463541666666665 0.09349537037037052 0.22291666666666665
6 0.9355034722222222 0.013732638888888888 0.1289930555555557 0.027465277777777776
6 0.5499710648148148 0.10873263888888889 0.24379050925925938 0.2168923611111111
6 0.37654513888888885 0.027526041666666667 0.22972222222222224 0.055052083333333335
6 0.06328125 0.11328125 0.1265625 0.2265625
6 0.14767361111111113 0.2823263888888889 0.2006712962962963 0.1979861111111111
6 0.03395254629629629 0.46154513888888893 0.06790509259259259 0.2464236111111111
6 0.10735532407407407 0.5105729166666666 0.21471064814814814 0.21288194444444458
6 0.04706741898148148 0.7212500000000001 0.09413483796296296 0.19734374999999993
6 0.8693055555555557 0.7977083333333332 0.18758101851851877 0.21642361111111122
6 0.6295775462962963 0.9513020833333332 0.2269212962962964 0.072152777777778
6 0.08187065972222221 0.9640451388888888 0.16374131944444442 0.07189236111111086