3 0.4286574074074074 0.4419675925925926 0.6002314814814815 0.7710300925925925
6 0.8679803240740741 0.05950231481481481 0.2577893518518518 0.11900462962962963
6 0.6804050925925926 0.02579861111111111 0.22668981481481473 0.05159722222222222
6 0.301417824074074 0.10836226851851852 0.23520254629629633 0.21672453703703703
6 0.0917650462962963 0.020008680555555554 0.16490740740740742 0.04001736111111111
6 0.10522569444444445 0.14288773148148148 0.2104513888888889 0.18609953703703702
6 0.2006828703703704 0.31982638888888887 0.18493055555555554 0.22922453703703702
6 0.01582175925925926 0.5086979166666666 0.03164351851851852 0.19276041666666668
6 0.14629629629629629 0.5804456018518518 0.20313078703703705 0.23406249999999992
6 0.06495370370370371 0.7035185185185184 0.12990740740740742 0.21874421296296304
6 0.027158564814814816 0.9222858796296297 0.05431712962962963 0.15542824074074063
6 0.2338136574074074 0.8516203703703702 0.20489583333333333 0.2769907407407409
6 0.467650462962963 0.9142650462962962 0.20225694444444448 0.12731481481481452
6 0.5167997685185185 0.9654571759259258 0.1809780092592593 0.01795138888888914
6 0.8300810185185185 0.9492129629629631 0.2044155092592593 0.019166666666666998
6 0.9092361111111111 0.9014930555555555 0.0737094907407407 0.10039930555555543
6 0.7364583333333333 0.7679224537037037 0.23499999999999996 0.28556134259259275
6 0.8583391203703703 0.6432175925925925 0.21716435185185184 0.2737326388888889
6 0.919988425925926 0.4834722222222222 0.10502314814814824 0.14252314814814823
6 0.9165104166666665 0.2398726851851852 0.14684027777777758 0.24360532407407404