3 0.52734375 0.5171875 0.475 0.4765625
6 0.1015625 0.0609375 0.203125 0.12109375
6 0.3171875 0.2171875 0.196875 0.18203125
6 0.1046875 0.3296875 0.209375 0.203125
6 0.06015625 0.603125 0.1203125 0.2046875
6 0.125 0.57109375 0.1703125 0.19296875
6 0.03125 0.80703125 0.0625 0.17578125
6 0.27265625 0.9359375 0.2140625 0.12734375
6 0.3125 0.73828125 0.2140625 0.196875
6 0.42578125 0.78046875 0.2515625 0.246875
6 0.78671875 0.85546875 0.190625 0.1734375
6 0.90859375 0.83515625 0.1828125 0.1953125
6 0.925 0.62265625 0.15 0.1765625
6 0.9625 0.29921875 0.075 0.18984375
6 0.98828125 0.0515625 0.0234375 0.10078125
6 0.7484375 0.1921875 0.21953125 0.20859375
6 0.69453125 0.2625 0.20625 0.19140625
6 0.575 0.04921875 0.2140625 0.09296875
6 0.709375 0.06328125 0.1875 0.12578125