3 0.53359375 0.48626157407407417 0.534375 0.7448958333333333
6 0.13359375 0.08739583333333333 0.23828125 0.17329282407407406
6 0.31640625 0.06015625 0.21328125 0.09855902777777778
6 0.675 0.16078125000000001 0.2140625 0.21578703703703708
6 0.69296875 0.04452546296296296 0.159375 0.02545138888888888
6 0.88203125 0.06995370370370371 0.15625 0.05575810185185186
6 0.87421875 0.20079861111111114 0.2125 0.1805497685185185
6 0.76015625 0.36832175925925925 0.16484375 0.22104745370370366
6 0.95859375 0.5512673611111112 0.08203125 0.18784722222222214
6 0.79765625 0.6194849537037037 0.1828125 0.22588541666666656
6 0.90625 0.7391782407407408 0.1875 0.21284722222222213
6 0.9359375 0.9374479166666667 0.128125 0.12510416666666657
6 0.69921875 0.8753486689814813 0.18125 0.24930266203703724
6 0.46875 0.9403862847222222 0.1875 0.11922743055555571
6 0.41875 0.9916160300925926 0.1734375 0.01676793981481488
6 0.11796875 0.9835243055555555 0.19609375 0.032951388888889
6 0.03828125 0.940625 0.0765625 0.11875
6 0.21796875 0.8011458333333333 0.209375 0.2757002314814816
6 0.10234375 0.680306712962963 0.2046875 0.26451967592592585
6 0.05234375 0.5269328703703703 0.1046875 0.1382407407407406
6 0.06953125 0.29032407407407407 0.1390625 0.23611689814814812