3 0.50234375 0.50859375 0.3890625 0.41484375
6 0.11640625 0.40859375 0.22734375 0.25859375
6 0.3203125 0.278125 0.23046875 0.22578125
6 0.76875 0.36484375 0.20078125 0.16796875
6 0.86796875 0.5390625 0.23515625 0.228125
6 0.6609375 0.7578125 0.2390625 0.20078125
6 0.4546875 0.82578125 0.21171875 0.221875
6 0.2390625 0.89140625 0.22109375 0.2171875
6 0.421875 0.9671875 0.209375 0.065625
6 0.915625 0.934375 0.16796875 0.13125
6 0.67265625 0.0265625 0.2390625 0.053125
6 0.06640625 0.08125 0.1328125 0.1625
6 0.7640625 0.153125 0.2765625 0.21796875
6 0.05859375 0.6265625 0.1171875 0.259375
6 0.2203125 0.64765625 0.18125 0.2140625
6 0.0265625 0.8921875 0.053125 0.1984375
6 0.98515625 0.11796875 0.02890625 0.13359375
6 0.9765625 0.4546875 0.04609375 0.17421875
6 0.91953125 0.75078125 0.1609375 0.2390625