3 0.48585069444444445 0.5596412037037036 0.5659722222222221 0.5901273148148147
6 0.10500578703703703 0.7163715277777778 0.2010416666666667 0.22940393518518523
6 0.31941550925925927 0.7831018518518519 0.20347222222222214 0.2108391203703704
6 0.3154224537037037 0.9400636574074074 0.2682002314814815 0.1198726851851852
6 0.08549623842592594 0.9337890625 0.17099247685185187 0.132421875
6 0.6127893518518519 0.9358680555555555 0.24965277777777786 0.128263888888889
6 0.6785300925925926 0.874849537037037 0.228125 0.20294560185185162
6 0.8622974537037038 0.8948871527777778 0.21568287037037023 0.2102256944444445
6 0.7624710648148147 0.7013078703703703 0.2497685185185185 0.21903935185185192
6 0.8610532407407409 0.40727430555555555 0.1717881944444443 0.21831597222222215
6 0.8187789351851851 0.47053819444444445 0.19855324074074082 0.22535879629629624
6 0.9096643518518519 0.19405671296296295 0.178125 0.2210300925925926
6 0.7813946759259259 0.10581018518518517 0.20674189814814808 0.13074074074074074
6 0.48608217592592595 0.17287037037037037 0.19343171296296297 0.19231481481481483
6 0.16050347222222222 0.1692361111111111 0.1812210648148148 0.17833912037037036
5 0.3255497685185185 0.3637962962962963 0.09305555555555553 0.09204282407407405
5 0.044502314814814814 0.15140046296296297 0.056221064814814814 0.08674189814814817
6 0.17896412037037038 0.3895601851851852 0.20034722222222223 0.21065393518518513
6 0.04049479166666666 0.5513078703703703 0.08098958333333332 0.2448032407407407
6 0.9346643518518519 0.6183391203703703 0.09623842592592595 0.2200752314814814