3 0.509375 0.4890625 0.4421875 0.42265625
6 0.17265625 0.11640625 0.18359375 0.19140625
6 0.24296875 0.28984375 0.1921875 0.23359375
6 0.3625 0.0609375 0.25859375 0.12109375
6 0.57265625 0.11328125 0.19609375 0.17421875
6 0.8453125 0.12890625 0.1796875 0.20078125
6 0.92890625 0.19453125 0.14140625 0.19921875
6 0.903125 0.46796875 0.17578125 0.20078125
6 0.80390625 0.64140625 0.18671875 0.196875
6 0.7609375 0.840625 0.2078125 0.1625
6 0.94765625 0.91875 0.1046875 0.16171875
6 0.528125 0.93359375 0.24453125 0.13203125
6 0.4140625 0.8015625 0.20078125 0.19453125
6 0.22109375 0.9140625 0.1984375 0.171875
6 0.1421875 0.71875 0.2046875 0.196875
6 0.18203125 0.50078125 0.20234375 0.20625
6 0.034375 0.56796875 0.06875 0.20234375
6 0.0828125 0.3125 0.165625 0.18515625
6 0.9984375 0.50625 0.003125 0.0265625
6 0.9984375 0.79609375 0.003125 0.40703125
6 0.03359375 0.128125 0.06640625 0.1625