3 0.52421875 0.4640625 0.52265625 0.69921875
6 0.13359375 0.08671875 0.23359375 0.1734375
6 0.31171875 0.0515625 0.2078125 0.103125
6 0.6625 0.1390625 0.209375 0.19921875
6 0.6828125 0.01796875 0.15625 0.03515625
6 0.8671875 0.03203125 0.15234375 0.0640625
6 0.8578125 0.16796875 0.2078125 0.165625
6 0.74609375 0.3375 0.16171875 0.20703125
6 0.95 0.50703125 0.09921875 0.17734375
6 0.78203125 0.58046875 0.17890625 0.2109375
6 0.89375 0.69296875 0.1890625 0.196875
6 0.92734375 0.91328125 0.1453125 0.1734375
6 0.68671875 0.84765625 0.17734375 0.259375
6 0.46328125 0.92734375 0.1828125 0.13671875
6 0.41328125 0.97890625 0.1703125 0.0421875
6 0.11875 0.97890625 0.190625 0.0421875
6 0.03984375 0.93828125 0.0796875 0.1234375
6 0.21640625 0.78671875 0.2046875 0.25859375
6 0.1015625 0.675 0.203125 0.24765625
6 0.05390625 0.52890625 0.10703125 0.13125
6 0.06953125 0.296875 0.1390625 0.22421875