3 0.5109375 0.5046875 0.52109375 0.50234375
6 0.27734375 0.27734375 0.18125 0.1984375
6 0.81796875 0.3828125 0.2078125 0.2125
6 0.90625 0.4578125 0.1875 0.23125
6 0.82109375 0.68359375 0.20234375 0.2125
6 0.9578125 0.78359375 0.084375 0.20859375
6 0.93671875 0.9578125 0.1265625 0.084375
6 0.57265625 0.84453125 0.21953125 0.20078125
6 0.40390625 0.95078125 0.2140625 0.0984375
6 0.08359375 0.8671875 0.16640625 0.246875
6 0.20078125 0.6875 0.1796875 0.18359375
6 0.06484375 0.521875 0.1296875 0.23359375
6 0.16171875 0.471875 0.215625 0.196875
6 0.084375 0.275 0.16875 0.184375
6 0.9125 0.18515625 0.175 0.19921875
6 0.69140625 0.0375 0.21015625 0.075
6 0.0359375 0.0859375 0.07109375 0.171875
6 0.14453125 0.0375 0.209375 0.075
5 0.83359375 0.975 0.0796875 0.05