3 0.49762152777777774 0.49494791666666665 0.5949826388888889 0.76203125
6 0.8980902777777778 0.13125 0.200642361111111 0.2528645833333333
6 0.7785590277777777 0.13921875 0.2128298611111111 0.23963541666666668
6 0.5262326388888889 0.10651041666666668 0.24673611111111118 0.21302083333333335
6 0.29772569444444447 0.06161458333333334 0.2670486111111111 0.12322916666666668
6 0.11567708333333333 0.15630208333333334 0.23135416666666667 0.21239583333333334
6 0.27861111111111114 0.24041666666666667 0.21637152777777774 0.25859375
6 0.10121527777777777 0.31494791666666666 0.20243055555555553 0.17322916666666668
6 0.11852430555555556 0.5288020833333333 0.19661458333333331 0.31734375000000004
6 0.08173177083333334 0.78234375 0.16346354166666668 0.26890625
6 0.24953124999999998 0.77671875 0.20532986111111118 0.2531770833333333
6 0.6206944444444444 0.8541666666666667 0.2287847222222222 0.22041666666666657
6 0.4261111111111111 0.9045833333333334 0.18416666666666667 0.143333333333333
6 0.24451388888888886 0.9322916666666667 0.2576909722222222 0.11703125000000014
6 0.059687500000000004 0.9383333333333332 0.11937500000000001 0.12333333333333343
6 0.8468229166666668 0.8936979166666668 0.22090277777777773 0.11145833333333358
6 0.8228472222222223 0.8492708333333333 0.236857638888889 0.19755208333333343
6 0.7630729166666667 0.6605729166666666 0.24895833333333323 0.25062500000000015
6 0.7299131944444446 0.43265624999999996 0.21994791666666663 0.24401041666666679