3 0.5296875 0.4859375 0.46171875 0.5390625
6 0.0921875 0.3046875 0.18125 0.23359375
6 0.21328125 0.16953125 0.17734375 0.18359375
6 0.42265625 0.0890625 0.22890625 0.178125
6 0.74765625 0.20234375 0.2078125 0.178125
6 0.8890625 0.36015625 0.221875 0.2265625
6 0.90234375 0.68359375 0.1953125 0.2171875
6 0.93671875 0.8984375 0.1265625 0.171875
6 0.64296875 0.95703125 0.1796875 0.0859375
6 0.38359375 0.8734375 0.1828125 0.253125
6 0.16171875 0.85703125 0.2140625 0.2140625
6 0.02890625 0.56796875 0.0578125 0.2296875
6 0.153125 0.56875 0.2140625 0.21875
6 0.0875 0.05390625 0.175 0.1078125
6 0.6015625 0.02578125 0.153125 0.05078125
5 0.55 0.9046875 0.075 0.08515625