3 0.4563020833333334 0.5341145833333334 0.41701967592592587 0.41987847222222213
6 0.6259548611111111 0.9097800925925925 0.2767939814814813 0.1804398148148149
6 0.2030960648148148 0.8875 0.23198495370370367 0.225
6 0.08584490740740741 0.6952835648148148 0.17168981481481482 0.21791087962962957
6 0.24069444444444446 0.9521412037037038 0.25627314814814817 0.09571759259259238
6 0.06264467592592593 0.890625 0.12528935185185186 0.21875
6 0.07632523148148149 0.4395543981481481 0.15265046296296297 0.31973379629629617
6 0.13430555555555557 0.4350983796296296 0.22538194444444443 0.292650462962963
6 0.19306712962962963 0.19594907407407408 0.23321180555555557 0.26750578703703703
6 0.46749999999999997 0.1826099537037037 0.2566030092592593 0.2676793981481481
6 0.7132696759259259 0.10607638888888889 0.34064814814814814 0.13125
6 0.9336516203703702 0.12005208333333335 0.13269675925925953 0.1111689814814815
6 0.8533564814814815 0.2667824074074074 0.1978877314814813 0.23292824074074076
6 0.7545833333333334 0.3236689814814815 0.19837384259259264 0.24933449074074082
6 0.7908564814814815 0.5792534722222222 0.2560590277777777 0.30193865740740744
6 0.7937905092592592 0.7180555555555556 0.270914351851852 0.2508101851851851
6 0.929675925925926 0.862008101851852 0.09951967592592581 0.22798032407407404