3 0.5103645833333333 0.5644791666666666 0.4759722222222223 0.5092187500000002
6 0.8234895833333333 0.49421875000000004 0.21486111111111122 0.24255208333333336
6 0.8476215277777778 0.6866666666666668 0.23954861111111114 0.23718749999999994
6 0.6950694444444444 0.8470833333333333 0.23776041666666678 0.24953125000000007
6 0.42835069444444446 0.8844270833333333 0.2711458333333333 0.23114583333333344
6 0.6348263888888889 0.9751171875000001 0.24345486111111114 0.049765624999999855
6 0.34130208333333334 0.7915625000000001 0.23350694444444448 0.20640624999999985
6 0.16390625 0.8935416666666667 0.23526041666666667 0.21291666666666664
6 0.2365972222222222 0.6615104166666667 0.20295138888888892 0.25500000000000006
6 0.08043402777777778 0.6355208333333333 0.11868055555555554 0.32182291666666674
6 0.11897569444444445 0.41609375000000004 0.21128472222222222 0.23218750000000005
6 0.2969097222222222 0.2659375 0.26640625 0.26312499999999994
6 0.043906249999999994 0.19921875 0.08104166666666666 0.24609375
6 0.09960069444444444 0.12036458333333333 0.19916666666666666 0.23994791666666665
6 0.19822916666666665 0.07864583333333333 0.24333333333333332 0.14708333333333334
6 0.6197916666666666 0.20489583333333333 0.25630208333333326 0.24609375
5 0.8231076388888889 0.31036458333333333 0.09913194444444429 0.09229166666666666
5 0.5545312499999999 0.050989583333333345 0.10828124999999993 0.03526041666666666
6 0.9350260416666668 0.3105729166666667 0.12994791666666644 0.23640625
6 0.9817361111111111 0.5930208333333333 0.036527777777777715 0.3129166666666666
6 0.9937586805555554 0.9011588541666666 0.012482638888889142 0.19768229166666665
6 0.855642361111111 0.13104166666666667 0.26440972222222214 0.165625