3 0.5376736111111111 0.5473784722222221 0.43122106481481487 0.45447916666666666
6 0.2513310185185185 0.6543923611111111 0.21307870370370371 0.21155671296296283
6 0.1960648148148148 0.4264409722222222 0.23107638888888887 0.23394097222222232
6 0.2652488425925926 0.18734953703703702 0.23602430555555554 0.2411111111111111
6 0.5114872685185186 0.1985474537037037 0.22366898148148148 0.2025057870370371
6 0.8111979166666666 0.09427083333333333 0.23799189814814808 0.14674189814814814
6 0.9583622685185185 0.14947337962962964 0.08327546296296298 0.1853125
6 0.8804325810185185 0.4009027777777778 0.23913483796296298 0.2549247685185184
6 0.8479166666666667 0.6642650462962962 0.23605324074074083 0.24189236111111115
6 0.9680338541666668 0.7267939814814814 0.06393229166666643 0.21114004629629618
6 0.7015335648148149 0.8206886574074075 0.23298611111111106 0.24336226851851847
5 0.821585648148148 0.9735923032407406 0.10353009259259274 0.05281539351851876
6 0.05726273148148149 0.30292824074074076 0.10138888888888889 0.25116898148148153
6 0.08434606481481481 0.10707175925925927 0.16869212962962962 0.21414351851851854
6 0.21909722222222222 0.05799768518518518 0.2655381944444445 0.11087962962962963
6 0.06449652777777778 0.5825231481481481 0.09641203703703705 0.2853587962962962
6 0.655150462962963 0.9691030092592593 0.2450231481481481 0.06179398148148145
6 0.9658275462962962 0.9617476851851852 0.06834490740740762 0.07650462962962976