3 0.5019907407407407 0.4833449074074075 0.5992303240740743 0.5456481481481482
6 0.15242476851851852 0.3062847222222222 0.26064814814814813 0.19904513888888883
6 0.16164351851851852 0.5801099537037038 0.20989583333333334 0.252204861111111
6 0.34651041666666665 0.805 0.2848032407407407 0.24817708333333321
6 0.6930787037037037 0.7627141203703703 0.22028935185185183 0.21581018518518516
6 0.8679166666666667 0.8738888888888889 0.21623263888888894 0.2055381944444445
6 0.8447858796296297 0.5903240740740741 0.1920370370370371 0.20638310185185188
6 0.910329861111111 0.3830034722222222 0.16991319444444458 0.24164930555555558
6 0.8457465277777778 0.20921296296296296 0.24685185185185182 0.2165972222222222
6 0.6120428240740741 0.17084490740740738 0.2962731481481482 0.1790162037037037
6 0.3880324074074074 0.06537037037037037 0.21846643518518521 0.13074074074074074
6 0.6071064814814815 0.04020833333333333 0.2115682870370371 0.08041666666666666
6 0.772980324074074 0.07398726851851853 0.2540393518518519 0.14797453703703706
6 0.09375 0.1109375 0.1875 0.221875
6 0.20916666666666667 0.012094907407407407 0.15354166666666663 0.024189814814814813
6 0.02984664351851852 0.6177546296296297 0.05969328703703704 0.22777199074074073
6 0.05708333333333333 0.8637731481481481 0.11416666666666667 0.2724537037037038
6 0.1955671296296296 0.9258275462962964 0.1918576388888889 0.14156249999999987
6 0.40234375 0.936880787037037 0.2093055555555555 0.10693865740740734
6 0.6344444444444445 0.925318287037037 0.2360185185185184 0.11788194444444429