3 0.5379918981481481 0.5186979166666666 0.5990277777777777 0.5362152777777778
6 0.1889236111111111 0.32163194444444443 0.2586284722222222 0.1961631944444445
6 0.2178993055555556 0.5870659722222222 0.21177662037037043 0.2470659722222223
6 0.4116087962962963 0.8185243055555557 0.2840162037037036 0.24326388888888886
6 0.7425694444444444 0.8020659722222222 0.22058449074074069 0.21161458333333344
6 0.9065943287037037 0.9117578125 0.18681134259259266 0.17648437500000008
6 0.8759548611111111 0.646701388888889 0.19355902777777773 0.20262152777777764
6 0.9189409722222223 0.45138888888888895 0.16211805555555542 0.23689236111111106
6 0.8494155092592592 0.27774305555555556 0.2463657407407407 0.2127604166666667
6 0.6226041666666667 0.2240277777777778 0.29179976851851847 0.17737847222222225
6 0.39736689814814813 0.09168402777777779 0.21656249999999994 0.1568923611111111
6 0.6070543981481482 0.07996527777777777 0.20864004629629634 0.11524305555555556
6 0.7692939814814814 0.12223958333333333 0.2518229166666666 0.18651041666666662
6 0.10800347222222222 0.12635416666666666 0.21434027777777778 0.2245833333333333
6 0.22312500000000002 0.03095486111111111 0.14859375000000002 0.048680555555555546
6 0.08009259259259258 0.6152256944444444 0.09949652777777777 0.21947916666666673
6 0.12128472222222222 0.86015625 0.15719907407407407 0.2796875
6 0.2750810185185185 0.9272786458333332 0.1917476851851852 0.14544270833333356
6 0.476099537037037 0.9485329861111111 0.20616319444444448 0.10293402777777771
6 0.6976967592592592 0.9484895833333333 0.23249999999999993 0.10302083333333342