3 0.5625173611111112 0.47901041666666666 0.4301388888888889 0.3999305555555555
6 0.36041666666666666 0.09638888888888889 0.2833333333333333 0.18953703703703703
6 0.7911979166666667 0.1066087962962963 0.23942708333333335 0.2032696759259259
6 0.9180208333333333 0.2888020833333333 0.16395833333333343 0.2090856481481481
6 0.7485069444444444 0.04225115740740741 0.26029513888888883 0.07534143518518518
6 0.934375 0.1006712962962963 0.13125 0.1884722222222222
6 0.9374826388888888 0.5490682870370371 0.12503472222222242 0.3135532407407407
6 0.8893880208333333 0.5572337962962963 0.22122395833333322 0.28288773148148144
6 0.8542013888888889 0.8037210648148149 0.24100694444444457 0.256388888888889
6 0.5776041666666666 0.8360358796296297 0.2651562500000001 0.255005787037037
6 0.33381944444444445 0.9371643518518518 0.34937500000000005 0.12567129629629648
6 0.10973958333333333 0.9400390625 0.14125000000000001 0.119921875
6 0.1805729166666667 0.7768634259259259 0.20442708333333334 0.22409722222222223
6 0.27612847222222225 0.7127488425925925 0.20519097222222218 0.24128472222222222
6 0.22017361111111114 0.4553877314814815 0.26515625 0.29015046296296293
6 0.20689236111111114 0.31471064814814814 0.27920138888888896 0.23714699074074072
6 0.05628472222222223 0.1769212962962963 0.10687500000000001 0.22571759259259258