3 0.5057291666666666 0.4921875 0.3747511574074075 0.43984375
6 0.1736342592592593 0.46796875 0.22107638888888886 0.23671875
6 0.8106655092592593 0.51015625 0.23239004629629606 0.27578125
6 0.8434548611111111 0.3 0.26165509259259245 0.23515625
6 0.9155092592592592 0.21484375 0.16381944444444443 0.25546875
6 0.3866956018518518 0.10625 0.2500462962962963 0.2125
6 0.4924537037037037 0.04375 0.27290509259259255 0.0875
6 0.16054976851851852 0.19765625 0.2926736111111111 0.22734375
6 0.1060546875 0.11328125 0.212109375 0.2265625
6 0.33723379629629624 0.8 0.2688599537037037 0.29375
6 0.6204050925925927 0.94609375 0.2594444444444445 0.1078125
5 0.5537442129629631 0.84921875 0.0826041666666665 0.0984375
6 0.8582812499999999 0.90703125 0.2289467592592594 0.1859375
6 0.1423611111111111 0.890625 0.23302083333333332 0.21796875
6 0.03565538194444444 0.53203125 0.07131076388888888 0.3140625
6 0.02166087962962963 0.81484375 0.04332175925925926 0.2296875