3 0.47641782407407407 0.47395254629629624 0.3630381944444444 0.43489004629629624
6 0.16357060185185185 0.46679976851851845 0.21396990740740743 0.23471064814814824
6 0.7638483796296296 0.4754108796296297 0.2252488425925927 0.2719155092592594
6 0.7999594907407408 0.27485532407407404 0.25217013888888895 0.23513310185185182
6 0.8922916666666666 0.19215277777777778 0.20314236111111086 0.2512905092592593
6 0.37390625 0.1104861111111111 0.24012731481481478 0.2209722222222222
6 0.4766493055555555 0.04927372685185185 0.26150462962962956 0.0985474537037037
6 0.1565451388888889 0.21160300925925926 0.2806712962962963 0.22881944444444446
6 0.10475983796296295 0.13203125 0.2095196759259259 0.23125
6 0.3105266203703704 0.7731770833333333 0.2605150462962963 0.2908854166666666
6 0.5763078703703703 0.9066550925925927 0.24846643518518513 0.13365162037037023
5 0.5143865740740741 0.8085763888888889 0.07982060185185187 0.09685763888888879
6 0.8023900462962963 0.859091435185185 0.2217245370370371 0.20394675925925937
6 0.12659722222222222 0.8793287037037038 0.22486689814814817 0.2344965277777778
6 0.03502025462962963 0.535150462962963 0.07004050925925925 0.3007523148148149
6 0.018425925925925922 0.8051273148148148 0.036851851851851844 0.221736111111111