3 0.5553530092592592 0.49129050925925927 0.5311921296296296 0.5759953703703704
6 0.09652777777777778 0.2917361111111111 0.16811342592592593 0.24675347222222221
6 0.19542824074074075 0.15195023148148148 0.2018518518518518 0.19652777777777777
6 0.410474537037037 0.08412037037037037 0.25532407407407404 0.1598611111111111
6 0.7644386574074075 0.1954976851851852 0.23347800925925916 0.19153356481481482
6 0.8991319444444444 0.36163194444444446 0.20173611111111106 0.24074074074074064
6 0.926880787037037 0.7048206018518519 0.14623842592592595 0.229363425925926
6 0.9712962962962962 0.9205902777777778 0.057407407407407615 0.15881944444444435
6 0.7098668981481481 0.9704369212962962 0.1932581018518519 0.059126157407407474
6 0.4276041666666666 0.8808854166666666 0.20856481481481487 0.23822916666666671
6 0.1945601851851852 0.8777025462962964 0.24328703703703702 0.22913773148148167
6 0.052459490740740744 0.5712442129629629 0.03819444444444444 0.2417071759259258
6 0.16339699074074074 0.5728877314814815 0.24369212962962958 0.2346064814814815
6 0.075 0.04325231481481481 0.15 0.08650462962962963
6 0.5961805555555555 0.020538194444444442 0.16345486111111107 0.025833333333333337
5 0.6091435185185186 0.9330092592592593 0.08634259259259255 0.09102430555555543