3 0.51796875 0.525 0.62265625 0.50390625
6 0.51953125 0.11640625 0.275 0.21640625
6 0.7890625 0.246875 0.2078125 0.2046875
6 0.8078125 0.446875 0.1921875 0.23984375
6 0.8984375 0.665625 0.20234375 0.24765625
6 0.9 0.8984375 0.2 0.20234375
6 0.7734375 0.92734375 0.2265625 0.14453125
6 0.55390625 0.9671875 0.1703125 0.065625
6 0.353125 0.95078125 0.20078125 0.0984375
6 0.2421875 0.8828125 0.209375 0.18125
6 0.334375 0.7640625 0.20078125 0.1984375
6 0.07109375 0.8015625 0.14140625 0.19296875
6 0.1125 0.4609375 0.225 0.2375
6 0.14453125 0.6296875 0.221875 0.20234375
6 0.103125 0.27265625 0.20546875 0.22578125
6 0.8109375 0.053125 0.190625 0.10625
6 0.9625 0.06484375 0.075 0.1296875