3 0.4533854166666666 0.5097974537037038 0.4866145833333334 0.502482638888889
6 0.7775000000000001 0.4011226851851852 0.21994791666666663 0.23951967592592585
6 0.7803125 0.5925 0.24447916666666672 0.2337847222222223
6 0.6088020833333333 0.7711168981481482 0.24296875 0.2461631944444445
6 0.33421875 0.8491956018518518 0.27625 0.2432175925925925
6 0.5313020833333333 0.9292881944444444 0.24593750000000014 0.09216435185185183
6 0.25859375 0.757355324074074 0.2377604166666667 0.20307291666666671
6 0.09381510416666668 0.8879282407407407 0.18763020833333335 0.2226446759259261
6 0.16677083333333334 0.6398842592592592 0.20833333333333334 0.2521527777777777
6 0.037786458333333335 0.6323611111111112 0.07557291666666667 0.3203935185185186
6 0.09143229166666667 0.40801504629629626 0.18286458333333333 0.22928240740740743
6 0.2723958333333333 0.23501157407407405 0.271875 0.25934027777777774
6 0.0341015625 0.1973148148148148 0.068203125 0.24521412037037038
6 0.09609375 0.11484375 0.1921875 0.2296875
6 0.19395833333333332 0.06512152777777777 0.24645833333333336 0.13024305555555554
6 0.6036979166666667 0.13530671296296296 0.26140624999999995 0.2424479166666667
5 0.7967708333333333 0.21716435185185184 0.10104166666666661 0.09087962962962966
5 0.5552083333333334 0.0025911458333333333 0.10911458333333321 0.005182291666666667
6 0.9168229166666666 0.2031539351851852 0.14796875000000007 0.23423032407407404
6 0.9388020833333333 0.4807349537037037 0.07140624999999971 0.3120081018518519
6 0.9227083333333332 0.7922106481481481 0.05567708333333314 0.20453124999999997
6 0.8496354166666666 0.056954571759259255 0.26713541666666674 0.11390914351851851