3 0.46371527777777777 0.47265625 0.41026041666666674 0.4265625
6 0.7474305555555556 0.36171875 0.20284722222222218 0.1984375
6 0.7878819444444444 0.58046875 0.22048611111111108 0.21875
6 0.7069270833333333 0.81328125 0.2245486111111111 0.22578125
6 0.4687326388888889 0.809375 0.21357638888888886 0.1890625
6 0.17083333333333334 0.92578125 0.2267361111111111 0.1484375
6 0.03584201388888889 0.8703125 0.07168402777777778 0.1765625
6 0.11880642361111111 0.62421875 0.23761284722222223 0.2390625
6 0.17069444444444443 0.36953125 0.22456597222222224 0.2265625
6 0.04373263888888888 0.3140625 0.08746527777777777 0.203125
6 0.3202430555555556 0.2140625 0.22225694444444438 0.228125
5 0.21458333333333335 0.046875 0.0989583333333333 0.09375
6 0.9267187499999998 0.69609375 0.12093750000000014 0.2390625
6 0.8888368055555557 0.8890625 0.18739583333333343 0.20625
6 0.7423090277777777 0.94375 0.256388888888889 0.11171875
6 0.9366493055555555 0.425 0.11385416666666685 0.271875
6 0.37157986111111113 0.0484375 0.2349652777777777 0.096875
6 0.05292534722222222 0.0609375 0.10585069444444443 0.12109375