3 0.44703125000000005 0.5107175925925926 0.65625 0.522355324074074
6 0.4727083333333333 0.10722366898148147 0.28942708333333333 0.21444733796296295
6 0.19447916666666668 0.240625 0.22145833333333337 0.2108449074074074
6 0.16239583333333335 0.4411805555555556 0.20817708333333335 0.24553819444444452
6 0.08330729166666666 0.6626157407407407 0.16661458333333332 0.25365162037037037
6 0.07342447916666667 0.8954745370370369 0.14684895833333333 0.20826967592592602
6 0.16473958333333333 0.920630787037037 0.23619791666666665 0.15124421296296298
6 0.38161458333333337 0.9539699074074075 0.17468749999999994 0.07067129629629605
6 0.5834895833333332 0.9316145833333334 0.20734375000000008 0.10438657407407419
6 0.6989583333333333 0.8603587962962964 0.22145833333333337 0.18745370370370368
6 0.6146874999999999 0.7443402777777777 0.2140104166666667 0.20438657407407418
6 0.8754687499999999 0.7740393518518518 0.15427083333333336 0.19715856481481495
6 0.8567708333333333 0.43464120370370374 0.24083333333333315 0.24416666666666664
6 0.8134895833333333 0.6043402777777779 0.2353645833333335 0.20891782407407397
6 0.8786979166666666 0.2460821759259259 0.22052083333333314 0.231869212962963
6 0.18552083333333333 0.051736111111111115 0.19770833333333332 0.10347222222222223
6 0.0375 0.06484375 0.075 0.1296875