3 0.47578125 0.47890625 0.43203125 0.4671875
6 0.275 0.08125 0.22265625 0.1625
5 0.83046875 0.65390625 0.10390625 0.13125
6 0.58359375 0.10390625 0.23515625 0.18828125
6 0.4671875 0.03046875 0.18828125 0.0609375
6 0.91328125 0.05625 0.1734375 0.1125
6 0.96328125 0.1703125 0.0734375 0.165625
6 0.975 0.4296875 0.05 0.26875
6 0.690625 0.67578125 0.2171875 0.23046875
6 0.62734375 0.87734375 0.1984375 0.2046875
6 0.43984375 0.934375 0.2375 0.13125
6 0.34609375 0.775 0.24765625 0.18671875
6 0.1015625 0.88515625 0.1953125 0.22890625
6 0.0859375 0.66484375 0.171875 0.1640625
6 0.11171875 0.46796875 0.22265625 0.25078125
6 0.0859375 0.1375 0.171875 0.23203125