3 0.48523726851851856 0.5291782407407407 0.6601331018518518 0.5354456018518519
6 0.4922222222222222 0.11043981481481482 0.2905555555555555 0.21050925925925928
6 0.20594907407407406 0.23435185185185184 0.22034722222222217 0.21649884259259267
6 0.18332754629629627 0.4426562499999999 0.20449652777777777 0.2537557870370371
6 0.0968113425925926 0.6671180555555555 0.1936226851851852 0.262361111111111
6 0.09306278935185185 0.9023466435185185 0.1861255787037037 0.19530671296296304
6 0.2135358796296296 0.9328298611111112 0.24107638888888888 0.13434027777777757
6 0.4418171296296297 0.9769299768518518 0.1812326388888888 0.04614004629629633
6 0.6530092592592592 0.9611863425925925 0.2137731481481481 0.07762731481481495
6 0.767986111111111 0.9053674768518519 0.221550925925926 0.1892650462962962
6 0.6729513888888888 0.7812326388888888 0.2132118055555555 0.2093634259259259
6 0.9309664351851852 0.8241261574074074 0.1162557870370371 0.20245949074074082
6 0.894056712962963 0.46725115740740736 0.20131365740740748 0.24980324074074076
6 0.8758275462962963 0.6428009259259259 0.23283564814814817 0.21590277777777764
6 0.9063252314814815 0.27207754629629627 0.18318287037037032 0.238599537037037
6 0.18766782407407406 0.044195601851851854 0.20278935185185185 0.08579861111111112
6 0.0349609375 0.05520833333333334 0.069921875 0.1104050925925926