3 0.5267708333333333 0.5203819444444445 0.6597916666666667 0.479548611111111
6 0.23119791666666667 0.25927083333333334 0.30218749999999994 0.2798263888888889
6 0.5371354166666666 0.20571180555555557 0.3069791666666667 0.2582291666666666
6 0.8588802083333335 0.33369791666666665 0.28223958333333315 0.2920486111111112
6 0.9617708333333332 0.1698958333333333 0.07645833333333343 0.23805555555555555
6 0.91859375 0.6005555555555555 0.16281250000000008 0.26812500000000006
6 0.78734375 0.7383854166666666 0.24822916666666686 0.2415972222222223
6 0.2322916666666667 0.8163368055555555 0.2763020833333334 0.2303819444444443
6 0.3125520833333334 0.9624305555555555 0.24260416666666665 0.06375000000000028
6 0.12260416666666667 0.057803819444444446 0.24442708333333335 0.11560763888888889
6 0.5609895833333333 0.014218749999999999 0.22197916666666656 0.028437499999999998