3 0.52578125 0.47265625 0.40078125 0.4265625
6 0.24453125 0.36171875 0.1984375 0.1984375
6 0.19921875 0.58046875 0.215625 0.21875
6 0.275 0.81328125 0.21953125 0.22578125
6 0.51328125 0.809375 0.209375 0.1890625
6 0.80859375 0.92578125 0.2234375 0.1484375
6 0.95546875 0.8703125 0.0890625 0.1765625
6 0.86953125 0.62421875 0.23671875 0.2390625
6 0.82109375 0.36953125 0.21953125 0.2265625
6 0.95390625 0.3140625 0.0921875 0.203125
6 0.675 0.2140625 0.2171875 0.228125
5 0.784375 0.046875 0.096875 0.09375
6 0.0578125 0.69609375 0.115625 0.2390625
6 0.09140625 0.8890625 0.1828125 0.20625
6 0.23671875 0.94375 0.25390625 0.11171875
6 0.05390625 0.425 0.1078125 0.271875
6 0.62734375 0.0484375 0.2328125 0.096875
6 0.946875 0.0609375 0.10546875 0.12109375