3 0.4854398148148148 0.4654166666666667 0.5404745370370371 0.6541377314814815
6 0.6708969907407407 0.15807291666666667 0.21295717592592603 0.2015162037037037
6 0.5434664351851852 0.10697916666666667 0.23943865740740727 0.19762152777777775
6 0.1239988425925926 0.18891782407407406 0.24521990740740743 0.21903935185185186
6 0.03828125 0.31441550925925926 0.07042824074074075 0.22273148148148145
6 0.12742476851851853 0.5257291666666667 0.24215856481481485 0.2758391203703702
6 0.09796296296296296 0.8066261574074074 0.17626157407407406 0.3062789351851851
6 0.0713425925925926 0.909855324074074 0.11506944444444445 0.18010416666666665
6 0.3037094907407407 0.8132002314814815 0.22500578703703705 0.27716435185185195
6 0.3387789351851852 0.963599537037037 0.18957175925925923 0.04557870370370374
6 0.14907407407407408 0.04244791666666667 0.26299189814814816 0.08489583333333334
6 0.7711226851851852 0.03521990740740741 0.2281828703703704 0.07043981481481482
6 0.881730324074074 0.24410300925925926 0.22877893518518527 0.21572337962962962
6 0.8395891203703705 0.4608506944444445 0.21802662037037024 0.22757523148148148
6 0.7576793981481481 0.737818287037037 0.23715856481481482 0.2544675925925926
6 0.7305381944444445 0.9114525462962962 0.27167824074074076 0.10820601851851848
6 0.9230815972222223 0.8433043981481483 0.1538368055555555 0.21372106481481482
6 0.946875 0.6949479166666667 0.10625 0.24278935185185196
6 0.940625 0.07388888888888889 0.11875 0.14777777777777779
6 0.9723032407407407 0.4339525462962963 0.05539351851851855 0.23798611111111115