3 0.5077256944444445 0.5051041666666667 0.5778298611111111 0.5401562500000001
6 0.8486631944444445 0.7101041666666668 0.2289583333333333 0.24427083333333321
6 0.9182899305555555 0.5645833333333334 0.163420138888889 0.2877604166666668
5 0.9148958333333332 0.29000000000000004 0.11142361111111114 0.12348958333333329
6 0.7821354166666665 0.3348958333333333 0.2142534722222223 0.2814583333333333
6 0.9830729166666667 0.3605729166666667 0.03385416666666643 0.2184375
6 0.7059895833333333 0.09380208333333333 0.2471354166666666 0.10994791666666667
6 0.27130208333333333 0.16296875 0.22446180555555556 0.23072916666666665
6 0.07986111111111112 0.18447916666666667 0.15430555555555556 0.24708333333333332
6 0.09539930555555556 0.37635416666666666 0.16977430555555556 0.2971874999999999
6 0.2662673611111111 0.36515624999999996 0.1859895833333333 0.3115104166666667
6 0.4121180555555556 0.7900520833333333 0.2813020833333333 0.2828125
6 0.2735763888888889 0.8853645833333333 0.27923611111111113 0.22927083333333337
6 0.07871527777777779 0.8921875 0.08770833333333332 0.215625
6 0.648263888888889 0.8799088541666666 0.22260416666666671 0.24018229166666671
6 0.9466145833333333 0.9620833333333334 0.10677083333333356 0.07583333333333328