3 0.51953125 0.484375 0.553125 0.546875
6 0.19453125 0.12890625 0.221875 0.21796875
6 0.421875 0.103125 0.1875 0.20625
6 0.525 0.08671875 0.2171875 0.1734375
6 0.828125 0.24765625 0.20390625 0.20625
6 0.9515625 0.3515625 0.096875 0.2046875
6 0.85546875 0.5265625 0.20625 0.2140625
6 0.8984375 0.73359375 0.196875 0.24921875
6 0.96015625 0.66796875 0.0796875 0.2046875
6 0.91953125 0.9265625 0.1578125 0.146875
6 0.7265625 0.8890625 0.2 0.19921875
6 0.63984375 0.76796875 0.21796875 0.2140625
6 0.50234375 0.93203125 0.24765625 0.13515625
6 0.18203125 0.87890625 0.2390625 0.196875
6 0.32578125 0.86640625 0.196875 0.2109375
6 0.115625 0.75859375 0.23125 0.2046875
6 0.1828125 0.52421875 0.2140625 0.2609375
6 0.165625 0.39375 0.22109375 0.1734375
6 0.04609375 0.278125 0.0921875 0.259375
6 0.865625 0.0671875 0.22109375 0.13359375