3 0.49821180555555555 0.4822222222222222 0.5029745370370371 0.6272685185185185
6 0.869670138888889 0.6259375 0.24251157407407434 0.2618171296296296
6 0.7975636574074074 0.7023090277777777 0.2329224537037037 0.232633101851852
6 0.14956018518518518 0.35814814814814816 0.2404050925925926 0.2937789351851851
6 0.12810185185185183 0.6260300925925926 0.22075810185185185 0.2775752314814815
6 0.017366898148148145 0.5511689814814815 0.027175925925925926 0.1890451388888888
6 0.061273148148148146 0.25449074074074074 0.12062499999999998 0.25664351851851847
6 0.3774826388888889 0.11912615740740742 0.2783564814814815 0.23825231481481485
6 0.2561979166666667 0.09640046296296297 0.23739583333333333 0.19280092592592593
6 0.7635127314814815 0.21961805555555558 0.2800405092592591 0.2668344907407407
6 0.9374811921296295 0.2839641203703704 0.1250376157407409 0.21546874999999996
6 0.9726576967592593 0.05611255787037037 0.054684606481481525 0.11222511574074075
6 0.8019039351851852 0.03593894675925926 0.25927083333333345 0.07187789351851852
6 0.7466666666666667 0.8991724537037037 0.21678819444444458 0.163420138888889
6 0.46325810185185184 0.9325752314814814 0.2039236111111112 0.11383101851851833
6 0.24737847222222223 0.9045891203703704 0.24505787037037036 0.18378472222222228
6 0.08450231481481482 0.8586226851851851 0.1579398148148148 0.23275462962962976