3 0.5053877314814814 0.5558449074074074 0.5757870370370369 0.6500752314814815
6 0.6714988425925925 0.9317245370370371 0.24656828703703687 0.13655092592592588
6 0.9441145833333333 0.8915957754629631 0.11177083333333329 0.2168084490740739
6 0.6724189814814816 0.7257581018518519 0.22590856481481475 0.1883101851851851
6 0.851388888888889 0.34600115740740744 0.2078125 0.21238425925925916
6 0.8219270833333333 0.12556712962962963 0.25274305555555543 0.1799189814814815
6 0.6327430555555555 0.056226851851851854 0.201423611111111 0.10457175925925925
6 0.4277141203703704 0.11483796296296298 0.21710069444444446 0.22416666666666668
6 0.14087962962962963 0.5851620370370371 0.22416666666666668 0.19844907407407408
6 0.13677083333333334 0.858449074074074 0.1820601851851852 0.1731481481481481
6 0.05277777777777778 0.3635127314814815 0.07407407407407407 0.19577546296296297