3 0.5330960648148148 0.49546875 0.520133101851852 0.64296875
6 0.15710069444444447 0.7577604166666667 0.23145254629629627 0.25359374999999995
6 0.4020775462962963 0.83421875 0.24607638888888878 0.22489583333333343
6 0.6781770833333333 0.8879817708333334 0.23837384259259267 0.22403645833333313
6 0.8589756944444444 0.7413020833333334 0.2151157407407407 0.261875
6 0.9322178819444445 0.8104166666666666 0.13556423611111085 0.2452604166666667
6 0.8678182870370371 0.45921874999999995 0.2309201388888887 0.28713541666666664
6 0.7904166666666667 0.3408333333333333 0.20421875000000006 0.2666145833333333
6 0.5954050925925926 0.15760416666666668 0.26424768518518515 0.2534375
6 0.3189236111111111 0.2555208333333333 0.21412615740740745 0.23369791666666667
6 0.1258738425925926 0.44255208333333335 0.20718171296296295 0.24494791666666665
6 0.05506365740740741 0.47609375 0.10478587962962964 0.23109374999999996
6 0.0803587962962963 0.0959375 0.16069444444444442 0.18875
6 0.3832465277777778 0.08411458333333334 0.24070601851851858 0.13239583333333332
6 0.9543012152777777 0.21828124999999998 0.09139756944444458 0.20765624999999996
6 0.9905700231481482 0.3316145833333334 0.018859953703703525 0.1404166666666667
6 0.9757233796296297 0.5821354166666668 0.04855324074074048 0.22531250000000008
6 0.9500911458333334 0.9376171875000001 0.09981770833333314 0.12476562499999985
6 0.57984375 0.9853515625 0.24340856481481482 0.029296875
6 0.23265046296296296 0.9307812500000001 0.2581018518518518 0.13843749999999985
6 0.05146412037037037 0.9359505208333333 0.08923032407407408 0.12809895833333335