3 0.4630208333333334 0.4674768518518519 0.5077083333333334 0.5666666666666668
6 0.19395833333333332 0.6736689814814815 0.22932291666666665 0.3069733796296298
6 0.055338541666666664 0.5752604166666666 0.11067708333333333 0.2637731481481481
6 0.18255208333333334 0.24563078703703703 0.18270833333333333 0.2390046296296296
6 0.09395833333333334 0.35277777777777775 0.13843750000000002 0.24126157407407406
6 0.0384765625 0.31102430555555555 0.076953125 0.27045717592592594
6 0.6208333333333333 0.09739583333333333 0.23874999999999993 0.15613425925925928
6 0.8538541666666667 0.10289351851851851 0.2633854166666666 0.1515914351851852
6 0.7588541666666666 0.40011574074074074 0.3158854166666668 0.28446180555555556
6 0.9460416666666667 0.20028935185185187 0.10296875000000014 0.2586516203703703
6 0.8393750000000001 0.9241898148148149 0.21208333333333335 0.15162037037037024
6 0.16010416666666666 0.9051215277777779 0.25895833333333335 0.1897569444444443
6 0.042604166666666665 0.9390625 0.08520833333333333 0.121875
6 0.3890104166666667 0.967599826388889 0.27619791666666665 0.06480034722222214