3 0.5280787037037038 0.5172106481481482 0.5466145833333333 0.49620949074074067
6 0.20097222222222225 0.3407175925925926 0.21572916666666667 0.22658564814814816
6 0.10285300925925926 0.48989004629629634 0.20043402777777777 0.2710011574074073
5 0.12125 0.7585185185185186 0.10475115740740741 0.11483217592592573
6 0.25288773148148147 0.7044155092592593 0.20037615740740744 0.2631886574074073
6 0.037175925925925925 0.6942939814814815 0.065625 0.21141203703703706
6 0.3179398148148148 0.9430092592592592 0.2383101851851852 0.11113425925925924
6 0.7468518518518519 0.8351388888888888 0.21172453703703695 0.21327546296296304
6 0.9322453703703705 0.8009259259259259 0.1355092592592591 0.23541666666666677
6 0.9244328703703705 0.6134780092592592 0.1511342592592591 0.28239583333333335
6 0.7594502314814815 0.6373784722222222 0.17092592592592587 0.29499999999999993
6 0.6322106481481482 0.2304861111111111 0.2652025462962964 0.2613252314814815
6 0.7743344907407408 0.1163700810185185 0.263443287037037 0.232740162037037
6 0.96171875 0.10439236111111112 0.0765625 0.20878472222222225
6 0.40432870370370366 0.1595138888888889 0.20945601851851858 0.22341435185185188
6 0.08253472222222222 0.06796875 0.16506944444444444 0.1359375