3 0.4984375 0.55859375 0.4578125 0.5328125
6 0.74609375 0.34921875 0.20390625 0.28984375
6 0.92109375 0.44140625 0.15703125 0.25078125
6 0.78515625 0.76328125 0.1625 0.22578125
6 0.8640625 0.65625 0.11875 0.2296875
6 0.946875 0.69453125 0.10546875 0.25859375
6 0.371875 0.92578125 0.221875 0.1484375
6 0.14375 0.9296875 0.24765625 0.140625
6 0.21640625 0.63515625 0.28984375 0.26484375
6 0.0453125 0.83515625 0.090625 0.2484375
6 0.1 0.10078125 0.2 0.2015625
6 0.76484375 0.10625 0.2390625 0.2125
6 0.9203125 0.07421875 0.15859375 0.140625
6 0.5390625 0.05 0.26328125 0.1