3 0.47853009259259255 0.47404513888888894 0.4494212962962962 0.4357754629629628
6 0.2268518518518518 0.6567534722222221 0.2063078703703704 0.2426157407407409
6 0.7447627314814815 0.5046006944444444 0.22230902777777786 0.25901041666666663
6 0.6367476851851851 0.18722800925925925 0.1945601851851851 0.18908564814814816
6 0.41970486111111105 0.07392939814814815 0.23871527777777785 0.1478587962962963
6 0.46626157407407404 0.12347800925925925 0.23677662037037042 0.2469560185185185
6 0.8515335648148149 0.13484374999999998 0.20766782407407405 0.22945601851851855
6 0.8790219907407408 0.2260300925925926 0.20847800925925952 0.2403935185185185
6 0.16414930555555557 0.07144097222222222 0.2560763888888889 0.14288194444444444
6 0.14814814814814814 0.22734953703703703 0.25321180555555556 0.25594328703703706
5 0.09997106481481481 0.3629282407407407 0.10410879629629628 0.08166666666666664
6 0.05029658564814814 0.49116898148148147 0.10059317129629627 0.22074652777777787
6 0.012369791666666663 0.7028645833333333 0.024739583333333325 0.18255208333333323
6 0.060460069444444445 0.7815219907407407 0.12092013888888889 0.2471122685185186
6 0.26047453703703705 0.9172800925925927 0.2666956018518519 0.14379629629629634
6 0.6242476851851853 0.6921817129629629 0.234693287037037 0.19505787037037034
6 0.8227141203703704 0.7550462962962963 0.24076967592592596 0.21405092592592592
6 0.5546875 0.8747858796296295 0.2512731481481481 0.19825231481481467
6 0.8817708333333332 0.8508217592592592 0.11793981481481453 0.2053472222222222