3 0.5043402777777778 0.48921875000000004 0.6105613425925925 0.6153761574074075
6 0.865017361111111 0.8413194444444445 0.2440393518518519 0.2327314814814816
6 0.6242476851851851 0.8728124999999999 0.2052662037037038 0.19613425925925937
6 0.5139756944444445 0.8973553240740741 0.23674768518518513 0.16214120370370394
6 0.1847511574074074 0.7602719907407408 0.22528935185185187 0.2316203703703703
6 0.06276041666666667 0.6586689814814815 0.0845775462962963 0.22094328703703708
6 0.1440972222222222 0.4659375 0.22795138888888888 0.24035300925925931
6 0.10324074074074074 0.25069444444444444 0.19733796296296297 0.27673611111111107
6 0.04169560185185185 0.32245949074074076 0.06739004629629629 0.21992476851851847
6 0.075 0.06328125 0.15 0.1265625
6 0.2708333333333333 0.09366898148148148 0.2197916666666666 0.18733796296296296
6 0.36507523148148147 0.1960300925925926 0.24123263888888893 0.24114004629629632
6 0.5068576388888889 0.04754050925925926 0.26762152777777787 0.09508101851851852
6 0.8498842592592591 0.08104745370370371 0.26226851851851835 0.16209490740740742
6 0.6955729166666667 0.09493200231481483 0.21846064814814808 0.18986400462962966
6 0.898509837962963 0.17502314814814818 0.20298032407407404 0.2286747685185185
6 0.8613715277777778 0.42578125 0.23839699074074047 0.2908622685185186
6 0.8817418981481481 0.5629976851851852 0.2365162037037038 0.19752893518518527
6 0.9814091435185185 0.6792187500000001 0.03718171296296298 0.2785185185185185
6 0.15379050925925924 0.939056712962963 0.24149305555555553 0.12188657407407391