3 0.52109375 0.459375 0.5765625 0.6140625
6 0.1609375 0.0875 0.2078125 0.1734375
6 0.39921875 0.0640625 0.19296875 0.1234375
6 0.7875 0.059375 0.228125 0.11875
6 0.9578125 0.27578125 0.084375 0.1703125
6 0.87734375 0.50703125 0.1875 0.21875
6 0.97578125 0.49921875 0.0484375 0.1296875
6 0.87734375 0.721875 0.19609375 0.1734375
6 0.96640625 0.8078125 0.0671875 0.14140625
6 0.43515625 0.8546875 0.2140625 0.16953125
6 0.44140625 0.95625 0.18671875 0.08671875
6 0.16171875 0.65234375 0.165625 0.1734375
6 0.1828125 0.43359375 0.171875 0.18515625
6 0.1359375 0.34609375 0.16640625 0.19921875
6 0.01796875 0.46171875 0.0359375 0.146875
6 0.0484375 0.7046875 0.096875 0.18125
5 0.03984375 0.9484375 0.0796875 0.096875