3 0.5144675925925926 0.46605902777777775 0.45936342592592594 0.5993402777777778
6 0.12005208333333335 0.0701171875 0.24008101851851854 0.140234375
6 0.5647164351851852 0.038350694444444444 0.22162037037037036 0.07670138888888889
6 0.9578125 0.02262152777777778 0.084375 0.04524305555555556
6 0.9591435185185185 0.20434027777777777 0.08171296296296297 0.21241319444444445
6 0.9702835648148149 0.4813715277777778 0.05943287037037024 0.2117881944444445
6 0.7926041666666667 0.5068923611111111 0.20464120370370367 0.21819444444444436
6 0.8128125 0.7664930555555556 0.2214641203703703 0.23298611111111106
6 0.5444097222222222 0.8957638888888889 0.24622106481481473 0.1732291666666665
6 0.3171585648148148 0.8033854166666667 0.20838541666666668 0.21289930555555542
6 0.32673032407407404 0.9680208333333333 0.1761111111111111 0.04527777777777757
6 0.2364988425925926 0.6685069444444445 0.22495370370370366 0.21909722222222214
6 0.1639641203703704 0.3854166666666667 0.18225694444444446 0.20003472222222224
6 0.08337962962962962 0.4906944444444445 0.14425925925925925 0.234236111111111
6 0.08114583333333333 0.7849305555555557 0.12137152777777778 0.22541666666666665
6 0.11068865740740741 0.9635416666666667 0.16600694444444444 0.07291666666666644
5 0.3416261574074074 0.04505208333333334 0.08597800925925929 0.08418402777777778