3 0.51796875 0.52890625 0.5015625 0.590625
6 0.15 0.25078125 0.2234375 0.23125
6 0.3875 0.19140625 0.23828125 0.20234375
6 0.65625 0.15 0.23046875 0.21640625
6 0.8328125 0.31171875 0.2078125 0.23984375
6 0.9203125 0.25078125 0.15859375 0.228125
6 0.84375 0.5859375 0.221875 0.26328125
6 0.76953125 0.69609375 0.196875 0.2453125
6 0.58203125 0.8640625 0.25390625 0.23203125
6 0.3109375 0.74765625 0.20625 0.2125
6 0.12265625 0.55390625 0.2 0.22421875
6 0.0515625 0.5171875 0.103125 0.21875
6 0.0796875 0.9015625 0.159375 0.196875
6 0.37578125 0.93203125 0.2328125 0.13515625
6 0.94296875 0.8265625 0.1140625 0.196875
6 0.978125 0.71953125 0.04375 0.13515625
6 0.96328125 0.4765625 0.07265625 0.21484375
6 0.9359375 0.0921875 0.128125 0.184375
6 0.559375 0.03203125 0.2359375 0.06328125
6 0.2234375 0.0734375 0.2484375 0.146875
6 0.0453125 0.065625 0.08984375 0.13125