3 0.5248148148148148 0.4335763888888889 0.5135011574074074 0.5760706018518519
6 0.7979571759259259 0.6461342592592592 0.23150462962962964 0.312638888888889
6 0.9436805555555555 0.5466030092592593 0.112638888888889 0.2688483796296296
6 0.81671875 0.20818865740740744 0.18423032407407405 0.24337384259259257
6 0.9061863425925925 0.31899305555555557 0.13833912037037024 0.2459143518518518
6 0.9631640625 0.2770659722222223 0.07367187500000014 0.27586805555555555
6 0.36770833333333336 0.06665509259259259 0.2416666666666667 0.13331018518518517
6 0.13160879629629632 0.0669921875 0.26317708333333334 0.133984375
6 0.2214236111111111 0.36197337962962967 0.3215335648148148 0.2887847222222222
6 0.041776620370370374 0.15681712962962963 0.08079861111111111 0.26449074074074075
6 0.1402835648148148 0.9097453703703703 0.19418981481481482 0.17970486111111086
6 0.8290625 0.8838599537037037 0.26276620370370374 0.19343749999999993
6 0.9534780092592593 0.9161805555555557 0.09304398148148145 0.1166203703703701
6 0.5930787037037037 0.950318287037037 0.2831712962962964 0.07547453703703724