3 0.5140625 0.4734375 0.42734375 0.55859375
6 0.14609375 0.0703125 0.22890625 0.140625
6 0.57578125 0.0484375 0.21015625 0.096875
6 0.95859375 0.04375 0.0828125 0.0875
6 0.9578125 0.24296875 0.084375 0.20234375
6 0.96484375 0.509375 0.0703125 0.203125
6 0.78125 0.525 0.1921875 0.20234375
6 0.79296875 0.775 0.2078125 0.21484375
6 0.53125 0.90546875 0.234375 0.1890625
6 0.31328125 0.78984375 0.19609375 0.196875
6 0.31953125 0.965625 0.16796875 0.06875
6 0.2390625 0.65703125 0.21171875 0.20234375
6 0.178125 0.38046875 0.1703125 0.18515625
6 0.0828125 0.4796875 0.165625 0.2203125
6 0.07109375 0.7625 0.1421875 0.209375
6 0.09453125 0.953125 0.1890625 0.09375
5 0.359375 0.0609375 0.08046875 0.07734375