3 0.47123842592592596 0.51171875 0.5591377314814814 0.615625
6 0.2671585648148148 0.8046875 0.21809606481481483 0.18671875
6 0.38873263888888887 0.8625 0.24355324074074075 0.18125
6 0.8155497685185186 0.80546875 0.26506944444444436 0.2015625
6 0.9116030092592592 0.6875 0.108090277777778 0.215625
6 0.8313657407407409 0.47265625 0.2551678240740742 0.25859375
6 0.8868171296296297 0.19609375 0.20403356481481474 0.2921875
6 0.9234895833333333 0.09140625 0.14989583333333342 0.1828125
6 0.6745543981481481 0.17890625 0.233431712962963 0.2609375
6 0.6517824074074074 0.02265625 0.18862268518518518 0.0453125
6 0.769068287037037 0.95703125 0.2620775462962964 0.08515625
6 0.1579976851851852 0.94609375 0.22904513888888892 0.1078125
6 0.09058449074074074 0.70859375 0.18116898148148147 0.2015625
6 0.12455439814814814 0.4953125 0.22353009259259257 0.2125
6 0.22485532407407405 0.2265625 0.2438078703703704 0.23828125
6 0.26413194444444443 0.0515625 0.27173611111111107 0.103125
6 0.07570023148148149 0.1078125 0.15140046296296297 0.21015625
6 0.04734953703703704 0.25859375 0.09469907407407407 0.2328125
6 0.02859375 0.90078125 0.0571875 0.1984375
6 0.010758101851851854 0.51640625 0.021516203703703708 0.2296875