3 0.4984375 0.4875 0.5078125 0.596875
6 0.3171875 0.203125 0.20078125 0.18125
6 0.43828125 0.146875 0.2265625 0.17578125
6 0.85078125 0.20234375 0.24609375 0.1953125
6 0.94609375 0.31875 0.10703125 0.21015625
6 0.846875 0.525 0.2328125 0.25078125
6 0.884375 0.79375 0.18125 0.28359375
6 0.9234375 0.90234375 0.153125 0.18984375
6 0.67734375 0.81015625 0.21171875 0.253125
6 0.6484375 0.97109375 0.1796875 0.0578125
6 0.81484375 0.0484375 0.2484375 0.096875
6 0.21953125 0.059375 0.21640625 0.11875
6 0.1171875 0.29765625 0.215625 0.19453125
6 0.1609375 0.503125 0.2046875 0.20625
6 0.24296875 0.76328125 0.2234375 0.23125
6 0.271875 0.94296875 0.259375 0.1140625
6 0.0796875 0.88046875 0.159375 0.2046875
6 0.05546875 0.734375 0.1109375 0.22578125
6 0.0578125 0.10390625 0.115625 0.2078125
6 0.02890625 0.484375 0.0578125 0.22421875