3 0.50078125 0.5191319444444444 0.46171875 0.5111458333333333
6 0.16953125 0.7333159722222222 0.2203125 0.24026041666666664
6 0.0765625 0.5573090277777778 0.153125 0.20211805555555565
6 0.03828125 0.23295138888888892 0.0765625 0.22684027777777782
6 0.10546875 0.06640625 0.2109375 0.13203125
6 0.2890625 0.13862847222222222 0.225 0.2053125
6 0.475 0.1757986111111111 0.28125 0.21484375
6 0.8 0.11836805555555556 0.21875 0.17534722222222224
6 0.39765625 0.04579861111111111 0.2109375 0.065625
6 0.92109375 0.301875 0.15703125 0.18822916666666673
6 0.75625 0.3672048611111111 0.18828125 0.23024305555555546
6 0.93515625 0.568125 0.12890625 0.22057291666666679
6 0.76875 0.6419791666666667 0.203125 0.25121527777777786
6 0.90859375 0.8208506944444445 0.1828125 0.23468750000000008
6 0.7890625 0.9469227430555556 0.18515625 0.10615451388888886
6 0.6359375 0.857951388888889 0.18359375 0.22065972222222213
6 0.5796875 0.9465451388888889 0.2046875 0.10690972222222221
6 0.3859375 0.9534201388888889 0.1828125 0.09315972222222228
6 0.39140625 0.8127083333333334 0.2046875 0.23800347222222235
6 0.096875 0.9095572916666667 0.17734375 0.18088541666666663
6 0.20078125 0.9476258680555556 0.2109375 0.10474826388888872