3 0.5124942129629629 0.47866319444444444 0.4514120370370371 0.48897569444444444
6 0.3690509259259259 0.8386284722222221 0.21717013888888897 0.24605902777777758
6 0.6664930555555555 0.7917708333333333 0.20755787037037035 0.21130208333333336
6 0.8936067708333333 0.8043576388888889 0.21278645833333343 0.21154513888888893
6 0.9648206018518518 0.64421875 0.07035879629629634 0.2202951388888888
6 0.9109548611111112 0.4355381944444444 0.17809027777777758 0.2193402777777777
6 0.7741319444444444 0.20027777777777778 0.21286458333333336 0.20607638888888885
5 0.77640625 0.19782986111111112 0.08181712962962955 0.07541666666666665
6 0.586111111111111 0.13822916666666668 0.1924363425925925 0.20126736111111115
6 0.3886458333333333 0.08537326388888888 0.23432291666666663 0.17074652777777777
6 0.2948148148148148 0.12848958333333332 0.23157407407407407 0.231875
6 0.1165335648148148 0.2631423611111111 0.21891203703703704 0.2258506944444445
6 0.10904513888888887 0.48564236111111114 0.19547453703703704 0.22480902777777773
6 0.2397800925925926 0.6472395833333333 0.21286458333333336 0.20607638888888893
6 0.055792824074074064 0.7477256944444445 0.07473379629629631 0.257673611111111
6 0.12430555555555556 0.9214756944444445 0.19814814814814813 0.15704861111111085
6 0.24416666666666664 0.9536979166666665 0.20295717592592588 0.08236111111111129
6 0.9628819444444445 0.14944444444444444 0.07423611111111086 0.23074652777777777