3 0.51796875 0.50234375 0.48046875 0.51953125
6 0.159375 0.53515625 0.18359375 0.21484375
6 0.19609375 0.403125 0.2 0.1984375
6 0.35078125 0.22265625 0.2171875 0.1796875
6 0.7640625 0.27109375 0.2078125 0.2375
6 0.94140625 0.22734375 0.11640625 0.26171875
6 0.9015625 0.55390625 0.196875 0.2390625
6 0.7765625 0.6921875 0.1875 0.221875
6 0.5671875 0.80234375 0.2234375 0.16953125
6 0.72578125 0.9140625 0.20234375 0.171875
6 0.91875 0.959375 0.1625 0.08125
6 0.33828125 0.76171875 0.21015625 0.2375
6 0.10546875 0.7875 0.2109375 0.23125
6 0.06875 0.903125 0.1375 0.19296875
6 0.03203125 0.41015625 0.0640625 0.2140625
6 0.290625 0.06328125 0.27265625 0.12578125
6 0.67890625 0.0890625 0.25390625 0.178125