3 0.5466145833333333 0.5193113425925926 0.47385416666666663 0.48155092592592597
6 0.4141666666666667 0.8740277777777777 0.22848958333333336 0.24299189814814817
6 0.7142708333333333 0.8449131944444443 0.21750000000000008 0.20692708333333343
6 0.9162109375 0.8709490740740741 0.167578125 0.20700810185185184
6 0.9853125 0.7143055555555555 0.02937499999999993 0.2197685185185186
6 0.926953125 0.5010416666666666 0.14609375 0.2158159722222223
6 0.8013020833333334 0.2538194444444445 0.22265625 0.20232060185185183
5 0.8027604166666666 0.2522800925925926 0.08531250000000021 0.0738483796296296
6 0.6075520833333334 0.18070601851851853 0.20203124999999994 0.19733217592592595
6 0.40479166666666666 0.10121527777777777 0.24395833333333333 0.1940509259259259
6 0.31223958333333335 0.15291666666666667 0.24229166666666666 0.22758680555555558
6 0.13645833333333332 0.27909143518518514 0.22947916666666662 0.22271412037037042
6 0.13343750000000001 0.5030439814814814 0.2145833333333333 0.22171296296296283
6 0.2759375 0.6737384259259259 0.22265625 0.20232060185185183
6 0.08916666666666666 0.7638483796296296 0.09375 0.25894675925925925
6 0.16458333333333333 0.93359375 0.21354166666666666 0.1328125
6 0.28822916666666665 0.9727777777777777 0.20687499999999998 0.05444444444444443
6 0.9741145833333335 0.21438657407407408 0.05177083333333314 0.23131365740740736