3 0.52328125 0.5561979166666667 0.5699305555555556 0.5700636574074075
6 0.8202604166666667 0.32156828703703705 0.19534722222222206 0.18211805555555555
6 0.8661805555555556 0.4594675925925927 0.21645833333333328 0.20068865740740732
6 0.8980902777777778 0.7210069444444445 0.1959027777777777 0.22972800925925937
6 0.9793055555555554 0.8316898148148149 0.04138888888888914 0.23650462962962954
6 0.6526388888888889 0.9457103587962962 0.2507638888888888 0.10857928240740762
6 0.4767881944444444 0.8442824074074075 0.25173611111111105 0.22201967592592595
6 0.32482638888888893 0.8132523148148149 0.23696180555555557 0.22314236111111113
6 0.21800347222222224 0.5689988425925925 0.2121006944444444 0.2957465277777779
6 0.08430555555555556 0.5275868055555556 0.13276041666666666 0.266087962962963
6 0.10973958333333333 0.93984375 0.14128472222222221 0.1203125
6 0.30052083333333335 0.12593749999999998 0.20942708333333337 0.2004803240740741
6 0.13362847222222224 0.25050925925925926 0.25711805555555556 0.2728935185185185
6 0.4577604166666667 0.06505787037037036 0.22723958333333344 0.10972222222222223
6 0.6888888888888889 0.05162037037037037 0.20512152777777787 0.06849537037037037
6 0.91484375 0.12554398148148146 0.1703125 0.20192129629629632
6 0.9898914930555556 0.2589236111111111 0.020217013888888857 0.19217013888888887