3 0.5081770833333333 0.541724537037037 0.6455729166666668 0.6468287037037037
6 0.9152256944444446 0.17783564814814815 0.16954861111111086 0.25659722222222225
6 0.6944791666666668 0.18431134259259258 0.2670659722222222 0.22102430555555558
6 0.07663194444444445 0.26947337962962964 0.1532638888888889 0.27019675925925923
6 0.15925347222222222 0.7189641203703704 0.23618055555555556 0.3057986111111111
6 0.035868055555555556 0.88984375 0.07173611111111111 0.2203125
6 0.19225694444444444 0.9485011574074074 0.26645833333333335 0.10299768518518526
6 0.4576736111111111 0.9303125 0.28479166666666667 0.13937500000000008
6 0.7301041666666667 0.983599537037037 0.2913715277777779 0.032800925925926094
6 0.6535243055555556 0.8655960648148149 0.27795138888888893 0.25443865740740745
6 0.8831076388888889 0.9052879050925926 0.19987847222222221 0.18942418981481488
6 0.8783159722222222 0.6770891203703704 0.2210243055555555 0.2557465277777776
6 0.910798611111111 0.44745949074074076 0.16684027777777785 0.275162037037037
6 0.17166666666666666 0.054762731481481475 0.24883680555555557 0.10291087962962964