3 0.473755787037037 0.5224016203703703 0.6085648148148148 0.5731018518518518
6 0.8394965277777778 0.4164872685185186 0.20957754629629619 0.2178993055555555
6 0.8509548611111111 0.1704108796296296 0.2216724537037038 0.20705439814814816
6 0.6379050925925925 0.07818287037037037 0.20700231481481488 0.14836805555555554
6 0.43266782407407406 0.17590856481481482 0.22152777777777785 0.20314814814814816
6 0.16495949074074073 0.3989872685185185 0.1901331018518518 0.1990104166666667
6 0.11287615740740742 0.6236631944444444 0.20497685185185185 0.1991203703703704
6 0.08206018518518518 0.9633854166666665 0.16412037037037036 0.07322916666666686
6 0.26293402777777775 0.9173697916666667 0.18506944444444445 0.16526041666666663
6 0.4572627314814815 0.8833159722222221 0.21782407407407406 0.1875
6 0.8139756944444445 0.9144473379629631 0.22824074074074083 0.17110532407407392
6 0.9009259259259259 0.720150462962963 0.15092592592592596 0.1737268518518519
6 0.9206886574074075 0.5030497685185186 0.1297164351851851 0.2126215277777778
6 0.9578703703703703 0.9128125 0.021469907407407618 0.1157523148148151
6 0.42931134259259257 0.034438657407407404 0.17575231481481488 0.06378472222222223
6 0.09641203703703703 0.1163599537037037 0.19282407407407406 0.18265046296296297
6 0.038483796296296294 0.33078703703703705 0.07696759259259259 0.1982870370370371
6 0.947048611111111 0.023425925925925926 0.10590277777777786 0.033587962962962965
5 0.1666087962962963 0.6920486111111112 0.08434606481481484 0.08419560185185197