3 0.4960358796296296 0.5098090277777777 0.5109953703703702 0.610300925925926
6 0.8744502314814815 0.84609375 0.19302662037037024 0.21935763888888893
6 0.8416377314814815 0.9105034722222222 0.2276331018518519 0.12155671296296297
6 0.6235532407407407 0.9638310185185185 0.21571180555555552 0.03139467592592595
6 0.39918981481481486 0.9128472222222221 0.23182870370370373 0.1505787037037038
6 0.6705439814814815 0.7904513888888889 0.2244212962962962 0.2033564814814813
6 0.8813657407407408 0.7015046296296296 0.18804976851851835 0.1692418981481481
6 0.8823784722222221 0.6109664351851852 0.19554398148148167 0.22413194444444445
6 0.04968894675925926 0.9436342592592591 0.09937789351851851 0.1127025462962962
6 0.002466724537037035 0.6534143518518519 0.00493344907407407 0.14082754629629618
6 0.1259548611111111 0.5172743055555555 0.21747685185185187 0.20543981481481488
6 0.04945746527777778 0.3253761574074074 0.09891493055555556 0.2625289351851852
6 0.21600115740740738 0.23463541666666665 0.20115740740740745 0.1439814814814815
6 0.1887152777777778 0.1287615740740741 0.22951388888888888 0.19340277777777776
6 0.0234375 0.090625 0.046875 0.18125
6 0.9065104166666668 0.23324652777777777 0.17494212962962977 0.21556712962962968
6 0.9579861111111111 0.23368055555555553 0.07152777777777786 0.20393518518518522
6 0.8261863425925926 0.038505497685185186 0.16559606481481487 0.07701099537037037
6 0.9692418981481481 0.05361689814814814 0.06151620370370381 0.10723379629629629
6 0.44655671296296295 0.20269097222222224 0.22300347222222214 0.20720486111111108
6 0.28214699074074073 0.014149305555555556 0.1544560185185185 0.02829861111111111