3 0.509375 0.53046875 0.5234375 0.53359375
6 0.21328125 0.2953125 0.1796875 0.1703125
6 0.175 0.42734375 0.2 0.1875
6 0.15546875 0.67890625 0.17890625 0.21640625
6 0.04921875 0.7828125 0.09765625 0.22578125
6 0.40078125 0.9265625 0.2359375 0.146875
6 0.56640625 0.809375 0.2328125 0.20703125
6 0.7109375 0.78359375 0.21796875 0.20859375
6 0.80390625 0.5515625 0.1921875 0.2796875
6 0.9359375 0.51640625 0.128125 0.2515625
6 0.92890625 0.9296875 0.14140625 0.140625
6 0.7046875 0.12109375 0.19296875 0.1875
6 0.8734375 0.24765625 0.2390625 0.2546875
6 0.553125 0.0546875 0.21171875 0.10859375
6 0.32890625 0.03515625 0.19453125 0.06953125
6 0.0984375 0.1 0.1890625 0.19921875
6 0.02734375 0.23046875 0.05390625 0.18515625