3 0.4890625 0.48828125 0.6109375 0.5875
6 0.0921875 0.86953125 0.18359375 0.24921875
6 0.3171875 0.84296875 0.25390625 0.1984375
6 0.921875 0.72578125 0.15625 0.25078125
6 0.82265625 0.296875 0.221875 0.28203125
6 0.95234375 0.1140625 0.0953125 0.228125
6 0.7859375 0.0609375 0.25546875 0.12109375
6 0.53203125 0.0859375 0.27265625 0.171875
6 0.265625 0.04140625 0.28046875 0.0828125
6 0.3421875 0.184375 0.26328125 0.2296875
6 0.1078125 0.146875 0.215625 0.19921875
6 0.11640625 0.378125 0.2328125 0.234375
6 0.09140625 0.603125 0.1828125 0.25703125
6 0.825 0.94765625 0.2390625 0.1046875