3 0.4325520833333333 0.5285416666666667 0.5384895833333333 0.5645138888888889
6 0.8106249999999999 0.5108680555555555 0.20713541666666657 0.23276041666666672
6 0.7623958333333334 0.6466319444444444 0.22312499999999993 0.2155555555555555
6 0.5888541666666667 0.8285416666666666 0.23984375 0.19760416666666672
6 0.15942708333333333 0.7585243055555556 0.23369791666666667 0.2573090277777778
6 0.020247395833333334 0.79640625 0.04049479166666667 0.27640624999999996
6 0.073359375 0.45765625 0.14671875 0.2543749999999999
6 0.17541666666666664 0.3188715277777778 0.21229166666666668 0.24000000000000005
6 0.40265625 0.2130034722222222 0.24536458333333327 0.18694444444444444
6 0.2458854166666667 0.09633680555555556 0.22380208333333335 0.17897569444444444
6 0.0669921875 0.04048611111111111 0.133984375 0.0809375
6 0.6388541666666667 0.26659722222222226 0.23682291666666658 0.25744791666666667
6 0.8797395833333332 0.2498784722222222 0.22859374999999993 0.2508506944444445
6 0.92640625 0.13755208333333332 0.14640625000000007 0.19812500000000002
6 0.9307812500000001 0.6478472222222222 0.07255208333333343 0.22366319444444435
6 0.6428645833333333 0.9635026041666667 0.29166666666666663 0.07299479166666671
6 0.23760416666666667 0.9278993055555557 0.2772916666666667 0.14420138888888873