3 0.5010648148148148 0.4778472222222222 0.47377314814814825 0.5830902777777777
6 0.1191898148148148 0.1488888888888889 0.19762152777777775 0.2106076388888889
6 0.1572800925925926 0.07111979166666667 0.21590277777777778 0.14223958333333334
6 0.36541666666666667 0.025208333333333333 0.20666666666666664 0.050416666666666665
6 0.582957175925926 0.08046440972222221 0.21845486111111115 0.16092881944444443
6 0.32577546296296295 0.20444444444444443 0.20998842592592587 0.1929166666666667
6 0.11816550925925925 0.28717013888888887 0.19257523148148148 0.16206597222222224
6 0.10914641203703704 0.37567708333333333 0.21829282407407408 0.21583333333333332
6 0.7756770833333333 0.00630642361111111 0.15567708333333333 0.01261284722222222
6 0.9354282407407407 0.0590625 0.12914351851851863 0.118125
6 0.9839988425925925 0.3452604166666667 0.02755787037037045 0.1349652777777778
6 0.8564930555555555 0.47541666666666665 0.20298032407407404 0.19588541666666667
6 0.9441493055555557 0.66328125 0.10341435185185191 0.25225694444444446
6 0.7779282407407407 0.7474305555555556 0.18925925925925924 0.1362152777777778
6 0.8076273148148149 0.8506597222222222 0.21538773148148138 0.1836631944444445
6 0.9705844907407407 0.8907812500000001 0.04660879629629626 0.17600694444444437
6 0.09918981481481481 0.7398611111111111 0.1936747685185185 0.20505208333333336
6 0.04839988425925926 0.7387152777777778 0.09679976851851851 0.19600694444444447
6 0.19765625 0.944670138888889 0.15621527777777774 0.10423611111111128
6 0.04348524305555555 0.9302083333333332 0.0869704861111111 0.139565972222222
6 0.5574479166666666 0.7749826388888889 0.20846064814814813 0.19756944444444446
6 0.7216261574074074 0.9666145833333333 0.14712384259259254 0.036857638888889