3 0.50234375 0.496875 0.51875 0.48515625
6 0.06640625 0.08828125 0.1328125 0.1765625
6 0.35546875 0.059375 0.22890625 0.11640625
6 0.57265625 0.02578125 0.1578125 0.0515625
6 0.76640625 0.0734375 0.17890625 0.146875
6 0.9484375 0.1109375 0.103125 0.1875
6 0.92734375 0.31328125 0.1453125 0.1734375
6 0.971875 0.49765625 0.05546875 0.16171875
6 0.97109375 0.70703125 0.0578125 0.1734375
6 0.92734375 0.903125 0.1453125 0.1875
6 0.75234375 0.8484375 0.16171875 0.19296875
6 0.75 0.69140625 0.19296875 0.1859375
6 0.834375 0.49453125 0.15234375 0.1859375
6 0.7953125 0.42109375 0.175 0.20234375
6 0.65859375 0.234375 0.15859375 0.16640625
6 0.4078125 0.21484375 0.18359375 0.1640625
6 0.0796875 0.48203125 0.15859375 0.18984375
6 0.18828125 0.4984375 0.1734375 0.19453125
6 0.0734375 0.7296875 0.146875 0.221875
6 0.096875 0.87265625 0.19296875 0.23359375
6 0.20859375 0.91015625 0.2234375 0.1796875
6 0.4125 0.9515625 0.203125 0.09609375
6 0.375 0.80234375 0.196875 0.18203125
6 0.528125 0.81796875 0.19453125 0.17734375
6 0.05546875 0.29453125 0.1109375 0.17734375