3 0.5370659722222222 0.4844444444444445 0.48677083333333326 0.6912847222222223
6 0.09133680555555557 0.8725868055555555 0.14848958333333334 0.2547916666666666
6 0.2411458333333333 0.7165625 0.22527777777777783 0.19810763888888872
6 0.2565451388888889 0.9520486111111112 0.20947916666666666 0.084236111111111
6 0.41253472222222226 0.8630034722222224 0.21677083333333336 0.23675347222222243
6 0.6836458333333333 0.8869270833333334 0.22090277777777773 0.17684027777777764
6 0.7653472222222222 0.7276736111111111 0.21850694444444443 0.24463541666666658
6 0.911935763888889 0.5565972222222222 0.17612847222222214 0.1786458333333334
6 0.935603298611111 0.32104166666666667 0.128793402777778 0.22862847222222227
6 0.9037630208333333 0.9283854166666667 0.19247395833333342 0.072517361111111
6 0.9315972222222222 0.8191145833333333 0.1368055555555557 0.25836805555555564
6 0.9515625 0.004930555555555554 0.096875 0.009861111111111109
6 0.04024305555555555 0.4384895833333333 0.06506944444444444 0.18864583333333335
6 0.12980902777777778 0.5275694444444444 0.228125 0.18574652777777773
6 0.16994791666666667 0.2927430555555556 0.22696180555555556 0.2036458333333333
6 0.3671875 0.19482638888888887 0.23260416666666667 0.24682291666666667
6 0.19227430555555555 0.07241319444444444 0.22204861111111113 0.14482638888888888
6 0.08673611111111111 0.0359375 0.17347222222222222 0.071875
6 0.6367881944444445 0.11559027777777778 0.2158159722222223 0.1937847222222222
6 0.7515104166666666 0.05413194444444445 0.25770833333333326 0.1082638888888889