3 0.5159143518518519 0.4829513888888889 0.5947627314814815 0.5674479166666666
6 0.16594328703703703 0.5813368055555556 0.2046875 0.21531249999999993
6 0.1732638888888889 0.8211458333333332 0.2168113425925926 0.20543402777777792
6 0.38938078703703705 0.9190711805555555 0.20225694444444448 0.161857638888889
6 0.581568287037037 0.8224131944444444 0.21666666666666679 0.20152777777777792
6 0.8265335648148149 0.6077256944444445 0.18605324074074048 0.1969444444444445
6 0.861400462962963 0.38993055555555556 0.20011574074074084 0.19725694444444447
6 0.9829644097222221 0.27958333333333335 0.03407118055555571 0.16262152777777777
6 0.98359375 0.0624826388888889 0.0328125 0.08197916666666667
6 0.8708912037037038 0.05604166666666667 0.16990740740740762 0.07715277777777778
6 0.6952546296296296 0.09819444444444445 0.18113425925925916 0.1695138888888889
6 0.5060185185185185 0.13145833333333332 0.21296296296296297 0.18583333333333335
6 0.15572916666666667 0.09479166666666666 0.22340856481481483 0.1727951388888889
6 0.08304398148148148 0.28208333333333335 0.15147569444444445 0.16963541666666665
6 0.08078703703703703 0.4951388888888889 0.13188657407407406 0.20979166666666665
6 0.014409722222222223 0.09399305555555557 0.025260416666666667 0.11296874999999999
6 0.597193287037037 0.9633029513888889 0.17340856481481487 0.07339409722222215
6 0.7841724537037037 0.9935243055555556 0.13072916666666662 0.012951388888888716
6 0.9098958333333332 0.8852604166666665 0.18020833333333358 0.18145833333333314
6 0.9595703125 0.67578125 0.080859375 0.19366319444444446
6 0.09068287037037037 0.9719010416666667 0.10677083333333334 0.056197916666666715
5 0.8034722222222221 0.32229166666666664 0.08269675925925953 0.08302083333333332