3 0.4984375 0.528125 0.57421875 0.5546875
6 0.14453125 0.421875 0.196875 0.2109375
6 0.14296875 0.18203125 0.209375 0.20078125
6 0.35546875 0.084375 0.19609375 0.16640625
6 0.5515625 0.18984375 0.209375 0.196875
6 0.8046875 0.41015625 0.17890625 0.19296875
6 0.84765625 0.62890625 0.19296875 0.19296875
6 0.9796875 0.7421875 0.040625 0.16171875
6 0.98359375 0.959375 0.0328125 0.08125
6 0.86953125 0.96328125 0.1671875 0.0734375
6 0.6921875 0.9171875 0.175 0.165625
6 0.5015625 0.8796875 0.20625 0.18125
6 0.15234375 0.90859375 0.2171875 0.16796875
6 0.07265625 0.71953125 0.1453125 0.16640625
6 0.0625 0.50625 0.12421875 0.20703125
6 0.0109375 0.90625 0.02109375 0.1125
6 0.56171875 0.0421875 0.1703125 0.08359375
6 0.74765625 0.0140625 0.1296875 0.028125
6 0.88359375 0.134375 0.18515625 0.17734375
6 0.94921875 0.3453125 0.1015625 0.19140625
6 0.0546875 0.028125 0.1046875 0.05625
5 0.7921875 0.6953125 0.0796875 0.08125