3 0.50078125 0.48984375 0.4296875 0.46015625
6 0.34921875 0.14375 0.20625 0.23203125
6 0.64296875 0.1765625 0.1984375 0.1984375
6 0.86484375 0.15390625 0.20390625 0.1984375
6 0.95390625 0.30703125 0.0921875 0.2109375
6 0.903125 0.51484375 0.18515625 0.20625
6 0.765625 0.75078125 0.20390625 0.19296875
5 0.76796875 0.753125 0.078125 0.07109375
6 0.5828125 0.81953125 0.18359375 0.1890625
6 0.390625 0.9015625 0.228125 0.196875
6 0.296875 0.8421875 0.22109375 0.21796875
6 0.11796875 0.7171875 0.209375 0.2125
6 0.0984375 0.5 0.196875 0.2125
6 0.22734375 0.33671875 0.20390625 0.19296875
6 0.03984375 0.2484375 0.0796875 0.25078125
6 0.1015625 0.07265625 0.203125 0.1453125
6 0.22265625 0.0359375 0.196875 0.071875
6 0.96015625 0.79296875 0.0796875 0.221875