3 0.5222974537037037 0.4802430555555556 0.48632523148148155 0.5220659722222223
6 0.13116319444444444 0.04631944444444445 0.21232638888888888 0.0926388888888889
6 0.6359780092592592 0.04321180555555555 0.1688310185185184 0.0864236111111111
6 0.7677199074074075 0.020907118055555556 0.2002719907407407 0.04181423611111111
6 0.19651041666666666 0.4415625 0.20194444444444443 0.24553819444444436
6 0.480474537037037 0.8761111111111111 0.17799768518518508 0.21012152777777793
6 0.6505787037037036 0.7489409722222222 0.2671064814814816 0.2172048611111112
6 0.738912037037037 0.8013020833333334 0.195792824074074 0.19920138888888878
6 0.07548032407407408 0.820625 0.13008101851851853 0.24312499999999987
6 0.026608796296296294 0.6351736111111111 0.0367824074074074 0.16402777777777774
6 0.03653356481481482 0.30248263888888893 0.06619791666666666 0.19968749999999993
6 0.030329861111111113 0.0958984375 0.06064814814814814 0.191796875