5 0.48315972222222225 0.55703125 0.1786458333333334 0.20011574074074084
6 0.6399479166666667 0.4330439814814815 0.3374305555555555 0.2687210648148149
6 0.7396180555555556 0.25387731481481485 0.2623958333333333 0.26238425925925923
6 0.9105729166666666 0.4813078703703704 0.15373263888888894 0.28781828703703705
6 0.8125173611111111 0.7123263888888889 0.28204861111111124 0.31912615740740724
6 0.5731249999999999 0.8782769097222222 0.28649305555555565 0.24344618055555572
6 0.39677083333333335 0.9627893518518519 0.2761805555555556 0.0744212962962962
6 0.15668402777777776 0.9592737268518519 0.2811631944444445 0.0814525462962962
6 0.08528645833333333 0.7346354166666667 0.17057291666666666 0.2856770833333334
6 0.281875 0.4300347222222222 0.2966493055555556 0.31475694444444446
6 0.04868055555555555 0.42748842592592595 0.0973611111111111 0.3143518518518519
6 0.1171875 0.08993055555555556 0.234375 0.1798611111111111
6 0.35616319444444444 0.11652199074074074 0.2822048611111111 0.2
6 0.7428645833333334 0.09265046296296298 0.23142361111111107 0.09111689814814813
6 0.9224652777777778 0.12554976851851854 0.15506944444444457 0.1251736111111111
6 0.3236284722222222 0.7074652777777779 0.27223958333333337 0.25610532407407405