5 0.36534143518518514 0.44658564814814816 0.09958333333333336 0.09427662037037035
5 0.522806712962963 0.45362847222222225 0.2689583333333333 0.22574652777777776
5 0.55859375 0.7210821759259259 0.08138888888888882 0.11247106481481488
5 0.4721296296296297 0.7150578703703705 0.09723958333333335 0.09420717592592602
5 0.04220630787037037 0.5258854166666667 0.08441261574074074 0.1372685185185185
6 0.08467158564814815 0.7112847222222223 0.1693431712962963 0.23443865740740738
6 0.2794965277777778 0.5513831018518519 0.25570023148148147 0.22613425925925928
6 0.25515046296296295 0.18758101851851855 0.21774305555555556 0.2359375
6 0.4506712962962963 0.17476273148148147 0.14681134259259263 0.23929976851851853
6 0.02138888888888889 0.3226967592592593 0.04277777777777778 0.1608564814814814
6 0.6008854166666666 0.2421238425925926 0.24292245370370366 0.21638888888888888
6 0.8670891203703703 0.2147222222222222 0.23230902777777765 0.2270023148148148
6 0.7734432870370371 0.47742476851851856 0.24292245370370366 0.2163888888888888
6 0.6639930555555555 0.7203009259259259 0.21758101851851847 0.23046875
6 0.7673553240740741 0.8936458333333335 0.1970949074074074 0.17131944444444472
6 0.5471990740740741 0.9212442129629629 0.2044155092592593 0.12860532407407418
6 0.3208796296296296 0.8670659722222223 0.22807870370370367 0.215949074074074
6 0.04123263888888889 0.9522858796296297 0.08246527777777778 0.09464699074074048
5 0.5060416666666667 0.8350405092592592 0.07005787037037034 0.0988657407407409