5 0.5188194444444445 0.46015625 0.18076388888888886 0.1890625
6 0.3022916666666667 0.41953125 0.23616319444444445 0.25625
6 0.23689236111111112 0.640625 0.2584375 0.20390625
6 0.49008680555555556 0.67890625 0.28703125000000007 0.225
6 0.7225868055555555 0.7703125 0.26833333333333337 0.29765625
6 0.9344140624999999 0.74609375 0.13117187500000008 0.21953125
6 0.7677430555555554 0.5171875 0.21899305555555557 0.221875
6 0.9072873263888889 0.32890625 0.1854253472222222 0.225
6 0.8296354166666667 0.13828125 0.25659722222222214 0.2265625
6 0.9789105902777777 0.115625 0.04217881944444457 0.23046875
6 0.7014930555555556 0.03203125 0.2139236111111112 0.0640625
6 0.46265625000000005 0.0421875 0.21593750000000006 0.084375
6 0.36876736111111114 0.1765625 0.27475694444444443 0.2
6 0.2229861111111111 0.05 0.2287847222222222 0.1
6 0.1540625 0.85078125 0.25288194444444445 0.23515625