5 0.5015625 0.5046875 0.1875 0.19453125
6 0.25625 0.49453125 0.265625 0.21796875
6 0.69453125 0.5390625 0.23515625 0.23125
6 0.6828125 0.3703125 0.2734375 0.23125
6 0.44609375 0.25546875 0.25546875 0.246875
6 0.9078125 0.27265625 0.18359375 0.28828125
6 0.93046875 0.69921875 0.1390625 0.3046875
6 0.709375 0.7671875 0.3 0.22265625
6 0.6984375 0.93203125 0.25390625 0.13515625
6 0.365625 0.90859375 0.28203125 0.1828125
6 0.15703125 0.94140625 0.23125 0.1171875
6 0.21875 0.73359375 0.265625 0.25859375
6 0.05546875 0.62734375 0.1109375 0.30703125
6 0.1890625 0.28125 0.240625 0.2109375
6 0.0234375 0.3484375 0.046875 0.165625
6 0.81640625 0.08984375 0.309375 0.1796875
6 0.52734375 0.0234375 0.17890625 0.046875
6 0.11875 0.0875 0.23671875 0.17421875