5 0.49570023148148146 0.5080150462962963 0.22167824074074077 0.20089699074074083
6 0.10741898148148148 0.6077083333333333 0.20053240740740738 0.2497916666666667
6 0.31018518518518523 0.6919444444444445 0.2795081018518518 0.255648148148148
6 0.5388194444444444 0.7296990740740741 0.27421296296296305 0.26728587962962963
6 0.7590219907407407 0.7782638888888889 0.2600462962962965 0.2600462962962963
6 0.7682928240740742 0.5604803240740741 0.333917824074074 0.23770833333333333
6 0.9391724537037037 0.47872106481481486 0.12165509259259259 0.2690625000000001
6 0.8208912037037036 0.36755208333333333 0.26674189814814825 0.23749421296296297
6 0.8969328703703704 0.20390046296296296 0.20613425925925916 0.26321180555555557
6 0.9265625 0.04732060185185185 0.146875 0.06936342592592593
6 0.6123090277777777 0.15435185185185185 0.24648148148148152 0.18798611111111113
6 0.7078298611111111 0.06438078703703703 0.24534722222222224 0.11142361111111113
6 0.3278356481481482 0.1962210648148148 0.2850462962962963 0.26041666666666663
6 0.2746354166666667 0.4539699074074074 0.28984953703703703 0.2682986111111111
6 0.09470486111111111 0.8566840277777779 0.16792824074074073 0.2633680555555557
6 0.42840856481481476 0.9176533564814815 0.28453125 0.1646932870370371