5 0.5015625 0.5046875 0.17734375 0.1875
6 0.68984375 0.43203125 0.2078125 0.253125
6 0.88671875 0.5546875 0.19453125 0.21796875
6 0.96328125 0.5453125 0.07265625 0.23203125
6 0.884375 0.88515625 0.2265625 0.2296875
6 0.678125 0.84140625 0.24453125 0.25859375
6 0.51875 0.9265625 0.20625 0.146875
6 0.5578125 0.74609375 0.23125 0.22421875
6 0.4296875 0.684375 0.19609375 0.21640625
6 0.23984375 0.7875 0.25234375 0.21015625
6 0.25625 0.9421875 0.2171875 0.115625
6 0.084375 0.91015625 0.16796875 0.1796875
6 0.18125 0.559375 0.2328125 0.21640625
6 0.2828125 0.37421875 0.278125 0.246875
6 0.43828125 0.14375 0.25234375 0.25078125
6 0.396875 0.05546875 0.2484375 0.11015625
6 0.6984375 0.1046875 0.25625 0.209375
6 0.1140625 0.19296875 0.22734375 0.24140625
6 0.10546875 0.06875 0.2109375 0.1375