5 0.5416145833333333 0.49198495370370365 0.16515625000000006 0.17331018518518526
5 0.5635416666666667 0.9148263888888888 0.08578124999999996 0.07037615740740719
5 0.5887499999999999 0.04831018518518519 0.09031249999999993 0.07986689814814815
6 0.31828124999999996 0.32403935185185184 0.2932291666666666 0.2581944444444445
6 0.5557291666666666 0.1870601851851852 0.29270833333333324 0.22699074074074072
6 0.7614583333333333 0.407974537037037 0.2189583333333333 0.196736111111111
6 0.83078125 0.5906597222222223 0.26057291666666665 0.23617476851851862
6 0.9763411458333333 0.5832928240740741 0.047317708333333285 0.20787615740740736
6 0.9942447916666666 0.7329456018518519 0.011510416666666856 0.1360879629629629
6 0.9761848958333333 0.8734375 0.047630208333333354 0.199861111111111
6 0.43395833333333333 0.7441030092592593 0.25078125 0.2179513888888888
6 0.20380208333333333 0.8612962962962962 0.2749479166666666 0.2763657407407408
6 0.09432291666666667 0.6985879629629629 0.11015625 0.2254803240740742
6 0.23260416666666667 0.553587962962963 0.2884375 0.22140625000000008
6 0.061510416666666665 0.10234375 0.12302083333333333 0.2046875
6 0.25875 0.01167824074074074 0.195625 0.02335648148148148
6 0.8205208333333334 0.08662037037037038 0.25666666666666665 0.17324074074074075
6 0.9625130208333333 0.08922598379629629 0.07497395833333335 0.17845196759259258
6 0.9300520833333333 0.3523726851851852 0.13989583333333327 0.2733796296296296