5 0.523263888888889 0.5271412037037038 0.20487847222222227 0.1991087962962963
5 0.12687500000000002 0.5351388888888889 0.07746527777777779 0.09116898148148138
6 0.6665798611111111 0.1494212962962963 0.2119097222222223 0.23430555555555554
6 0.47203125 0.2354513888888889 0.2624479166666667 0.22921296296296295
6 0.24907986111111108 0.1392997685185185 0.2273958333333333 0.23129629629629628
6 0.7464236111111111 0.03052083333333333 0.2506597222222222 0.05184027777777778
6 0.1682986111111111 0.026238425925925922 0.22409722222222223 0.05164351851851852
6 0.01842013888888889 0.11572337962962961 0.036041666666666666 0.21347800925925925
6 0.15112847222222223 0.3603761574074074 0.2563888888888889 0.21589120370370374
6 0.2811284722222222 0.5792361111111111 0.2415972222222223 0.2345254629629629
6 0.07526041666666666 0.6214467592592593 0.10376736111111111 0.20851273148148158
6 0.06590277777777778 0.7447743055555556 0.07147569444444443 0.14969907407407418
6 0.08739583333333334 0.9117245370370369 0.09847222222222221 0.17655092592592608
6 0.21319444444444446 0.8255266203703704 0.23057291666666666 0.1797743055555557
6 0.41644097222222226 0.915949074074074 0.26769097222222216 0.16810185185185206
6 0.4884548611111111 0.7455613425925927 0.27425347222222224 0.2136805555555556
6 0.7174305555555556 0.8191087962962962 0.19385416666666658 0.21464699074074076
6 0.8403298611111112 0.962839988425926 0.25506944444444457 0.07432002314814809
6 0.8825434027777778 0.6891840277777778 0.23491319444444442 0.23146990740740742
6 0.7669791666666667 0.598454861111111 0.23621527777777765 0.21886574074074083
6 0.9806510416666667 0.6040625000000001 0.038697916666666644 0.26372106481481483
6 0.9726519097222223 0.36419560185185185 0.05469618055555543 0.24032407407407402
6 0.976736111111111 0.12207754629629627 0.046527777777777855 0.21440972222222224