5 0.5052372685185185 0.548582175925926 0.1718344907407408 0.16802662037037025
6 0.6703877314814815 0.739525462962963 0.2455324074074074 0.24372106481481487
6 0.334068287037037 0.5835069444444445 0.20724537037037036 0.2931712962962962
6 0.0999363425925926 0.477199074074074 0.1884201388888889 0.23402777777777786
6 0.0627951388888889 0.7093460648148149 0.10750578703703703 0.2506655092592592
6 0.2111458333333333 0.7671585648148149 0.21173032407407408 0.22717013888888893
6 0.32522569444444444 0.9196108217592591 0.2104166666666666 0.16077835648148167
6 0.5499016203703704 0.9081814236111111 0.22342592592592592 0.18363715277777787
6 0.7736631944444444 0.9365813078703704 0.1908854166666666 0.12683738425925917
6 0.931244212962963 0.9002893518518519 0.1375115740740739 0.19942129629629618
6 0.9596310763888889 0.6083333333333334 0.08073784722222221 0.22126736111111106
6 0.9116666666666667 0.3705439814814815 0.17666666666666658 0.2117476851851851
6 0.7127256944444444 0.4367476851851852 0.22247106481481485 0.21469907407407404
6 0.4747280092592593 0.38556134259259256 0.2471469907407407 0.19467592592592595
6 0.3980208333333334 0.21209490740740744 0.23428240740740733 0.22181712962962957
6 0.6025289351851851 0.16247106481481483 0.23434027777777774 0.22572337962962963
6 0.7825520833333334 0.09308449074074074 0.15571759259259252 0.08098958333333335
6 0.92578125 0.1592013888888889 0.1484375 0.19224537037037037