5 0.46953125 0.4491666666666666 0.17265625 0.20135416666666667
6 0.3171875 0.5960416666666667 0.3296875 0.26963541666666657
6 0.22578125 0.7896354166666667 0.2546875 0.2630729166666665
6 0.05703125 0.5844791666666667 0.1140625 0.2880729166666667
6 0.134375 0.34104166666666663 0.26875 0.3186979166666667
6 0.3640625 0.1301953125 0.278125 0.260390625
6 0.53828125 0.032734374999999996 0.275 0.06546874999999999
6 0.78046875 0.019283854166666666 0.28046875 0.03856770833333333
6 0.8921875 0.21161458333333333 0.215625 0.28781249999999997
6 0.978125 0.070859375 0.04375 0.14171875
6 0.67890625 0.5484895833333333 0.28671875 0.31677083333333333
6 0.9359375 0.5141666666666667 0.128125 0.31791666666666674
6 0.87265625 0.8621354166666666 0.2546875 0.17557291666666686
6 0.61875 0.87046875 0.278125 0.1951041666666665
6 0.2296875 0.9503125000000001 0.23125 0.08416666666666686
6 0.0625 0.9411458333333332 0.121875 0.11749999999999972
6 0.62421875 0.27557291666666667 0.26484375 0.25749999999999995