5 0.5028587962962963 0.5246875 0.269050925925926 0.269375
6 0.46359953703703705 0.2846875 0.21332754629629633 0.2313020833333333
6 0.6777662037037037 0.3130208333333333 0.1984375 0.22406249999999997
6 0.8386805555555557 0.21520833333333336 0.1983854166666667 0.21703124999999995
6 0.9296875 0.11666666666666665 0.140625 0.11875
6 0.7737268518518519 0.5122916666666667 0.23287037037037023 0.2341666666666667
6 0.8821296296296296 0.7045833333333332 0.20629050925925937 0.23005208333333335
6 0.7434085648148148 0.8468229166666668 0.21875 0.22541666666666665
6 0.7016087962962964 0.9737760416666668 0.29128472222222224 0.05244791666666657
6 0.4494502314814815 0.8862239583333335 0.2143518518518519 0.22755208333333315
6 0.27934027777777776 0.8151041666666667 0.19646990740740744 0.16927083333333356
6 0.08652777777777779 0.7179166666666666 0.1641608796296296 0.23505208333333324
6 0.24653935185185186 0.6036458333333334 0.2227662037037037 0.24052083333333343