5 0.5078125 0.5352719907407407 0.16953125 0.17974537037037042
5 0.98125 0.7828414351851851 0.0375 0.08559027777777786
5 0.46875 0.7495659722222222 0.08515625 0.08755787037037041
6 0.225 0.8111979166666666 0.26171875 0.24907407407407406
6 0.2765625 0.535329861111111 0.2296875 0.26623263888888893
6 0.2328125 0.4281828703703704 0.24609375 0.2604166666666668
6 0.0640625 0.4867766203703704 0.128125 0.25480324074074084
6 0.075 0.6157118055555555 0.15 0.2540798611111111
6 0.02890625 0.7146412037037038 0.0578125 0.19021990740740743
6 0.02734375 0.9384765625 0.0546875 0.123046875
6 0.16328125 0.9649377893518519 0.20546875 0.07012442129629619
6 0.46796875 0.8971426504629629 0.25703125 0.20571469907407405
6 0.7265625 0.9477141203703704 0.26875 0.10457175925925917
6 0.88828125 0.875173611111111 0.21171875 0.24302662037037023
6 0.7734375 0.6651041666666666 0.2546875 0.25167824074074086
6 0.615625 0.7237268518518518 0.20390625 0.2447916666666666
6 0.9234375 0.5910590277777777 0.153125 0.24571759259259257
6 0.84453125 0.36724537037037036 0.21484375 0.2932581018518518
6 0.58515625 0.30896990740740743 0.25859375 0.24806134259259255
6 0.25625 0.2064814814814815 0.278125 0.2448206018518518
6 0.1 0.1605324074074074 0.19921875 0.29756944444444444
6 0.02890625 0.1380787037037037 0.0578125 0.2074074074074074
6 0.36015625 0.07120949074074075 0.2453125 0.10645254629629627
6 0.64375 0.11877893518518519 0.215625 0.15815972222222224
6 0.87109375 0.13015046296296298 0.2515625 0.14988425925925924