5 0.51328125 0.51484375 0.17734375 0.20859375
6 0.42734375 0.178125 0.225 0.19140625
6 0.721875 0.153125 0.28203125 0.246875
6 0.80859375 0.590625 0.23125 0.21796875
6 0.66171875 0.853125 0.2328125 0.18203125
6 0.375 0.83984375 0.24453125 0.196875
6 0.2671875 0.62265625 0.23046875 0.2265625
6 0.94921875 0.83203125 0.1015625 0.2203125
6 0.96953125 0.61015625 0.0609375 0.15703125
6 0.96015625 0.3953125 0.0796875 0.221875
6 0.9484375 0.08515625 0.103125 0.1703125
6 0.14375 0.04453125 0.22109375 0.0890625
6 0.04296875 0.1390625 0.0859375 0.20625
6 0.0796875 0.79296875 0.15859375 0.2453125