5 0.5057175925925925 0.49140625 0.16245949074074062 0.15546875
6 0.2954224537037037 0.48203125 0.24543981481481475 0.21953125
6 0.35288773148148145 0.24765625 0.2662268518518518 0.2515625
6 0.6225057870370371 0.30625 0.2472337962962964 0.23515625
6 0.6943807870370371 0.5171875 0.2588946759259258 0.23125
6 0.8469328703703702 0.7421875 0.2797974537037035 0.27109375
6 0.616082175925926 0.92734375 0.2412152777777777 0.1453125
6 0.3112905092592593 0.9203125 0.23282986111111104 0.159375
6 0.07536458333333333 0.815625 0.13020833333333334 0.24609375
6 0.06356481481481482 0.38828125 0.11839699074074073 0.23984375
6 0.9022844328703703 0.40078125 0.19543113425925931 0.2375
6 0.7908449074074074 0.1203125 0.2548379629629629 0.22109375