5 0.5401157407407406 0.5225231481481482 0.19839120370370367 0.21153356481481483
5 0.3994849537037037 0.5082060185185184 0.08679976851851849 0.08107638888888893
6 0.782337962962963 0.4985474537037037 0.2909027777777776 0.21768518518518523
6 0.8622685185185185 0.702181712962963 0.27546296296296297 0.24960069444444438
6 0.9704340277777778 0.83828125 0.05913194444444443 0.2312210648148149
6 0.8742476851851851 0.3056539351851852 0.2515046296296298 0.22928819444444448
6 0.92109375 0.10916666666666666 0.1578125 0.20585648148148147
6 0.6930324074074073 0.045740740740740735 0.18840856481481474 0.08260995370370369
6 0.6181481481481482 0.31069444444444444 0.31098958333333326 0.22720486111111118
6 0.4859895833333333 0.1230787037037037 0.2504108796296297 0.20645254629629634
6 0.3282407407407407 0.057094907407407414 0.2322627314814815 0.1110474537037037
6 0.05451967592592592 0.037106481481481476 0.10899305555555557 0.07343171296296296
6 0.08649305555555556 0.22085648148148146 0.16233796296296296 0.2620254629629629
6 0.12368055555555554 0.3476388888888889 0.2170833333333333 0.18434027777777776
6 0.31854745370370374 0.38109953703703703 0.2441319444444444 0.2454513888888889
6 0.28138310185185184 0.7291087962962963 0.24821180555555555 0.2220543981481482
6 0.3312384259259259 0.9231886574074075 0.27479166666666666 0.15362268518518504
6 0.10449074074074075 0.8144791666666666 0.12564814814814812 0.22270833333333329
6 0.09 0.5699479166666667 0.12833333333333333 0.26802083333333326
6 0.9761284722222221 0.9837847222222222 0.04774305555555571 0.03243055555555543