5 0.5180034722222222 0.4966435185185185 0.2377604166666666 0.20091435185185186
5 0.49439236111111107 0.24655092592592592 0.1125 0.10626736111111112
6 0.2699479166666666 0.11680555555555554 0.2280729166666667 0.22895833333333332
6 0.7037326388888889 0.10674189814814813 0.2605902777777779 0.2049884259259259
6 0.08664930555555556 0.10451388888888888 0.1732986111111111 0.20902777777777776
6 0.08562499999999999 0.27476273148148145 0.15625 0.21202546296296293
6 0.35234375 0.2837673611111111 0.20855902777777774 0.21163194444444447
6 0.27288194444444447 0.48155092592592597 0.24465277777777777 0.23298611111111106
6 0.16899305555555555 0.6393229166666667 0.22260416666666666 0.22891782407407407
6 0.39869791666666665 0.6589872685185185 0.24529513888888888 0.1947222222222223
6 0.46623263888888894 0.8430208333333333 0.23578124999999997 0.22667245370370354
6 0.21194444444444444 0.8676909722222224 0.22295138888888885 0.2367303240740739
6 0.07921875 0.9212890625 0.08354166666666667 0.157421875
6 0.5877430555555556 0.9564843749999999 0.22977430555555553 0.08703125000000007
6 0.35977430555555556 0.9767824074074074 0.19977430555555556 0.04643518518518519
6 0.7656076388888888 0.8663252314814816 0.2968229166666667 0.2646122685185183
6 0.9070486111111112 0.9778587962962962 0.18590277777777758 0.04428240740740748
6 0.9806944444444443 0.8952285879629629 0.03861111111111128 0.20954282407407412
6 0.9256249999999999 0.6622395833333334 0.14875000000000008 0.2715856481481481
6 0.8315798611111112 0.4528877314814815 0.22928819444444457 0.22115740740740736
6 0.6475868055555556 0.31953703703703706 0.24309027777777778 0.232974537037037
6 0.90953125 0.23328125000000002 0.18093749999999992 0.22950231481481484