5 0.5052662037037037 0.5311342592592593 0.16290509259259256 0.18547453703703703
5 0.23576388888888888 0.6682291666666667 0.07158564814814819 0.10017361111111107
6 0.4934895833333333 0.7223668981481481 0.28344907407407405 0.2383101851851853
6 0.32488425925925923 0.8930049189814815 0.29806134259259254 0.21399016203703702
6 0.8900462962962962 0.8969039351851851 0.16342592592592595 0.20619212962962977
6 0.7244502314814815 0.37965856481481486 0.20289351851851833 0.23298611111111117
6 0.8747395833333333 0.29291087962962964 0.24065393518518513 0.2835358796296297
6 0.959837962962963 0.14976851851851852 0.08032407407407405 0.230787037037037
6 0.8541377314814815 0.08874421296296296 0.22609953703703703 0.12228009259259258
6 0.6051504629629629 0.09438657407407408 0.28654513888888894 0.15338541666666666
6 0.4966435185185185 0.3203703703703704 0.2362268518518519 0.22719907407407405
6 0.25798611111111114 0.19496527777777778 0.24178240740740745 0.2508101851851852
6 0.06936487268518518 0.13148148148148148 0.13872974537037036 0.24499421296296298
6 0.05575810185185185 0.38819444444444445 0.1115162037037037 0.23807870370370363
6 0.1064308449074074 0.6973090277777778 0.2128616898148148 0.2539641203703704
6 0.05523726851851851 0.8859375 0.11047453703703702 0.228125