5 0.5038252314814815 0.5517650462962964 0.21067129629629627 0.20066550925925916
6 0.3191435185185186 0.5128761574074074 0.2607060185185185 0.31027199074074086
6 0.24141203703703704 0.6944733796296296 0.285 0.2635416666666668
6 0.620920138888889 0.8789351851851851 0.2719560185185184 0.22635995370370382
6 0.409375 0.9546296296296297 0.26400462962962956 0.09074074074074048
6 0.6659780092592593 0.9888744212962962 0.22173032407407406 0.02225115740740762
6 0.8617824074074074 0.906076388888889 0.2531944444444445 0.18784722222222214
6 0.7087094907407409 0.6515914351851853 0.26128472222222215 0.24392361111111108
6 0.8778993055555556 0.5226273148148148 0.2329629629629629 0.22960069444444448
6 0.8946064814814815 0.291869212962963 0.20703703703703696 0.2715856481481481
6 0.8199247685185185 0.10931712962962963 0.31327546296296305 0.16932870370370373
6 0.9769097222222222 0.11825810185185186 0.04618055555555571 0.16568287037037033
6 0.5658217592592593 0.11319444444444446 0.25271990740740746 0.19285300925925924
6 0.36767939814814815 0.13868634259259258 0.22479745370370371 0.2581886574074074
6 0.1585821759259259 0.11218171296296295 0.22424189814814816 0.2206886574074074
6 0.03046875 0.05581597222222222 0.0609375 0.11163194444444444
6 0.04275173611111111 0.24146412037037038 0.08550347222222222 0.21339699074074076