5 0.51671875 0.4688078703703704 0.1871180555555556 0.2072916666666668
6 0.8420833333333333 0.4963541666666667 0.28317708333333336 0.28304398148148147
6 0.45772569444444444 0.7016782407407407 0.24223958333333329 0.26597222222222233
6 0.2378819444444445 0.7743055555555556 0.22105902777777775 0.2956018518518519
6 0.8615972222222222 0.740625 0.2712499999999999 0.2377025462962962
6 0.8911848958333334 0.26472800925925927 0.2176302083333333 0.26001157407407405
6 0.7176388888888889 0.24890046296296298 0.24937499999999985 0.27118055555555554
6 0.5120486111111111 0.15300925925925926 0.23822916666666671 0.2609953703703704
6 0.7346874999999999 0.06199363425925926 0.26078124999999996 0.12398726851851852
6 0.93203125 0.04299768518518518 0.1359375 0.08599537037037036
6 0.48663194444444446 0.01765769675925926 0.24980902777777772 0.03531539351851852
6 0.2182291666666667 0.07867476851851853 0.25520833333333337 0.15734953703703705
6 0.13586805555555556 0.23330439814814813 0.2584201388888889 0.25703125
6 0.37241319444444443 0.313599537037037 0.27204861111111106 0.27364004629629635
6 0.24322916666666666 0.5219328703703704 0.21586805555555558 0.27259837962962974
6 0.08791666666666667 0.5052662037037037 0.15821180555555556 0.27534722222222213
6 0.6616319444444445 0.862644675925926 0.27508680555555554 0.19976851851851835
6 0.8841493055555556 0.8821180555555556 0.23170138888888872 0.12488425925925917
6 0.35796875 0.89609375 0.33942708333333327 0.18191550925925917
6 0.07640625 0.9380787037037038 0.11270833333333334 0.12300347222222215
6 0.08338541666666667 0.7591435185185185 0.1374826388888889 0.21999421296296298