5 0.4597048611111111 0.5267361111111111 0.2739583333333334 0.25570023148148147
6 0.48189236111111117 0.7600983796296296 0.21806134259259266 0.22010995370370381
6 0.27491319444444445 0.7383391203703704 0.2036284722222222 0.21333912037037023
6 0.11158564814814816 0.8387731481481481 0.20321180555555557 0.20630787037037024
6 0.043213252314814814 0.9408275462962962 0.08642650462962963 0.11834490740740762
6 0.19392939814814816 0.5458622685185185 0.23768518518518517 0.2223958333333334
6 0.10330005787037037 0.3615451388888889 0.20660011574074075 0.21909722222222222
6 0.2462326388888889 0.21817129629629628 0.2231597222222222 0.2140625
6 0.2963020833333333 0.06030092592592593 0.2886458333333334 0.10891203703703703
6 0.5361574074074074 0.14826388888888892 0.22138888888888886 0.2631076388888889
6 0.6961400462962963 0.23640046296296297 0.19887152777777786 0.159375
6 0.8904976851851852 0.32581018518518523 0.19655671296296298 0.22554976851851852
6 0.7145254629629629 0.4414351851851852 0.22789930555555565 0.22826967592592595