5 0.51640625 0.4734664351851851 0.15343750000000006 0.19537037037037025
5 0.40814236111111113 0.8441840277777777 0.11175347222222225 0.11108217592592595
5 0.13335069444444445 0.511892361111111 0.09630208333333332 0.11831597222222215
5 0.80796875 0.4697048611111111 0.09175347222222215 0.0892650462962962
5 0.9886631944444446 0.045196759259259256 0.02267361111111086 0.09039351851851851
6 0.9608246527777778 0.5927662037037036 0.07835069444444435 0.19004629629629619
6 0.8838411458333333 0.8652488425925926 0.23231770833333343 0.21316550925925917
6 0.5396354166666667 0.7798900462962963 0.2305902777777778 0.2247685185185185
6 0.39222222222222225 0.6907407407407408 0.26875 0.22071759259259255
6 0.13857638888888887 0.7822337962962963 0.2402083333333333 0.23605324074074066
6 0.04237847222222223 0.6403645833333333 0.061354166666666675 0.2317708333333332
6 0.10687500000000001 0.3408564814814815 0.2031423611111111 0.2541956018518519
6 0.12062499999999998 0.11516203703703702 0.24006944444444445 0.22980324074074074
6 0.33329861111111114 0.08779658564814816 0.21345486111111106 0.1755931712962963
6 0.5684722222222222 0.04942853009259259 0.2525520833333335 0.09885706018518518
6 0.3333506944444445 0.8915219907407408 0.2169965277777778 0.17508680555555572
6 0.08888888888888889 0.9388888888888889 0.13541666666666669 0.12210648148148166
6 0.2947916666666667 0.45821759259259254 0.22972222222222224 0.2559606481481481
6 0.4564583333333333 0.2739583333333333 0.2136284722222223 0.19916087962962958
6 0.9642881944444444 0.22138310185185187 0.07142361111111128 0.19496527777777778