5 0.5190914351851852 0.561875 0.20532407407407405 0.19961805555555542
5 0.12750578703703702 0.5807465277777778 0.0779340277777778 0.09067708333333328
6 0.6554629629629629 0.18335069444444446 0.2128298611111111 0.23411458333333335
6 0.4645081018518519 0.2744270833333333 0.262505787037037 0.2297569444444445
6 0.24254629629629632 0.1854861111111111 0.2275347222222222 0.23210069444444442
6 0.7296643518518519 0.04564670138888889 0.2538599537037037 0.09129340277777778
6 0.39491319444444445 0.029618055555555557 0.2148263888888889 0.059236111111111114
6 0.15857060185185184 0.05184027777777778 0.2265162037037037 0.10368055555555555
6 0.01859375 0.1685590277777778 0.0296875 0.21131944444444445
6 0.14852430555555557 0.40739583333333335 0.2562962962962963 0.21713541666666672
6 0.2808333333333334 0.6203645833333333 0.2417361111111111 0.23475694444444456
6 0.08255208333333333 0.6670138888888889 0.09806712962962964 0.20659722222222215
6 0.07497685185185185 0.79 0.06421874999999999 0.1488888888888887
6 0.09682291666666668 0.934236111111111 0.09049768518518517 0.131527777777778
6 0.21715277777777775 0.8658506944444444 0.2307291666666666 0.18067708333333315
6 0.4180555555555555 0.9294444444444444 0.2643923611111111 0.12993055555555558
6 0.488119212962963 0.7784722222222222 0.2741261574074073 0.21519097222222233
6 0.715769675925926 0.8446006944444445 0.19453125 0.214982638888889
6 0.8371469907407407 0.9655034722222222 0.25047453703703687 0.03989583333333328
6 0.879408275462963 0.7117708333333332 0.24118344907407413 0.23263888888888892
6 0.7614467592592592 0.6253298611111111 0.23695023148148148 0.21982638888888886
6 0.9755946180555555 0.6231944444444444 0.04881076388888914 0.2619097222222223
6 0.9663773148148149 0.38574652777777774 0.06724537037037023 0.23781249999999998
6 0.9682812500000001 0.14727430555555554 0.06343749999999986 0.21243055555555554