5 0.5 0.49375 0.16604166666666664 0.1727083333333333
5 0.3788541666666666 0.0871875 0.06545138888888893 0.08635416666666666
5 0.9483043981481482 0.69265625 0.08195601851851855 0.10072916666666672
6 0.9036458333333333 0.5019791666666666 0.1860011574074072 0.23182291666666668
6 0.653900462962963 0.37885416666666666 0.21767361111111114 0.29093749999999996
6 0.8131481481481482 0.27999999999999997 0.22115740740740755 0.2341666666666667
6 0.9520659722222222 0.18484375 0.09360532407407404 0.1975520833333333
6 0.9025694444444443 0.048125 0.1948611111111113 0.09625
6 0.569375 0.004895833333333333 0.17921296296296313 0.009791666666666666
6 0.23090277777777776 0.042499999999999996 0.20069444444444445 0.08499999999999999
6 0.08437355324074074 0.3083854166666667 0.16874710648148147 0.21682291666666664
6 0.05859230324074074 0.0958984375 0.11718460648148148 0.191796875
6 0.43549189814814815 0.24192708333333335 0.24928240740740737 0.23604166666666665
6 0.4299710648148148 0.6709895833333334 0.2556192129629629 0.24817708333333338
6 0.2932118055555556 0.8964062500000001 0.2942013888888889 0.1859375
6 0.7314641203703703 0.87109375 0.2496180555555556 0.17593749999999986