5 0.47387152777777775 0.5005729166666667 0.1906944444444445 0.23291666666666658
6 0.7001273148148148 0.5570833333333333 0.22031828703703712 0.2263020833333332
6 0.3196412037037037 0.32302083333333337 0.23252893518518522 0.18807291666666667
6 0.08902488425925927 0.33177083333333335 0.17804976851851853 0.22135416666666669
6 0.0515625 0.07140625 0.103125 0.1428125
6 0.31964699074074077 0.11119791666666665 0.2544560185185185 0.19656250000000003
6 0.11157118055555555 0.5856770833333333 0.2231423611111111 0.24791666666666679
6 0.45075810185185183 0.7718229166666666 0.21579282407407413 0.24786458333333333
6 0.22152199074074072 0.80109375 0.20629629629629634 0.23083333333333336
6 0.45633680555555556 0.9484765625 0.268894675925926 0.10304687500000007
6 0.16709490740740743 0.9632291666666667 0.2583796296296296 0.07354166666666657
6 0.018917824074074073 0.89921875 0.037835648148148146 0.2015625
6 0.7988541666666666 0.9161197916666666 0.2351736111111112 0.16776041666666686
6 0.7870601851851852 0.745 0.27320023148148137 0.19703125000000005
6 0.9622743055555556 0.83328125 0.06589120370370338 0.25114583333333335
6 0.9616145833333334 0.5002604166666667 0.07203703703703682 0.2375
6 0.8455324074074074 0.3432291666666667 0.20155671296296304 0.2234895833333333
6 0.9181250000000001 0.145625 0.16296874999999994 0.17953125