5 0.50234375 0.49375 0.20234375 0.16953125
5 0.60625 0.875 0.08359375 0.10234375
5 0.97109375 0.84296875 0.0578125 0.1171875
5 0.93671875 0.59609375 0.08984375 0.075
5 0.52734375 0.86640625 0.0671875 0.125
6 0.2984375 0.5625 0.25234375 0.2453125
6 0.91640625 0.44453125 0.16640625 0.20234375
6 0.91171875 0.24453125 0.17578125 0.1875
6 0.25546875 0.08359375 0.23046875 0.16640625
6 0.07890625 0.03203125 0.14453125 0.0640625
6 0.06796875 0.80859375 0.1359375 0.22890625
6 0.346875 0.840625 0.284375 0.2859375
6 0.91328125 0.68828125 0.1734375 0.1984375