5 0.4659375 0.4929803240740741 0.20218749999999996 0.23142361111111107
6 0.5802083333333333 0.13292245370370373 0.25177083333333333 0.21646412037037038
6 0.2710416666666667 0.1318532986111111 0.31578124999999996 0.2637065972222222
6 0.14734375 0.5912326388888889 0.260625 0.2442245370370369
6 0.2850520833333333 0.8600983796296295 0.2596874999999999 0.20681712962962956
6 0.5891666666666666 0.8272916666666668 0.2732291666666667 0.22318287037037052
6 0.7184895833333333 0.5916261574074074 0.25973958333333336 0.2542881944444444
6 0.022161458333333335 0.8550347222222221 0.04432291666666667 0.2383680555555557
6 0.0069791666666666665 0.6219560185185186 0.013958333333333333 0.16858796296296283
6 0.025859375 0.3932291666666667 0.05171875 0.2369791666666666
6 0.046875 0.0796875 0.09375 0.159375
6 0.8858333333333335 0.013514178240740743 0.22828124999999985 0.027028356481481487
6 0.968125 0.08953269675925926 0.061406249999999926 0.17906539351851852
6 0.8839062500000001 0.7600231481481481 0.14067708333333329 0.26590856481481495