5 0.47385416666666663 0.47782986111111114 0.21590856481481496 0.18682291666666656
5 0.5899363425925925 0.07293402777777777 0.08908564814814816 0.11092013888888888
5 0.9698842592592593 0.09118055555555556 0.057309027777777646 0.1266840277777778
5 0.9332523148148149 0.3504513888888889 0.09568865740740726 0.08232638888888885
5 0.5062037037037037 0.08602430555555556 0.0730266203703703 0.1336284722222222
6 0.26085648148148144 0.41546875000000005 0.2694328703703704 0.26883680555555556
6 0.9066608796296297 0.5116840277777778 0.17270254629629633 0.22159722222222236
6 0.8980671296296296 0.7228645833333334 0.18416666666666687 0.20493055555555556
6 0.2074363425925926 0.9120486111111111 0.24528356481481478 0.167048611111111
6 0.04842013888888889 0.9733159722222222 0.09684027777777778 0.05336805555555557
6 0.04807581018518518 0.16659722222222223 0.09615162037037037 0.24414930555555556
6 0.31506944444444446 0.1392621527777778 0.3050173611111111 0.2785243055555556
6 0.9065277777777778 0.25717013888888884 0.18120370370370367 0.21572916666666667