5 0.50078125 0.51171875 0.165625 0.15703125
5 0.79453125 0.07421875 0.09921875 0.0984375
6 0.8515625 0.61484375 0.23828125 0.24921875
6 0.51953125 0.8125 0.221875 0.2296875
6 0.73203125 0.9234375 0.2578125 0.15234375
6 0.93359375 0.903125 0.13203125 0.19296875
6 0.61640625 0.678125 0.259375 0.24921875
6 0.71328125 0.48828125 0.2328125 0.259375
6 0.9203125 0.3875 0.159375 0.2375
6 0.84609375 0.32109375 0.23671875 0.2265625
6 0.940625 0.153125 0.11875 0.26875
6 0.6234375 0.171875 0.21015625 0.2390625
6 0.5234375 0.128125 0.24375 0.20859375
6 0.53203125 0.04609375 0.2265625 0.0921875
6 0.3203125 0.040625 0.19296875 0.08125
6 0.15234375 0.109375 0.221875 0.2109375
6 0.09375 0.1 0.1875 0.2
6 0.36015625 0.3484375 0.2140625 0.22421875
6 0.2578125 0.3296875 0.23046875 0.2453125
6 0.1015625 0.3609375 0.203125 0.29765625
6 0.0984375 0.70078125 0.196875 0.2390625
6 0.3296875 0.64453125 0.24609375 0.25859375
6 0.275 0.88515625 0.225 0.21484375
6 0.08828125 0.95 0.17578125 0.1