5 0.51953125 0.4859375 0.2140625 0.221875
6 0.365625 0.29921875 0.23671875 0.2625
6 0.653125 0.35859375 0.3 0.22421875
6 0.86015625 0.28671875 0.21796875 0.2921875
6 0.76328125 0.58984375 0.209375 0.26875
6 0.93125 0.5375 0.1375 0.25859375
6 0.834375 0.9203125 0.2765625 0.159375
6 0.60390625 0.9546875 0.2234375 0.090625
6 0.328125 0.921875 0.325 0.15625
6 0.10625 0.7171875 0.196875 0.24375
6 0.284375 0.63125 0.209375 0.28046875
6 0.0984375 0.41171875 0.196875 0.234375
6 0.15 0.15859375 0.21015625 0.24921875
6 0.640625 0.12578125 0.2390625 0.22265625
6 0.96640625 0.05234375 0.06640625 0.1046875
6 0.46953125 0.06484375 0.278125 0.1296875
6 0.5109375 0.62734375 0.23828125 0.2140625
6 0.03515625 0.58515625 0.0703125 0.14921875
6 0.021875 0.13125 0.04375 0.2125