5 0.506886574074074 0.4315104166666667 0.20435185185185176 0.20171875000000003
6 0.327662037037037 0.4747395833333333 0.253582175925926 0.31114583333333334
6 0.25234375 0.29989583333333336 0.2771064814814815 0.2658854166666666
6 0.6201909722222222 0.11167968749999999 0.26407407407407407 0.22335937499999997
6 0.41564236111111114 0.04432291666666667 0.25628472222222226 0.08864583333333334
6 0.6636631944444444 0.007239583333333332 0.21482638888888878 0.014479166666666664
6 0.8563078703703703 0.08498697916666667 0.2493344907407405 0.16997395833333334
6 0.7055555555555555 0.32833333333333337 0.2533912037037037 0.2455729166666667
6 0.876238425925926 0.44755208333333335 0.23211226851851877 0.23166666666666663
6 0.892751736111111 0.67359375 0.21449652777777786 0.2734895833333333
6 0.814346064814815 0.8622395833333332 0.30484374999999986 0.18890625000000014
6 0.9717476851851853 0.84890625 0.056504629629629474 0.17802083333333343
6 0.5672858796296296 0.8661979166666667 0.24583912037037034 0.2099479166666665
6 0.37384259259259256 0.84703125 0.21944444444444447 0.2721875000000001
6 0.1709837962962963 0.8785416666666667 0.21813078703703698 0.23619791666666679
6 0.04517361111111111 0.9377604166666668 0.0642824074074074 0.12447916666666643
6 0.05488425925925925 0.7486458333333333 0.0905324074074074 0.21052083333333335