5 0.49453125 0.5392187500000001 0.19375 0.19182291666666665
6 0.92421875 0.41942708333333334 0.15078125 0.22567708333333325
6 0.90234375 0.19375 0.19453125 0.22859375
6 0.5015625 0.13968750000000002 0.26484375 0.23015625
6 0.37734375 0.22828125000000005 0.2453125 0.2491666666666667
6 0.36484375 0.47744791666666664 0.20078125 0.25869791666666675
6 0.16875 0.4346875 0.2171875 0.25666666666666665
6 0.225 0.6564062500000001 0.25625 0.3342708333333334
6 0.22421875 0.8889583333333334 0.2671875 0.22208333333333313
6 0.0390625 0.94921875 0.078125 0.1015625
6 0.03828125 0.7439583333333333 0.0765625 0.24104166666666665
6 0.03203125 0.5036979166666666 0.0640625 0.21442708333333335
6 0.01796875 0.29182291666666665 0.0359375 0.1898958333333333
6 0.05703125 0.11552083333333334 0.11328125 0.1973958333333333
6 0.20390625 0.0378125 0.1859375 0.06083333333333333
6 0.73125 0.06281250000000001 0.171875 0.039583333333333345
6 0.76640625 0.7721874999999999 0.228125 0.27223958333333337
6 0.92734375 0.8719791666666665 0.1453125 0.2104687499999997
6 0.9609375 0.6546875 0.078125 0.2263020833333334
6 0.51328125 0.80375 0.25078125 0.28625000000000006
6 0.41875 0.9636067708333332 0.25546875 0.07278645833333357