5 0.50234375 0.5148842592592592 0.15234375 0.16154513888888894
6 0.63671875 0.7563657407407408 0.28515625 0.25766782407407407
6 0.271875 0.4682118055555556 0.21484375 0.18995949074074064
6 0.7984375 0.5447511574074074 0.21484375 0.22355324074074084
6 0.9359375 0.8613252314814815 0.128125 0.2397337962962965
6 0.80546875 0.955607638888889 0.22109375 0.088784722222222
6 0.21796875 0.9643518518518519 0.1859375 0.07129629629629619
6 0.0640625 0.87734375 0.128125 0.2453125
6 0.078125 0.5960648148148149 0.15625 0.2640046296296298
6 0.19765625 0.2769502314814815 0.23359375 0.2475462962962963
6 0.51875 0.12318287037037037 0.246875 0.2229398148148148
6 0.7671875 0.13757523148148149 0.2328125 0.23658564814814817
6 0.94765625 0.2007349537037037 0.1046875 0.30232060185185183
6 0.27578125 0.030827546296296294 0.2328125 0.05221064814814815