5 0.4927777777777778 0.4970486111111111 0.20953125000000003 0.21948495370370366
6 0.3454861111111111 0.6926388888888889 0.21638888888888888 0.21172453703703695
6 0.6028993055555556 0.6735474537037037 0.28362847222222226 0.24971643518518521
6 0.8490624999999999 0.70375 0.24470486111111106 0.2556770833333335
6 0.6389583333333333 0.8787152777777777 0.24124999999999996 0.20565972222222229
6 0.8946875000000001 0.9002546296296297 0.17444444444444435 0.18719907407407418
6 0.961111111111111 0.406875 0.062291666666666856 0.16684027777777785
6 0.9585416666666667 0.20614583333333333 0.07708333333333357 0.16460648148148146
6 0.8891840277777778 0.0970601851851852 0.19975694444444442 0.1941203703703704
6 0.7100173611111111 0.17674189814814817 0.21442708333333335 0.19374421296296296
6 0.5248611111111111 0.07498987268518519 0.20730902777777782 0.14997974537037037
6 0.5077951388888888 0.2782233796296296 0.23222222222222227 0.22121527777777777
6 0.7002083333333333 0.40724537037037034 0.23248263888888906 0.23293402777777777
6 0.2910069444444444 0.4376157407407407 0.22357638888888892 0.2539583333333333
6 0.20947916666666666 0.1695138888888889 0.23755208333333339 0.21500578703703704
6 0.3053472222222222 0.03965277777777777 0.19475694444444452 0.07930555555555555
6 0.028576388888888887 0.14041087962962964 0.057152777777777775 0.22230324074074073
6 0.09201388888888888 0.3242997685185185 0.18402777777777776 0.198275462962963
6 0.10126736111111112 0.4734375 0.20253472222222224 0.19375
6 0.09624565972222222 0.6578356481481482 0.19249131944444445 0.22104745370370366
6 0.07810763888888889 0.886857638888889 0.15621527777777777 0.226284722222222
6 0.1934201388888889 0.9624710648148149 0.25315972222222227 0.0737384259259258
6 0.3999652777777778 0.9828125 0.10140625000000006 0.028871527777777926