5 0.50859375 0.54609375 0.18359375 0.1859375
5 0.88125 0.55546875 0.06875 0.08515625
6 0.3578125 0.18828125 0.1890625 0.21875
6 0.54453125 0.27109375 0.23671875 0.2140625
6 0.75 0.18203125 0.20390625 0.21640625
6 0.27890625 0.05 0.23515625 0.1
6 0.59609375 0.03125 0.2015625 0.0625
6 0.82109375 0.05 0.209375 0.1
6 0.9765625 0.1609375 0.046875 0.20078125
6 0.8515625 0.390625 0.23125 0.20234375
6 0.73828125 0.59609375 0.2171875 0.21875
6 0.94453125 0.63984375 0.1109375 0.1953125
6 0.9578125 0.753125 0.084375 0.140625
6 0.946875 0.91484375 0.10546875 0.16953125
6 0.8125 0.82890625 0.209375 0.16796875
6 0.6265625 0.91796875 0.24375 0.1640625
6 0.55 0.7515625 0.2484375 0.19921875
6 0.33828125 0.81953125 0.1734375 0.20078125
6 0.23046875 0.9609375 0.23515625 0.078125
6 0.1703125 0.69609375 0.2265625 0.21640625
6 0.28203125 0.6109375 0.21328125 0.2046875
6 0.0484375 0.61484375 0.096875 0.24765625
6 0.05 0.38828125 0.1 0.22578125
6 0.04296875 0.1625 0.0859375 0.20234375