5 0.48688657407407404 0.49741898148148145 0.23038194444444446 0.20260995370370374
5 0.4725347222222222 0.7476041666666667 0.10859375 0.10706597222222207
6 0.2528414351851852 0.8781886574074074 0.21965277777777778 0.23057291666666657
6 0.6871006944444444 0.8873784722222222 0.25307870370370367 0.20841435185185198
6 0.0759837962962963 0.8933622685185185 0.1519675925925926 0.21327546296296304
6 0.06880787037037037 0.7216030092592594 0.13761574074074073 0.21304398148148138
6 0.3290740740740741 0.7106712962962962 0.20077546296296295 0.21310763888888892
6 0.24147569444444442 0.5143344907407407 0.23608796296296292 0.23472222222222214
6 0.132494212962963 0.35737268518518517 0.21418402777777779 0.23049189814814816
6 0.3615393518518519 0.3352314814814815 0.23814814814814814 0.1964756944444445
6 0.4222743055555556 0.15075810185185184 0.22744791666666658 0.2283449074074074
6 0.1670023148148148 0.12798032407407406 0.21424189814814815 0.23830439814814813
6 0.03515625 0.07734375 0.0703125 0.1546875
6 0.539519675925926 0.04039207175925926 0.22642361111111117 0.08078414351851852
6 0.3107696759259259 0.021085069444444444 0.19799189814814816 0.04217013888888889
6 0.7208680555555556 0.12930266203703705 0.2871006944444444 0.2586053240740741
6 0.875601851851852 0.018352141203703702 0.2206655092592591 0.036704282407407404
6 0.9593576388888889 0.09982060185185185 0.08046875 0.1996412037037037
6 0.9083969907407408 0.32947337962962964 0.18012152777777785 0.27217013888888886
6 0.8021701388888889 0.5388368055555556 0.2211574074074072 0.22278356481481473
6 0.6230729166666666 0.6727256944444445 0.2345254629629629 0.23469907407407398
6 0.8981944444444444 0.7577025462962963 0.19387152777777777 0.23019097222222235