6 0.5264293981481482 0.18677662037037038 0.25815972222222217 0.24380787037037033
6 0.7281481481481482 0.44751157407407405 0.27956597222222224 0.2656828703703704
6 0.8288657407407408 0.6138310185185185 0.25474537037037026 0.22416087962962958
6 0.5376215277777778 0.6976273148148149 0.3119849537037037 0.2403356481481481
6 0.20068865740740743 0.8578993055555555 0.26751157407407405 0.24259259259259275
6 0.11370370370370371 0.3738136574074074 0.22740740740740742 0.2288773148148148
6 0.015313946759259258 0.5202256944444444 0.030627893518518516 0.16542245370370381
6 0.08434027777777778 0.1265625 0.16868055555555556 0.24375
6 0.3225 0.07526041666666666 0.270625 0.1365162037037037
6 0.7646180555555555 0.09632523148148149 0.2379513888888889 0.1446759259259259
6 0.5481828703703704 0.0375 0.17627893518518506 0.04010416666666668
6 0.9681597222222222 0.07572337962962963 0.06366898148148152 0.08122106481481481
6 0.7377488425925925 0.8019675925925925 0.21721064814814817 0.22042824074074083
6 0.633113425925926 0.938744212962963 0.2333564814814814 0.12251157407407405
6 0.9164178240740741 0.8731119791666666 0.1459953703703704 0.2537760416666668
5 0.48952546296296295 0.5144965277777778 0.22122106481481474 0.2276041666666666