5 0.4725752314814814 0.49490162037037033 0.17199074074074083 0.16256365740740755
5 0.1373611111111111 0.9486921296296297 0.14245949074074074 0.09890046296296298
6 0.41556134259259264 0.7720659722222223 0.23479745370370358 0.2345254629629629
6 0.20014467592592594 0.7190567129629629 0.24881365740740743 0.23395254629629642
6 0.6988599537037037 0.812361111111111 0.2144733796296295 0.20768518518518492
6 0.7638831018518518 0.6107928240740741 0.22995949074074068 0.20557291666666658
6 0.9220428240740741 0.5499074074074074 0.10387731481481488 0.25131944444444443
6 0.8048321759259259 0.3939699074074074 0.2364293981481481 0.1830324074074074
6 0.9047685185185184 0.2223263888888889 0.17389467592592567 0.2078645833333333
6 0.7118518518518518 0.21113425925925924 0.22137731481481496 0.23198495370370367
6 0.811099537037037 0.044829282407407404 0.23795717592592602 0.08965856481481481
6 0.6007465277777777 0.07594907407407407 0.2110069444444445 0.15189814814814814
6 0.36453703703703705 0.06891059027777777 0.20916087962962954 0.13782118055555553
6 0.5249131944444445 0.2966435185185185 0.23005787037037032 0.22040509259259267
6 0.9103530092592592 0.9052372685185185 0.0790682870370368 0.16196759259259252
6 0.728119212962963 0.9508680555555555 0.21147569444444442 0.07806712962962976
6 0.5265277777777777 0.9148263888888888 0.20438657407407418 0.15601851851851833
6 0.3202256944444445 0.9319328703703704 0.22771990740740744 0.128263888888889
6 0.011592881944444447 0.8924479166666668 0.023185763888888895 0.20962384259259254
6 0.051307870370370365 0.6458796296296296 0.10261574074074073 0.22386574074074073
6 0.17359375000000002 0.48215856481481484 0.22151041666666668 0.22105902777777775