5 0.4928125 0.5216145833333334 0.20953125000000003 0.22706597222222236
6 0.35416666666666663 0.3207291666666666 0.21638888888888888 0.21956597222222224
6 0.6108159722222222 0.34934027777777776 0.28362847222222226 0.2600173611111112
6 0.8584027777777777 0.32828124999999997 0.24470486111111106 0.26453125
6 0.6560069444444444 0.14567708333333335 0.24124999999999996 0.21442708333333332
6 0.9127777777777778 0.13362847222222224 0.17444444444444435 0.19350694444444447
6 0.9572916666666668 0.6290625000000001 0.062291666666666856 0.16901041666666677
6 0.9457986111111112 0.8295312499999999 0.07708333333333357 0.167326388888889
6 0.87140625 0.9176388888888889 0.19975694444444442 0.16472222222222221
6 0.6958854166666667 0.8497048611111111 0.21442708333333335 0.20152777777777758
6 0.5060416666666667 0.9328732638888889 0.20730902777777782 0.13425347222222223
6 0.49810763888888887 0.7408159722222223 0.23222222222222227 0.2296354166666667
6 0.6963194444444445 0.6190277777777778 0.2324826388888889 0.2413541666666667
6 0.28833333333333333 0.5735243055555556 0.22357638888888892 0.26203125000000005
6 0.1948611111111111 0.8383854166666665 0.23755208333333339 0.2236284722222223
6 0.2849305555555556 0.9642317708333333 0.19475694444444444 0.07153645833333329
6 0.020590277777777777 0.8606597222222222 0.041180555555555554 0.22444444444444436
6 0.088125 0.6792013888888888 0.17625 0.20527777777777773
6 0.10069444444444445 0.53046875 0.2013888888888889 0.2015625
6 0.09976996527777778 0.34595486111111107 0.19953993055555555 0.22862847222222218
6 0.08671875 0.11635416666666668 0.1734375 0.23270833333333335
6 0.21404513888888888 0.04548611111111111 0.25315972222222227 0.08305555555555556
6 0.4215625 0.0328125 0.10140624999999996 0.03260416666666667