5 0.5212152777777778 0.516550925925926 0.1772916666666667 0.17986111111111108
6 0.7165104166666667 0.2419849537037037 0.20694444444444446 0.17939814814814808
6 0.8419444444444444 0.2310185185185185 0.1852777777777778 0.18796296296296297
6 0.9188671875000001 0.21368634259259256 0.16226562499999986 0.20373263888888893
6 0.9953125 0.11576967592592594 0.009375 0.15815972222222224
6 0.8273611111111112 0.6285879629629629 0.25342013888888887 0.2685474537037038
6 0.6581250000000001 0.9374855324074074 0.2672569444444445 0.12502893518518512
6 0.9408506944444444 0.9480034722222221 0.11829861111111128 0.10399305555555571
6 0.5144444444444444 0.7387731481481482 0.29399305555555555 0.2677083333333334
6 0.29550347222222223 0.08978587962962963 0.2503819444444445 0.16695601851851852
6 0.7058159722222223 0.07688078703703705 0.30928819444444444 0.11293402777777777
6 0.07225694444444444 0.1252314814814815 0.1445138888888889 0.250462962962963
6 0.11836805555555555 0.6546296296296296 0.21388888888888888 0.28113425925925917
6 0.20980902777777777 0.9344401041666668 0.28967013888888893 0.13111979166666643