5 0.50234375 0.49765625 0.19609375 0.221875
6 0.76484375 0.303125 0.25234375 0.228125
6 0.43828125 0.2921875 0.28203125 0.2265625
6 0.53515625 0.11640625 0.2515625 0.2328125
6 0.74453125 0.0703125 0.26640625 0.140625
6 0.9578125 0.3859375 0.084375 0.18359375
6 0.940625 0.5671875 0.11875 0.23125
6 0.89140625 0.765625 0.2171875 0.203125
6 0.70390625 0.85703125 0.2484375 0.2296875
6 0.6359375 0.6234375 0.209375 0.253125
6 0.37421875 0.63125 0.26171875 0.228125
6 0.28203125 0.79921875 0.25 0.2625
6 0.16171875 0.9546875 0.2 0.090625
6 0.0734375 0.8359375 0.146875 0.22890625
6 0.0453125 0.6078125 0.090625 0.253125
6 0.1921875 0.51328125 0.25390625 0.20078125
6 0.13515625 0.26796875 0.26953125 0.24765625
6 0.0578125 0.0890625 0.115625 0.178125
6 0.27109375 0.0734375 0.26484375 0.146875