5 0.50625 0.50546875 0.225 0.1953125
5 0.51875 0.75078125 0.10546875 0.10390625
6 0.734375 0.8765625 0.2140625 0.22265625
6 0.3078125 0.89375 0.24609375 0.203125
6 0.91640625 0.89296875 0.16640625 0.2140625
6 0.92578125 0.72109375 0.1484375 0.20625
6 0.66015625 0.71328125 0.19609375 0.20625
6 0.74765625 0.51875 0.23046875 0.2265625
6 0.85546875 0.36328125 0.209375 0.22265625
6 0.63125 0.3453125 0.2328125 0.1890625
6 0.57265625 0.165625 0.221875 0.2203125
6 0.82421875 0.1390625 0.209375 0.23125
6 0.96015625 0.08203125 0.0796875 0.1640625
6 0.459375 0.0484375 0.221875 0.096875
6 0.6859375 0.02890625 0.19453125 0.0578125
6 0.27890625 0.14453125 0.28046875 0.25703125
6 0.128125 0.02890625 0.21640625 0.0578125
6 0.04296875 0.1171875 0.0859375 0.20625
6 0.090625 0.3484375 0.18125 0.26640625
6 0.19609375 0.55078125 0.215625 0.21484375
6 0.37109375 0.68046875 0.22890625 0.2265625
6 0.0984375 0.76796875 0.196875 0.221875