5 0.5046875 0.49609375 0.25546875 0.24140625
6 0.46875 0.26796875 0.20234375 0.20859375
6 0.6734375 0.28203125 0.1875 0.20234375
6 0.828125 0.178125 0.1875 0.1953125
6 0.925 0.06484375 0.15 0.1296875
6 0.7640625 0.4671875 0.22109375 0.21015625
6 0.86640625 0.64375 0.19609375 0.20703125
6 0.73203125 0.78984375 0.2078125 0.20234375
6 0.69140625 0.94921875 0.278125 0.1015625
6 0.4515625 0.871875 0.203125 0.25625
6 0.2890625 0.78828125 0.18671875 0.14921875
6 0.09140625 0.70703125 0.1828125 0.2140625
6 0.259375 0.58828125 0.21171875 0.21640625