5 0.5377083333333333 0.562494212962963 0.17361111111111108 0.1895023148148148
6 0.22730902777777776 0.32826388888888886 0.2406944444444445 0.22620370370370368
6 0.5178125 0.2550925925925926 0.2257118055555555 0.22219907407407408
6 0.6977430555555555 0.4815914351851852 0.2526041666666668 0.2487268518518519
6 0.7721006944444445 0.629369212962963 0.22072916666666664 0.2328125
6 0.9266406249999999 0.5317881944444445 0.14671875000000015 0.25416087962962963
6 0.9557552083333334 0.8767881944444443 0.08848958333333315 0.2172858796296296
6 0.7734722222222222 0.888142361111111 0.24338541666666663 0.1990914351851849
6 0.4572743055555556 0.7688888888888888 0.2766145833333333 0.24547453703703717
6 0.3320659722222222 0.546412037037037 0.22439236111111108 0.22757523148148148
6 0.7763020833333334 0.26807291666666666 0.26064236111111116 0.27179976851851856
6 0.8970703125 0.15392939814814816 0.205859375 0.2137384259259259
6 0.18223958333333332 0.8219386574074076 0.2325 0.21714699074074062
6 0.3515277777777778 0.9530671296296298 0.31083333333333335 0.09386574074074047
6 0.71375 0.9943692129629629 0.1934201388888889 0.011261574074074332
6 0.90890625 0.9870717592592593 0.18218749999999986 0.025856481481481453
6 0.41935763888888894 0.09108217592592592 0.2918402777777779 0.14975694444444446
6 0.05479166666666667 0.11077546296296296 0.10958333333333334 0.22155092592592593
6 0.050902777777777776 0.33884837962962966 0.08005208333333333 0.20577546296296295
6 0.08567708333333333 0.5777835648148149 0.13090277777777778 0.24541087962962962
6 0.04770833333333333 0.7929282407407408 0.03208333333333333 0.1608564814814814
6 0.12095486111111113 0.9461053240740741 0.16182291666666665 0.10778935185185183