5 0.50390625 0.50078125 0.1453125 0.16171875
5 0.753125 0.76875 0.08359375 0.07890625
5 0.971875 0.79921875 0.05546875 0.07734375
6 0.6859375 0.61171875 0.2046875 0.24296875
6 0.8609375 0.47421875 0.24609375 0.23515625
6 0.70234375 0.40390625 0.24609375 0.16015625
6 0.8875 0.22109375 0.225 0.26640625
6 0.94296875 0.11171875 0.1140625 0.2234375
6 0.65703125 0.19375 0.20625 0.2109375
6 0.46875 0.290625 0.27109375 0.2296875
6 0.30546875 0.4234375 0.259375 0.2203125
6 0.11484375 0.5625 0.2296875 0.265625
6 0.103125 0.7109375 0.190625 0.22578125
6 0.3515625 0.72578125 0.25546875 0.23359375
6 0.19453125 0.91328125 0.28046875 0.1734375
6 0.46328125 0.92734375 0.22734375 0.14453125
6 0.6703125 0.884375 0.20078125 0.23125
6 0.88046875 0.875 0.1890625 0.228125
6 0.9484375 0.92109375 0.096875 0.1578125
6 0.05390625 0.275 0.1078125 0.275
6 0.13359375 0.090625 0.2640625 0.18125