5 0.4984375 0.503125 0.15078125 0.1484375
5 0.7546875 0.85703125 0.09921875 0.10859375
6 0.5046875 0.8390625 0.2046875 0.1953125
6 0.240625 0.5796875 0.24609375 0.21015625
6 0.278125 0.8171875 0.21171875 0.21015625
6 0.1203125 0.94453125 0.23515625 0.1109375
6 0.38671875 0.96875 0.215625 0.06171875
6 0.7015625 0.9765625 0.18125 0.04609375
6 0.89765625 0.90625 0.2046875 0.184375
6 0.81015625 0.70625 0.22890625 0.20625
6 0.66171875 0.60546875 0.2 0.2265625
6 0.815625 0.4640625 0.1921875 0.20078125
6 0.93046875 0.59296875 0.1390625 0.23125
6 0.56484375 0.26328125 0.20625 0.2515625
6 0.91640625 0.0921875 0.16640625 0.184375
6 0.0734375 0.234375 0.146875 0.2203125
6 0.05546875 0.0625 0.1109375 0.125