5 0.50703125 0.50546875 0.2265625 0.23203125
6 0.3078125 0.45859375 0.25234375 0.28203125
6 0.1546875 0.2859375 0.2671875 0.24140625
6 0.6578125 0.29140625 0.27109375 0.2515625
6 0.35078125 0.81953125 0.26484375 0.271875
6 0.62734375 0.8984375 0.25234375 0.20234375
6 0.8828125 0.88828125 0.234375 0.2234375
6 0.921875 0.64375 0.15625 0.2859375
6 0.88828125 0.30078125 0.22109375 0.25078125
6 0.71171875 0.7203125 0.278125 0.21796875
6 0.1015625 0.92734375 0.20234375 0.14453125
6 0.1640625 0.63671875 0.28828125 0.24765625
6 0.5078125 0.1578125 0.2828125 0.30859375
6 0.7265625 0.06328125 0.228125 0.1265625
6 0.9234375 0.0875 0.153125 0.17421875
6 0.15390625 0.02734375 0.2015625 0.0546875
6 0.4015625 0.0484375 0.23671875 0.096875