5 0.502181712962963 0.46854745370370365 0.17157407407407418 0.18292824074074082
6 0.30169560185185185 0.20668402777777778 0.20047453703703705 0.18428819444444447
6 0.17814236111111112 0.20020254629629627 0.17945023148148148 0.19210069444444447
6 0.09909143518518518 0.18651620370370373 0.16237847222222224 0.20645254629629628
6 0.013188657407407406 0.09204282407407408 0.02617476851851852 0.16044560185185186
6 0.20447916666666668 0.5898726851851852 0.2456423611111111 0.2735243055555555
6 0.379537037037037 0.9013020833333332 0.2612037037037037 0.16067708333333358
6 0.08347222222222221 0.9271412037037038 0.15099537037037036 0.14548611111111143
6 0.5155266203703703 0.6872106481481481 0.2854629629629629 0.2733506944444445
6 0.711574074074074 0.06410590277777778 0.2442418981481481 0.12821180555555556
6 0.30746527777777777 0.05261140046296296 0.30242476851851857 0.10522280092592592
6 0.9306886574074074 0.09759114583333332 0.1386226851851852 0.19518229166666665
6 0.8995905671296296 0.5905381944444444 0.2008188657407409 0.284693287037037
6 0.8209837962962963 0.874074074074074 0.2829976851851853 0.1513599537037038