5 0.49609375 0.5 0.1484375 0.1625
5 0.48984375 0.9078125 0.078125 0.065625
5 0.5703125 0.07421875 0.08203125 0.075
6 0.29296875 0.33203125 0.265625 0.24140625
6 0.52890625 0.20625 0.2671875 0.2109375
6 0.71328125 0.425 0.1984375 0.18359375
6 0.7671875 0.603125 0.23515625 0.2203125
6 0.946875 0.603125 0.10546875 0.1984375
6 0.9578125 0.746875 0.084375 0.1296875
6 0.9359375 0.8859375 0.128125 0.203125
6 0.37734375 0.7390625 0.22734375 0.203125
6 0.14921875 0.8546875 0.24609375 0.2765625
6 0.05 0.6859375 0.1 0.21484375
6 0.19609375 0.55 0.26328125 0.20625
6 0.05703125 0.10859375 0.1140625 0.20078125
6 0.25703125 0.01953125 0.1859375 0.03828125
6 0.7921875 0.1 0.234375 0.2
6 0.9484375 0.1046875 0.103125 0.209375
6 0.909375 0.37734375 0.18046875 0.25859375