5 0.5182465277777778 0.5315104166666667 0.15982638888888873 0.1609895833333333
5 0.24123263888888888 0.15239583333333334 0.10571180555555557 0.11765625000000002
6 0.4967534722222222 0.18812500000000001 0.2174479166666666 0.21312499999999995
6 0.7764930555555555 0.4708333333333334 0.259513888888889 0.2307291666666668
6 0.7282291666666667 0.22614583333333335 0.22435763888888882 0.22838541666666662
6 0.88125 0.11265624999999999 0.2375 0.12364583333333332
6 0.61140625 0.06880208333333333 0.22281250000000002 0.07093750000000001
6 0.29071180555555554 0.03885416666666667 0.18532986111111108 0.051302083333333325
6 0.10171875 0.09791666666666667 0.20265624999999998 0.19578125
6 0.19182291666666668 0.3025520833333334 0.2421527777777778 0.22567708333333333
6 0.3471875 0.41572916666666665 0.21340277777777777 0.2447916666666666
6 0.19736111111111113 0.54984375 0.20440972222222223 0.21770833333333323
6 0.08215277777777778 0.41130208333333335 0.1386111111111111 0.24447916666666672
6 0.4611111111111111 0.7707291666666667 0.22157986111111114 0.27104166666666674
6 0.11864583333333334 0.91171875 0.16409722222222226 0.1765625
6 0.941232638888889 0.8344270833333333 0.11753472222222214 0.23479166666666665
6 0.9643880208333332 0.97203125 0.07122395833333357 0.05593749999999993