5 0.50234375 0.496875 0.16171875 0.15859375
5 0.19765625 0.05078125 0.1359375 0.096875
6 0.46171875 0.22265625 0.21953125 0.2296875
6 0.24375 0.278125 0.234375 0.228125
6 0.74609375 0.178125 0.20078125 0.203125
6 0.79921875 0.37734375 0.2171875 0.20078125
6 0.9546875 0.43671875 0.08984375 0.246875
6 0.8265625 0.59140625 0.225 0.178125
6 0.91875 0.76171875 0.1625 0.20625
6 0.7234375 0.775 0.20625 0.2265625
6 0.8140625 0.94765625 0.23125 0.10390625
6 0.60703125 0.91953125 0.20078125 0.16015625
6 0.36953125 0.92734375 0.2 0.14453125
6 0.54296875 0.69296875 0.215625 0.21484375
6 0.9625 0.08125 0.06953125 0.1625
6 0.784375 0.0390625 0.20625 0.07734375
6 0.58046875 0.07734375 0.19453125 0.15390625
6 0.3765625 0.06328125 0.21953125 0.1265625
6 0.0359375 0.10859375 0.071875 0.20625
6 0.06875 0.35390625 0.1375 0.2203125
6 0.2046875 0.51328125 0.2078125 0.21640625