5 0.4695949074074074 0.505179398148148 0.21222222222222237 0.21365740740740727
6 0.7320081018518518 0.5031539351851853 0.2965162037037036 0.24172453703703703
6 0.26199652777777777 0.5335069444444445 0.2653182870370371 0.25460069444444444
6 0.2843634259259259 0.35425347222222225 0.30594328703703705 0.25610532407407405
6 0.5438831018518518 0.242505787037037 0.28738425925925914 0.27178819444444446
6 0.08030092592592593 0.24134837962962963 0.16060185185185186 0.31316550925925923
6 0.04212962962962963 0.6935474537037037 0.08425925925925926 0.32850115740740743
6 0.23123842592592592 0.7750868055555555 0.33355902777777774 0.24855324074074084
6 0.2345659722222222 0.9356626157407408 0.2798379629629629 0.12867476851851833
6 0.5915162037037037 0.9169704861111111 0.3124884259259259 0.16605902777777787
6 0.8113078703703703 0.9567274305555555 0.25519675925925933 0.08654513888888893
6 0.7559780092592592 0.7592881944444445 0.29906249999999995 0.284693287037037
6 0.9206423611111111 0.6495081018518519 0.1053356481481483 0.3305266203703702
6 0.8164814814814815 0.28000578703703705 0.26953703703703696 0.23370949074074074
6 0.9724247685185186 0.35703125 0.02774305555555543 0.17876157407407406
6 0.1640625 0.07638888888888888 0.328125 0.15277777777777776
6 0.8866435185185185 0.10017361111111112 0.2267129629629629 0.14247685185185185