5 0.4702025462962963 0.4759375 0.24127314814814813 0.24670138888888893
6 0.7450347222222222 0.38634259259259257 0.27035879629629633 0.22814814814814816
6 0.8548900462962962 0.17940393518518521 0.243246527777778 0.2343402777777778
6 0.5010011574074074 0.2261111111111111 0.24832175925925934 0.2213831018518519
6 0.2500752314814815 0.2721759259259259 0.2734664351851851 0.254068287037037
6 0.23108217592592592 0.5446990740740741 0.2263020833333333 0.29416666666666663
6 0.01445601851851852 0.6580324074074074 0.02891203703703704 0.2144039351851852
6 0.04161458333333333 0.3075173611111111 0.08322916666666666 0.2318402777777778
6 0.10546875 0.0999537037037037 0.2109375 0.1999074074074074
6 0.7274016203703704 0.03309606481481482 0.2670717592592592 0.06619212962962964
6 0.9331250000000001 0.016435185185185185 0.13296874999999986 0.03287037037037037
6 0.8863541666666667 0.6704224537037037 0.19099537037037032 0.2343634259259259
6 0.6689699074074074 0.7425752314814814 0.25913194444444443 0.2703761574074074
6 0.432494212962963 0.6957581018518519 0.2621874999999999 0.26821759259259254
6 0.056712962962962965 0.9021759259259259 0.11342592592592593 0.19564814814814824
6 0.4175810185185186 0.9095486111111111 0.2506712962962963 0.14275462962962954
6 0.8132175925925926 0.8751851851851852 0.28256944444444443 0.16648148148148145