5 0.50625 0.5046875 0.146875 0.16953125
5 0.2578125 0.64296875 0.06328125 0.0921875
6 0.50234375 0.68515625 0.2578125 0.21484375
6 0.3515625 0.86796875 0.27109375 0.22421875
6 0.90390625 0.85703125 0.18671875 0.2296875
6 0.70625 0.35390625 0.1828125 0.2125
6 0.8671875 0.26953125 0.2578125 0.25859375
6 0.94375 0.11953125 0.1125 0.2359375
6 0.81875 0.06484375 0.209375 0.1296875
6 0.5859375 0.07890625 0.26171875 0.15703125
6 0.490625 0.30625 0.2140625 0.20625
6 0.2625 0.196875 0.21796875 0.228125
6 0.07265625 0.1453125 0.1453125 0.22578125
6 0.0640625 0.3859375 0.128125 0.2203125
6 0.12109375 0.67578125 0.2265625 0.23125
6 0.07265625 0.87265625 0.1453125 0.24140625