5 0.49656828703703704 0.48517939814814814 0.18946180555555542 0.18077546296296293
6 0.3062210648148148 0.694068287037037 0.24678819444444447 0.22611689814814823
6 0.52671875 0.7930555555555555 0.2589236111111111 0.2333217592592593
6 0.766244212962963 0.8870775462962964 0.24866319444444435 0.20506944444444458
6 0.9194444444444445 0.817679398148148 0.07898148148148146 0.27905092592592595
6 0.7448379629629629 0.3394386574074074 0.27573495370370366 0.21405671296296297
6 0.7682986111111111 0.08183449074074074 0.2384027777777778 0.16366898148148148
6 0.946695601851852 0.0884129050925926 0.10578124999999972 0.1768258101851852
6 0.3427719907407408 0.23533564814814817 0.24232638888888883 0.21668402777777773
6 0.13434027777777777 0.39375578703703706 0.2546527777777778 0.2402835648148148
6 0.02587962962962963 0.2378414351851852 0.05175925925925926 0.22041087962962963
6 0.383900462962963 0.9770428240740742 0.24174189814814814 0.0355844907407409