5 0.50859375 0.50546875 0.22890625 0.2265625
6 0.24296875 0.434375 0.2578125 0.20703125
6 0.140625 0.2390625 0.23125 0.21484375
6 0.4859375 0.26328125 0.23671875 0.20234375
6 0.73046875 0.29453125 0.2609375 0.23203125
6 0.74140625 0.559375 0.21328125 0.27421875
6 0.96953125 0.659375 0.0609375 0.20625
6 0.9484375 0.3171875 0.103125 0.2203125
6 0.8890625 0.1046875 0.221875 0.209375
6 0.2703125 0.05625 0.259375 0.1125
6 0.0671875 0.04921875 0.134375 0.0984375
6 0.09296875 0.72109375 0.1859375 0.2171875
6 0.30703125 0.778125 0.24609375 0.24921875
6 0.53984375 0.71875 0.2484375 0.246875
6 0.9234375 0.903125 0.146875 0.19375
6 0.55 0.9328125 0.240625 0.134375
6 0.1609375 0.921875 0.271875 0.15625