5 0.47804976851851855 0.4500520833333333 0.202204861111111 0.19098958333333335
6 0.9107465277777778 0.27328125000000003 0.1548495370370368 0.22364583333333332
6 0.9004166666666666 0.08268229166666667 0.19859953703703717 0.16536458333333334
6 0.5051736111111111 0.08328125 0.2732060185185185 0.1665625
6 0.37728009259259265 0.15625 0.2557407407407407 0.24749999999999997
6 0.3518981481481481 0.4055208333333334 0.2118576388888888 0.25703125
6 0.15812500000000002 0.38885416666666667 0.22888310185185187 0.25505208333333335
6 0.2031134259259259 0.6022916666666667 0.2710532407407408 0.3326041666666665
6 0.18706597222222224 0.8517187500000001 0.2761342592592593 0.2504166666666666
6 0.022667824074074073 0.9336979166666666 0.045335648148148146 0.13260416666666686
6 0.028194444444444446 0.7142708333333333 0.05638888888888889 0.24020833333333336
6 0.02778790509259259 0.47640625 0.05557581018518518 0.21359375000000008
6 0.018644386574074072 0.26875 0.037288773148148144 0.18901041666666663
6 0.0623046875 0.09295572916666667 0.124609375 0.18591145833333333
6 0.21411458333333333 0.01 0.18739583333333334 0.02
6 0.7373032407407407 0.6453125 0.24059027777777758 0.27062500000000006
6 0.8897164351851853 0.72390625 0.1494328703703701 0.20927083333333343
6 0.9346527777777778 0.5029166666666667 0.08329861111111114 0.22510416666666658
6 0.48326967592592596 0.7097395833333333 0.2631134259259259 0.28458333333333313
6 0.3793113425925926 0.9128645833333333 0.2607638888888889 0.13416666666666685