5 0.5182638888888889 0.514375 0.18315972222222215 0.2006828703703704
6 0.3011979166666666 0.5663020833333333 0.23857638888888885 0.27144675925925926
6 0.22435763888888888 0.34659143518518515 0.2616145833333333 0.21957754629629633
6 0.47897569444444443 0.29506365740740736 0.29020833333333335 0.24212962962962958
6 0.7097222222222221 0.19002314814814816 0.27152777777777787 0.31451388888888887
6 0.9296875 0.2034375 0.140625 0.22932870370370378
6 0.7669791666666667 0.4435995370370371 0.22140625000000008 0.23622106481481495
6 0.9116796875000001 0.6257060185185186 0.17664062499999994 0.23714699074074092
6 0.8465798611111112 0.8227256944444445 0.2589930555555554 0.24207175925925917
6 0.9882638888888888 0.8343576388888888 0.02347222222222243 0.22866898148148138
6 0.72234375 0.9339756944444446 0.21616319444444443 0.0705150462962962
6 0.4799305555555556 0.9363773148148148 0.2189583333333333 0.09094907407407397
6 0.37930555555555556 0.8078472222222223 0.2779340277777778 0.21652199074074083
6 0.23756944444444444 0.9411226851851853 0.23102430555555556 0.1071817129629629
6 0.13213541666666667 0.13862847222222224 0.2552951388888889 0.25124421296296295