5 0.5150636574074074 0.48945023148148153 0.18177083333333338 0.1783969907407407
6 0.6976446759259259 0.6951909722222223 0.23777777777777764 0.2237384259259258
6 0.4764351851851852 0.793431712962963 0.24892361111111114 0.23093171296296297
6 0.236568287037037 0.892293113425926 0.24000578703703698 0.21541377314814802
6 0.07106481481481482 0.8171006944444444 0.10187499999999998 0.27560763888888895
6 0.2741550925925926 0.34453703703703703 0.2663136574074074 0.21166666666666673
6 0.2587037037037037 0.0866087962962963 0.2299074074074074 0.16895833333333332
6 0.06601273148148148 0.093125 0.13193287037037038 0.183125
6 0.67484375 0.2419270833333333 0.23359375 0.21430555555555558
6 0.875474537037037 0.3979571759259259 0.24520254629629612 0.23712384259259256
6 0.9830555555555556 0.24500578703703701 0.03388888888888886 0.21774305555555556
6 0.6132870370370369 0.979230324074074 0.23893518518518525 0.04153935185185205