5 0.511244212962963 0.525173611111111 0.17114583333333327 0.17171875000000014
5 0.8178877314814816 0.9689945023148148 0.10305555555555586 0.06201099537037038
6 0.8682638888888888 0.4401736111111111 0.24753472222222223 0.2699131944444444
6 0.5262037037037037 0.21773726851851852 0.2308275462962964 0.2486284722222222
6 0.7409780092592593 0.12040509259259258 0.2663194444444443 0.16799189814814816
6 0.9390653935185185 0.15330439814814817 0.12186921296296305 0.2017534722222222
6 0.6266782407407407 0.3610706018518518 0.2686284722222222 0.2711631944444444
6 0.7280092592592593 0.5622164351851853 0.2422280092592592 0.28052662037037024
6 0.9296773726851851 0.6759548611111111 0.14064525462962968 0.25171875000000005
6 0.8664814814814814 0.7413657407407407 0.24563657407407397 0.24716435185185173
6 0.9514756944444445 0.8897164351851853 0.09704861111111107 0.2205671296296295
6 0.6421875 0.8762167245370371 0.21846643518518521 0.2475665509259258
6 0.5405034722222222 0.9025578703703705 0.25239004629629636 0.1948842592592591
6 0.5486458333333333 0.9756655092592592 0.23390046296296294 0.04866898148148167
6 0.3323206018518518 0.9752199074074074 0.20014467592592594 0.04956018518518519
6 0.15708333333333332 0.9008796296296296 0.2310879629629629 0.19824074074074077
6 0.10408564814814816 0.90859375 0.18395833333333336 0.1828125
6 0.36918981481481483 0.6837962962962962 0.22293402777777782 0.24269675925925932
6 0.26556134259259256 0.6963888888888888 0.23888310185185188 0.26549768518518524
6 0.10885995370370372 0.6566608796296296 0.2029513888888889 0.3164467592592592
6 0.09981481481481481 0.30955439814814817 0.19427083333333334 0.2573900462962963
6 0.3334375 0.3780381944444445 0.25548611111111114 0.27975115740740736
6 0.2743113425925926 0.12787615740740738 0.23295138888888892 0.2339236111111111
6 0.08589699074074074 0.055046296296296295 0.17179398148148148 0.11009259259259259