5 0.47965277777777776 0.512355324074074 0.15725694444444435 0.20341435185185192
5 0.37265625 0.13330439814814815 0.1141319444444445 0.11603009259259256
5 0.09287037037037038 0.4594328703703704 0.09876157407407407 0.12346643518518512
5 0.775173611111111 0.5271990740740741 0.09399884259259253 0.09427083333333322
5 0.9587210648148148 0.9587890625 0.032442129629629335 0.082421875
6 0.9415393518518517 0.40876736111111106 0.10247685185185204 0.19623842592592594
6 0.8678125 0.1488425925925926 0.26359375000000007 0.18790509259259255
6 0.5052719907407408 0.20263310185185185 0.2346064814814815 0.2356481481481482
6 0.3555497685185185 0.28784722222222225 0.2735069444444445 0.2330729166666666
6 0.11237847222222222 0.1841724537037037 0.22475694444444444 0.2464699074074074
6 0.01642939814814815 0.32722800925925927 0.0328587962962963 0.23570601851851852
6 0.08380353009259259 0.6317708333333334 0.16760706018518517 0.2634837962962962
6 0.09917824074074075 0.8612847222222222 0.1983564814814815 0.2405381944444443
6 0.29148726851851847 0.9016059027777779 0.21801504629629634 0.1967881944444443
6 0.5287268518518519 0.9448206018518519 0.25733796296296296 0.11035879629629619
6 0.29945601851851855 0.09343171296296296 0.21905671296296295 0.15810185185185183
6 0.059375 0.04502314814814815 0.11875 0.0900462962962963
6 0.25473958333333335 0.5191840277777777 0.23399305555555552 0.26756365740740745
6 0.417337962962963 0.7128761574074074 0.2174594907407407 0.20943287037037023
6 0.9374594907407408 0.7842881944444444 0.08779513888888886 0.20060763888888894