5 0.493767361111111 0.5026215277777778 0.17218750000000008 0.15843750000000015
6 0.33678819444444447 0.32092013888888893 0.24562499999999998 0.2303472222222222
6 0.6659201388888889 0.45876736111111105 0.20848958333333342 0.2810590277777777
6 0.8959895833333335 0.5522048611111112 0.18925347222222227 0.2236284722222223
6 0.9418055555555555 0.3195138888888889 0.10848958333333343 0.2436979166666667
6 0.7951909722222222 0.26935763888888886 0.2124826388888888 0.2147743055555556
6 0.6878298611111111 0.1059548611111111 0.21104166666666657 0.18506944444444445
6 0.4638541666666667 0.12520833333333334 0.22418402777777774 0.21425347222222224
6 0.2425173611111111 0.09605902777777778 0.19151041666666666 0.18463541666666666
6 0.07773003472222222 0.1447048611111111 0.15546006944444443 0.2534548611111111
6 0.042109375 0.46664930555555556 0.08421875 0.21611111111111114
6 0.08552083333333334 0.7004861111111111 0.17104166666666668 0.20097222222222227
6 0.28314236111111113 0.6245659722222222 0.22234375 0.20171875000000003
6 0.5183333333333333 0.6634027777777778 0.24765625 0.1811979166666667
6 0.5888368055555555 0.8322395833333334 0.23499999999999996 0.20902777777777787
6 0.3827256944444445 0.8917534722222221 0.2350868055555555 0.21293402777777787
6 0.19965277777777776 0.9664409722222222 0.15625 0.0671180555555555
6 0.06746527777777778 0.909375 0.13493055555555555 0.18125