5 0.4876215277777778 0.5297048611111111 0.18902777777777774 0.21814236111111107
6 0.27451388888888884 0.48109375 0.2168055555555556 0.211579861111111
6 0.6281597222222223 0.6964236111111111 0.2268923611111111 0.17538194444444438
6 0.8674131944444445 0.685138888888889 0.21670138888888885 0.209236111111111
6 0.8922569444444445 0.9317361111111111 0.14215277777777757 0.13652777777777772
6 0.6208506944444444 0.9030121527777778 0.24972222222222218 0.19397569444444435
6 0.8462152777777778 0.4399652777777778 0.24039930555555564 0.23368055555555553
6 0.5187152777777777 0.27041666666666664 0.21383680555555565 0.2325
6 0.7385590277777778 0.23791666666666664 0.203767361111111 0.21645833333333328
6 0.5199826388888888 0.08338541666666667 0.26003472222222224 0.13163194444444445
6 0.7976215277777777 0.07145833333333333 0.2492881944444445 0.0828125
6 0.9566666666666667 0.13880208333333335 0.08663194444444429 0.19487847222222224
6 0.1946701388888889 0.11119791666666667 0.23093749999999996 0.2137673611111111
6 0.19862847222222224 0.30394097222222227 0.2653819444444444 0.18177083333333338
6 0.03582899305555556 0.22045138888888888 0.07165798611111111 0.23774305555555558
6 0.03194444444444444 0.5393402777777778 0.06388888888888888 0.22711805555555564
6 0.12831597222222224 0.6882986111111111 0.1987673611111111 0.20921874999999995
6 0.06595486111111111 0.8943402777777777 0.13190972222222222 0.20118055555555542