5 0.4588541666666667 0.4877546296296297 0.22935763888888888 0.24453703703703694
6 0.6162326388888889 0.6734837962962963 0.2537326388888889 0.28811342592592587
6 0.3168402777777778 0.6288078703703703 0.3192708333333334 0.2529861111111112
6 0.10848958333333333 0.7189756944444444 0.21697916666666667 0.3214236111111111
6 0.20656250000000004 0.3950347222222222 0.22498263888888886 0.293431712962963
6 0.0531640625 0.46068287037037037 0.106328125 0.273900462962963
6 0.14375 0.0734375 0.2875 0.146875
6 0.38276041666666666 0.029583333333333333 0.23447916666666666 0.059166666666666666
6 0.6710590277777777 0.05697916666666667 0.3430381944444445 0.11395833333333334
6 0.8946527777777777 0.2224016203703704 0.20328124999999986 0.26483796296296297
6 0.7090798611111111 0.32234375000000004 0.2252604166666666 0.30593171296296295
6 0.8907118055555555 0.5401851851851852 0.19762152777777792 0.25592013888888887
6 0.8379861111111111 0.806244212962963 0.22609375000000007 0.2732118055555553
6 0.3271354166666667 0.8677256944444445 0.25496527777777783 0.23825231481481488
6 0.00859375 0.9559201388888889 0.0171875 0.08815972222222221
6 0.5024652777777778 0.9127314814814815 0.2931076388888888 0.12894097222222206
6 0.47229166666666667 0.3394965277777778 0.25416666666666676 0.23742476851851854
6 0.9618923611111111 0.3565162037037037 0.061267361111111286 0.1588946759259259
6 0.9654513888888889 0.8283391203703705 0.03381944444444436 0.2228067129629629