5 0.48813657407407407 0.4988888888888889 0.17199074074074083 0.17555555555555563
6 0.35607638888888893 0.35506944444444444 0.30251736111111105 0.30647569444444445
6 0.6640046296296296 0.5980208333333333 0.28298611111111105 0.24281249999999996
6 0.8183738425925926 0.7296354166666668 0.26524884259259274 0.2908159722222223
6 0.6569444444444444 0.2828125 0.23559027777777786 0.24878472222222214
6 0.777170138888889 0.08201388888888889 0.29878472222222213 0.16402777777777777
6 0.9532118055555555 0.16616319444444444 0.08949652777777786 0.2666145833333333
6 0.95234375 0.5057465277777778 0.06626157407407404 0.27156249999999993
6 0.9485243055555556 0.7985590277777778 0.050983796296296194 0.23843749999999986
6 0.9025462962962962 0.9439930555555556 0.12601273148148168 0.07227430555555543
6 0.4 0.8552430555555555 0.22204861111111107 0.2203819444444445
6 0.18683449074074074 0.8568576388888889 0.26021412037037034 0.28133680555555574
6 0.3353298611111111 0.9784548611111111 0.22126736111111117 0.0306770833333335
6 0.04221643518518518 0.8987326388888889 0.08443287037037037 0.2025347222222223
6 0.02061631944444444 0.6836805555555555 0.04123263888888888 0.2427777777777777
6 0.11724537037037037 0.4667881944444444 0.23449074074074075 0.2757986111111112
6 0.21177662037037037 0.1834201388888889 0.2572916666666667 0.28673611111111114
6 0.0662109375 0.10312065972222222 0.132421875 0.20624131944444443