5 0.5015625 0.5046875 0.18515625 0.15859375
5 0.2 0.22578125 0.08359375 0.07578125
6 0.4375 0.27890625 0.25390625 0.2140625
6 0.59453125 0.1453125 0.21015625 0.18203125
6 0.80703125 0.3359375 0.24609375 0.25703125
6 0.95546875 0.26015625 0.0890625 0.22890625
6 0.8109375 0.0734375 0.2515625 0.146875
6 0.934375 0.6015625 0.13046875 0.2453125
6 0.8859375 0.81796875 0.228125 0.20390625
6 0.60546875 0.91015625 0.228125 0.17890625
6 0.253125 0.97734375 0.1890625 0.0453125
6 0.3265625 0.79140625 0.26953125 0.24765625
6 0.11875 0.8546875 0.2375 0.221875
6 0.290625 0.55078125 0.2265625 0.2390625
6 0.0484375 0.5390625 0.096875 0.22578125
6 0.10703125 0.34296875 0.2140625 0.221875
6 0.28515625 0.128125 0.2046875 0.171875
6 0.45625 0.03828125 0.24375 0.07578125
6 0.0875 0.05 0.175 0.1