5 0.50703125 0.49140625 0.17890625 0.20859375
6 0.29375 0.53046875 0.20625 0.20078125
6 0.65390625 0.3328125 0.21796875 0.1640625
6 0.89453125 0.35625 0.21015625 0.1984375
6 0.93046875 0.08828125 0.1390625 0.1765625
6 0.65703125 0.1171875 0.2390625 0.203125
6 0.859375 0.59609375 0.22890625 0.221875
6 0.52734375 0.75 0.20234375 0.221875
6 0.74375 0.79140625 0.19296875 0.20625
6 0.52265625 0.93828125 0.2515625 0.121875
6 0.79375 0.9609375 0.24375 0.078125
6 0.9578125 0.90234375 0.084375 0.1953125
6 0.19765625 0.89375 0.22109375 0.20234375
6 0.21015625 0.70234375 0.25625 0.16953125
6 0.0375 0.77734375 0.075 0.23203125
6 0.040625 0.4609375 0.08125 0.221875
6 0.1578125 0.31875 0.1890625 0.19921875
6 0.08359375 0.1125 0.16640625 0.19296875