5 0.4959548611111112 0.5075 0.18739583333333343 0.21437500000000007
5 0.6337326388888889 0.5261111111111111 0.08222222222222228 0.08248263888888889
6 0.2566666666666667 0.5218402777777778 0.278125 0.22309027777777785
6 0.1850520833333333 0.31963541666666667 0.26321180555555557 0.2544270833333334
6 0.055538194444444446 0.18119791666666668 0.10814236111111113 0.23036458333333334
6 0.14604166666666665 0.7065798611111112 0.26590277777777777 0.23503472222222221
6 0.09961805555555556 0.896875 0.16395833333333334 0.20625
6 0.32598958333333333 0.9633506944444445 0.1830902777777778 0.073298611111111
6 0.41151041666666666 0.7113541666666666 0.2970833333333333 0.23329861111111114
6 0.5343229166666668 0.8969227430555555 0.23883680555555564 0.20615451388888886
6 0.6850347222222222 0.9562369791666667 0.22435763888888882 0.08752604166666664
6 0.9524305555555556 0.9805902777777777 0.09513888888888893 0.03881944444444443
6 0.9277473958333333 0.8198090277777776 0.14450520833333336 0.26173611111111084
6 0.8971137152777778 0.6958333333333334 0.20577256944444428 0.18937500000000007
6 0.7091666666666667 0.6543402777777778 0.23187500000000014 0.24913194444444448
6 0.75859375 0.31468749999999995 0.2360590277777778 0.2266840277777778
6 0.7151388888888889 0.1152951388888889 0.26541666666666686 0.17803819444444446
6 0.9377083333333334 0.23928819444444444 0.12458333333333335 0.22281250000000002
6 0.9401388888888889 0.47991319444444447 0.11972222222222229 0.26656250000000004
6 0.052152777777777784 0.02885416666666667 0.10430555555555557 0.05770833333333334