5 0.49921875 0.5296875 0.1359375 0.153125
6 0.68359375 0.346875 0.20625 0.25859375
6 0.453125 0.31328125 0.2234375 0.2515625
6 0.9375 0.1421875 0.12421875 0.2375
6 0.975 0.39921875 0.05 0.2109375
6 0.85546875 0.61953125 0.2265625 0.22578125
6 0.9234375 0.8515625 0.153125 0.240625
6 0.7 0.828125 0.2734375 0.2390625
6 0.51953125 0.9609375 0.2390625 0.078125
6 0.7640625 0.9765625 0.19453125 0.046875
6 0.27109375 0.92890625 0.25390625 0.1421875
6 0.16328125 0.7140625 0.234375 0.2453125
6 0.059375 0.8984375 0.11875 0.2
6 0.0140625 0.675 0.028125 0.153125
6 0.21796875 0.2890625 0.21015625 0.25859375
6 0.40703125 0.0875 0.22890625 0.17421875
6 0.62421875 0.03046875 0.2140625 0.0609375
6 0.075 0.05390625 0.15 0.1078125
6 0.04609375 0.28125 0.0921875 0.259375