5 0.5385532407407407 0.5337962962962963 0.24537037037037024 0.2451331018518518
6 0.3309953703703704 0.4792939814814815 0.2757233796296297 0.2967245370370371
6 0.16423611111111108 0.29732060185185183 0.2881134259259259 0.2557581018518519
6 0.6794039351851852 0.3180439814814815 0.292667824074074 0.26681134259259265
6 0.39664351851851853 0.8501215277777778 0.28679398148148144 0.2861342592592592
6 0.6827025462962963 0.9154094328703704 0.26947337962962975 0.16918113425925937
6 0.9095486111111111 0.9098726851851853 0.18090277777777786 0.18025462962962954
6 0.9393576388888889 0.6851967592592592 0.12128472222222228 0.29824074074074075
6 0.8974537037037038 0.3326851851851852 0.20509259259259238 0.2634201388888888
6 0.76015625 0.7595081018518519 0.2976157407407406 0.23186342592592588
6 0.15243055555555554 0.937701099537037 0.20032986111111112 0.1245978009259261
6 0.1949537037037037 0.6577546296296296 0.3095775462962963 0.2626331018518517
6 0.5173958333333333 0.17676504629629627 0.30859375 0.32499421296296294
6 0.7367013888888889 0.08733796296296295 0.24054398148148143 0.13736689814814815
6 0.9259765625 0.11649305555555556 0.148046875 0.18249999999999997
6 0.14854166666666666 0.032476851851851854 0.20880208333333333 0.06233796296296297
6 0.402181712962963 0.061828703703703705 0.24806712962962968 0.10639467592592591