5 0.49765625 0.49765625 0.14296875 0.18203125
5 0.609375 0.146875 0.1046875 0.10234375
5 0.8640625 0.475 0.08984375 0.11015625
5 0.21875 0.49140625 0.0859375 0.0828125
5 0.0234375 0.89375 0.046875 0.0875
6 0.05703125 0.36953125 0.1140625 0.1796875
6 0.14140625 0.1046875 0.24609375 0.20859375
6 0.48203125 0.203125 0.215625 0.20703125
6 0.62109375 0.29375 0.25234375 0.20234375
6 0.86484375 0.21484375 0.225 0.21796875
6 0.96484375 0.35546875 0.0703125 0.2203125
6 0.89609375 0.63984375 0.2078125 0.2390625
6 0.8734375 0.85625 0.234375 0.2125
6 0.6640625 0.896875 0.2 0.20625
6 0.43984375 0.93046875 0.2390625 0.13828125
6 0.68125 0.10390625 0.20390625 0.16015625
6 0.92734375 0.06328125 0.1453125 0.12578125
6 0.709375 0.5203125 0.2140625 0.2375
6 0.55078125 0.69140625 0.2 0.18359375
6 0.04921875 0.72421875 0.09765625 0.18359375