5 0.528443287037037 0.48997106481481484 0.15616319444444446 0.1675173611111111
5 0.7949363425925926 0.7646354166666667 0.08894675925925917 0.08188657407407404
5 0.9953414351851851 0.7935127314814815 0.009317129629629762 0.07996527777777782
6 0.7194155092592593 0.6034317129629629 0.22019675925925916 0.2515625
6 0.880591724537037 0.45836805555555554 0.23881655092592596 0.243269675925926
6 0.7286458333333334 0.3884606481481482 0.25923032407407404 0.16671874999999997
6 0.8949363425925926 0.19572337962962966 0.2101273148148149 0.2781365740740741
6 0.9515697337962962 0.1003660300925926 0.09686053240740762 0.2007320601851852
6 0.674508101851852 0.17161458333333335 0.22057291666666679 0.21954282407407408
6 0.48368055555555556 0.27305555555555555 0.28767361111111106 0.2387847222222222
6 0.32080439814814815 0.4117997685185185 0.27482638888888883 0.2293171296296297
6 0.13310185185185186 0.5554166666666667 0.23506944444444447 0.27354166666666657
6 0.12317708333333335 0.7094386574074074 0.2023726851851852 0.23424768518518527
6 0.3791956018518519 0.7223900462962962 0.27141203703703703 0.24256944444444456
6 0.22372685185185187 0.9134374999999999 0.2945891203703703 0.17244791666666687
6 0.5000289351851852 0.925457175925926 0.23964120370370362 0.14392361111111143
6 0.7116608796296295 0.8793460648148148 0.21325231481481488 0.23276620370370366
6 0.9139178240740741 0.8730439814814815 0.17216435185185192 0.2365972222222222
6 0.9742766203703704 0.9163368055555555 0.051446759259259164 0.15373842592592588
6 0.06125578703703703 0.26133680555555555 0.11365740740740742 0.2851388888888889
6 0.13585069444444445 0.08203125 0.2717013888888889 0.1640625