5 0.5109375 0.52109375 0.16171875 0.17421875
6 0.21796875 0.31171875 0.225 0.20625
6 0.5046875 0.2234375 0.21015625 0.203125
6 0.6703125 0.43359375 0.23515625 0.2265625
6 0.7359375 0.57265625 0.2046875 0.2140625
6 0.9125 0.4703125 0.175 0.2375
6 0.93359375 0.80234375 0.13203125 0.203125
6 0.7265625 0.82421875 0.22890625 0.1796875
6 0.4234375 0.7265625 0.259375 0.22265625
6 0.3109375 0.5171875 0.209375 0.20859375
6 0.75625 0.221875 0.2421875 0.24921875
6 0.89140625 0.10078125 0.21640625 0.20078125
6 0.153125 0.79453125 0.2171875 0.1984375
6 0.3125 0.9375 0.296875 0.125
6 0.6640625 0.965625 0.1875 0.06875
6 0.88125 0.95390625 0.2265625 0.0921875
6 0.415625 0.0671875 0.278125 0.134375
6 0.0546875 0.1078125 0.109375 0.215625
6 0.040625 0.33203125 0.08046875 0.1953125
6 0.0640625 0.56171875 0.128125 0.23125
6 0.01796875 0.77421875 0.0359375 0.15390625
6 0.08203125 0.93359375 0.1640625 0.1265625