5 0.5177372685185185 0.4966030092592593 0.16563078703703696 0.1634317129629629
6 0.3038136574074074 0.5123206018518519 0.24940393518518517 0.2307291666666666
6 0.36906249999999996 0.7487731481481481 0.2701909722222222 0.26336226851851857
6 0.6416203703703703 0.6812962962962963 0.2512094907407407 0.24718171296296293
6 0.70875 0.46436921296296296 0.2636400462962962 0.24286458333333344
6 0.8569328703703704 0.23175347222222223 0.28455439814814804 0.2840914351851852
6 0.6166782407407407 0.06377314814814815 0.2450752314814814 0.1275462962962963
6 0.3066261574074074 0.07533564814814815 0.2366898148148148 0.1506712962962963
6 0.06832175925925926 0.18008680555555556 0.1349537037037037 0.2538888888888889
6 0.06928819444444445 0.6146238425925926 0.12393518518518518 0.2480960648148148
6 0.9121730324074073 0.5769849537037037 0.17565393518518527 0.24682291666666673
6 0.8202025462962963 0.8651504629629629 0.25719328703703714 0.2293981481481481