5 0.4634317129629629 0.5239988425925926 0.24284143518518525 0.2470254629629629
6 0.6621701388888889 0.5821064814814815 0.27241319444444445 0.2991840277777779
6 0.8064872685185186 0.7651273148148148 0.2848032407407409 0.2585474537037037
6 0.2974363425925926 0.7332465277777778 0.2893576388888889 0.2696875
6 0.6400868055555555 0.21421296296296294 0.2834837962962963 0.2888541666666667
6 0.36581018518518515 0.12162615740740741 0.26755208333333336 0.2171527777777778
6 0.115625 0.11771412037037036 0.23125 0.23542824074074073
6 0.07097800925925926 0.36416666666666664 0.14195601851851852 0.29864583333333333
6 0.09216435185185186 0.7134837962962963 0.18432870370370372 0.26524884259259257
6 0.26927083333333335 0.2960763888888889 0.29435185185185186 0.2356770833333334
6 0.8972569444444444 0.11940393518518519 0.2054861111111112 0.15552083333333333
6 0.8181770833333333 0.4091724537037037 0.30631365740740757 0.26667245370370374
6 0.4442997685185185 0.8567607060185185 0.3047743055555555 0.2864785879629629
6 0.21686921296296297 0.9454875578703703 0.23741319444444448 0.10902488425925938
6 0.051012731481481485 0.91796875 0.10202546296296297 0.1640625
6 0.7928645833333334 0.9969733796296296 0.20498263888888885 0.006053240740740762
6 0.544849537037037 0.9695081018518519 0.24571759259259257 0.060983796296296335