5 0.5298668981481482 0.5134895833333333 0.1500694444444445 0.1604166666666666
6 0.7092881944444445 0.3230150462962963 0.22916087962962947 0.2695486111111111
6 0.4689699074074074 0.2904050925925926 0.24671296296296302 0.2626504629629629
6 0.9439453125 0.1154615162037037 0.112109375 0.2309230324074074
6 0.9892824074074074 0.37398148148148147 0.02143518518518519 0.22059027777777782
6 0.8896296296296295 0.6045138888888889 0.2207407407407409 0.23611111111111108
6 0.9511921296296297 0.843113425925926 0.09761574074074061 0.24947916666666678
6 0.7560590277777777 0.8221064814814815 0.2982696759259259 0.24975694444444443
6 0.5773495370370371 0.9586458333333333 0.2512731481481481 0.07604745370370374
6 0.8298379629629629 0.9724074074074075 0.20259259259259252 0.04523148148148124
6 0.31671875 0.9261863425925926 0.27258101851851857 0.14570601851851847
6 0.19359953703703703 0.7082523148148148 0.25728009259259255 0.25648148148148164
6 0.10636574074074075 0.8980439814814816 0.11828703703703702 0.20391203703703695
6 0.04495949074074074 0.6663657407407408 0.020289351851851857 0.1578935185185184
6 0.2237384259259259 0.26721064814814816 0.23306712962962967 0.2695775462962963
6 0.4067418981481481 0.07316550925925927 0.24473379629629619 0.14633101851851854
6 0.6290509259259259 0.013708043981481483 0.22294560185185192 0.027416087962962965
6 0.07111111111111111 0.03984375 0.14222222222222222 0.0796875
6 0.05447916666666667 0.2598668981481481 0.09326967592592592 0.2693229166666667