5 0.50234375 0.49296875 0.16796875 0.153125
6 0.3421875 0.31640625 0.2390625 0.22265625
6 0.671875 0.4453125 0.20078125 0.27421875
6 0.90625 0.534375 0.1875 0.21875
6 0.94609375 0.30390625 0.10703125 0.23984375
6 0.79609375 0.25546875 0.20625 0.20859375
6 0.6875 0.09296875 0.2046875 0.1859375
6 0.46328125 0.11953125 0.21796875 0.20703125
6 0.2453125 0.09296875 0.18671875 0.1859375
6 0.07734375 0.14765625 0.1546875 0.24765625
6 0.04609375 0.4671875 0.09140625 0.2125
6 0.09140625 0.69765625 0.1828125 0.1953125
6 0.2953125 0.61875 0.2171875 0.1953125
6 0.5296875 0.6515625 0.2421875 0.17421875
6 0.60390625 0.8171875 0.22890625 0.20234375
6 0.4 0.88125 0.22890625 0.20625
6 0.22265625 0.9640625 0.15234375 0.07109375
6 0.0765625 0.909375 0.153125 0.18125