5 0.49375 0.47358217592592594 0.1671875 0.17175925925925917
5 0.196875 0.05276331018518519 0.1 0.10552662037037037
6 0.13828125 0.6053819444444445 0.240625 0.27094907407407404
6 0.47421875 0.7804976851851851 0.225 0.24947916666666678
6 0.26015625 0.9049479166666667 0.2609375 0.1701099537037038
6 0.06171875 0.8985532407407408 0.1234375 0.20289351851851833
6 0.3765625 0.6517939814814815 0.2625 0.2725694444444445
6 0.27890625 0.46605902777777775 0.23515625 0.2807002314814815
6 0.075 0.3788194444444445 0.15 0.25173611111111105
6 0.14453125 0.30648148148148147 0.2390625 0.24817708333333338
6 0.0546875 0.14282407407407408 0.109375 0.2791956018518519
6 0.36953125 0.1382523148148148 0.2125 0.2579282407407407
6 0.4703125 0.10061487268518518 0.24609375 0.20122974537037036
6 0.46328125 0.0291015625 0.23046875 0.058203125
6 0.678125 0.014467592592592591 0.196875 0.028935185185185182
6 0.8484375 0.07743055555555556 0.225 0.15486111111111112
6 0.90625 0.06600115740740739 0.1875 0.13200231481481478
6 0.6359375 0.2974247685185185 0.21640625 0.24337384259259257
6 0.7390625 0.2710358796296296 0.2328125 0.2656828703703704
6 0.89765625 0.29131944444444446 0.2046875 0.316724537037037
6 0.9 0.6348958333333333 0.19921875 0.2569444444444445
6 0.6671875 0.5958912037037036 0.2484375 0.2801215277777779
6 0.721875 0.8363715277777779 0.22734375 0.23480902777777785
6 0.91171875 0.8824652777777778 0.1765625 0.1099537037037038