5 0.50234375 0.53828125 0.1984375 0.18515625
6 0.32578125 0.5078125 0.24453125 0.28828125
6 0.2546875 0.684375 0.26875 0.24296875
6 0.61875 0.84765625 0.25625 0.20703125
6 0.4203125 0.94609375 0.2515625 0.1078125
6 0.66328125 0.971875 0.2109375 0.05625
6 0.8515625 0.88984375 0.24140625 0.2203125
6 0.7 0.6265625 0.24609375 0.22421875
6 0.86484375 0.4984375 0.225 0.2125
6 0.8875 0.27578125 0.225 0.253125
6 0.80078125 0.090625 0.29765625 0.18125
6 0.96328125 0.0921875 0.0703125 0.184375
6 0.55546875 0.1015625 0.2390625 0.203125
6 0.36875 0.134375 0.21015625 0.26875
6 0.16796875 0.12109375 0.209375 0.221875
6 0.0359375 0.06640625 0.071875 0.13203125
6 0.04921875 0.25859375 0.09765625 0.19921875