5 0.51484375 0.4859375 0.1828125 0.20625
5 0.37734375 0.4984375 0.08046875 0.07890625
6 0.7546875 0.5109375 0.2734375 0.2109375
6 0.821875 0.31171875 0.2578125 0.24296875
6 0.9484375 0.17890625 0.103125 0.22578125
6 0.86953125 0.70078125 0.2609375 0.2234375
6 0.9203125 0.896875 0.159375 0.20625
6 0.6953125 0.95859375 0.18125 0.0828125
6 0.60390625 0.69375 0.2921875 0.2203125
6 0.48515625 0.8765625 0.234375 0.20078125
6 0.3359375 0.94375 0.221875 0.11171875
6 0.0578125 0.9609375 0.115625 0.078125
6 0.0796875 0.77890625 0.15859375 0.2546875
6 0.109375 0.65625 0.21796875 0.1796875
6 0.3046875 0.6234375 0.2265625 0.2390625
6 0.24765625 0.28125 0.23125 0.21640625
6 0.28671875 0.08359375 0.26171875 0.16640625
6 0.06328125 0.19765625 0.1265625 0.2171875
6 0.06328125 0.43828125 0.1265625 0.2609375
6 0.9484375 0.0265625 0.103125 0.053125