5 0.4963252314814815 0.4733043981481481 0.16044560185185192 0.18454282407407413
5 0.23159722222222223 0.6312847222222222 0.06996527777777777 0.09953703703703702
6 0.4854456018518519 0.6617881944444445 0.2786168981481481 0.23823495370370368
6 0.3205439814814815 0.8613773148148148 0.29227430555555556 0.249079861111111
6 0.8835358796296298 0.818929398148148 0.17757523148148166 0.24703124999999987
6 0.7122685185185185 0.30615740740740743 0.19962384259259275 0.23179976851851852
6 0.8679976851851852 0.20685185185185184 0.25532407407407404 0.2830324074074074
6 0.9521412037037038 0.0870847800925926 0.09568865740740762 0.1741695601851852
6 0.839380787037037 0.035698784722222224 0.22201967592592595 0.07139756944444445
6 0.5943287037037037 0.05684027777777778 0.28009259259259256 0.11368055555555556
6 0.4883391203703703 0.26786458333333335 0.23217592592592595 0.2264699074074074
6 0.2535011574074074 0.16619791666666667 0.23695023148148148 0.2501099537037037
6 0.06788194444444444 0.1203125 0.13576388888888888 0.240625
6 0.05454282407407407 0.3727025462962963 0.10908564814814814 0.23584490740740743
6 0.10452112268518518 0.6721701388888889 0.20904224537037036 0.2533159722222223
6 0.05399305555555556 0.8738194444444444 0.10798611111111112 0.2523611111111112