5 0.5078125 0.4403645833333333 0.18671875 0.23119791666666673
6 0.4171875 0.79953125 0.23671875 0.21656250000000005
6 0.72734375 0.8046354166666667 0.296875 0.27838541666666644
6 0.81953125 0.34067708333333335 0.24375 0.24437499999999995
6 0.6640625 0.0895703125 0.2453125 0.179140625
6 0.3625 0.11057291666666666 0.2578125 0.22114583333333332
6 0.24921875 0.34510416666666666 0.2421875 0.2544270833333334
6 0.95625 0.09809895833333333 0.0875 0.19619791666666667
6 0.978125 0.3090104166666666 0.04375 0.1677604166666667
6 0.96796875 0.53625 0.0640625 0.23552083333333335
6 0.95625 0.85421875 0.0875 0.16989583333333336
6 0.1171875 0.953125 0.23359375 0.09369791666666671
6 0.02890625 0.8676041666666666 0.0578125 0.22104166666666672
6 0.0671875 0.17911458333333333 0.134375 0.26598958333333333