5 0.61953125 0.55 0.09375 0.0875
5 0.4671875 0.5390625 0.25390625 0.21015625
5 0.425 0.28046875 0.075 0.10625
5 0.50859375 0.28828125 0.09140625 0.0875
5 0.946875 0.484375 0.10546875 0.1296875
6 0.90234375 0.3046875 0.1953125 0.221875
6 0.7 0.4515625 0.240625 0.2109375
6 0.734375 0.803125 0.20390625 0.221875
6 0.5453125 0.81015625 0.13515625 0.2265625
6 0.96953125 0.68125 0.0609375 0.153125
6 0.39765625 0.74140625 0.22890625 0.20234375
6 0.140625 0.759375 0.21796875 0.2125
6 0.22421875 0.50859375 0.22890625 0.20234375
6 0.32265625 0.27734375 0.20390625 0.21640625
6 0.21875 0.09453125 0.18671875 0.1859375
6 0.43203125 0.0734375 0.19453125 0.146875
6 0.65078125 0.1453125 0.2140625 0.20234375
6 0.940625 0.0578125 0.11875 0.115625
5 0.47265625 0.17109375 0.06484375 0.09296875