5 0.5015625 0.49765625 0.20390625 0.21640625
6 0.359375 0.3046875 0.21015625 0.20859375
6 0.6140625 0.321875 0.2765625 0.2453125
6 0.86015625 0.28984375 0.23828125 0.2515625
6 0.6546875 0.11796875 0.23515625 0.20234375
6 0.91328125 0.09375 0.1734375 0.1875
6 0.96875 0.5859375 0.0625 0.1640625
6 0.96171875 0.78515625 0.0765625 0.1640625
6 0.88828125 0.8984375 0.19453125 0.20234375
6 0.71015625 0.8140625 0.209375 0.18984375
6 0.5234375 0.921875 0.203125 0.15625
6 0.5109375 0.71484375 0.2265625 0.21796875
6 0.70546875 0.5859375 0.2265625 0.2296875
6 0.29921875 0.5578125 0.2171875 0.25078125
6 0.2125 0.82421875 0.23125 0.2109375
6 0.3046875 0.95859375 0.1921875 0.0828125
6 0.02890625 0.85546875 0.0578125 0.2203125
6 0.09375 0.67265625 0.1875 0.1953125
6 0.10546875 0.52421875 0.21015625 0.18984375
6 0.1015625 0.340625 0.203125 0.21875
6 0.08671875 0.1140625 0.1734375 0.228125
6 0.215625 0.0375 0.2515625 0.075
6 0.41875 0.01484375 0.1 0.0296875