5 0.4773032407407407 0.5315104166666667 0.17211805555555557 0.17631365740740748
5 0.01736689814814815 0.2934375 0.0347337962962963 0.08375000000000003
5 0.5227546296296296 0.31820023148148147 0.08678240740740736 0.08624999999999998
6 0.7657175925925925 0.2535532407407407 0.2653761574074073 0.2442303240740741
6 0.7067187500000001 0.5278877314814815 0.23468171296296295 0.2611284722222223
6 0.7474131944444444 0.6336053240740741 0.2508796296296296 0.2550694444444444
6 0.9190509259259259 0.5725578703703704 0.1384953703703701 0.25230902777777775
6 0.911082175925926 0.4453009259259259 0.16105902777777778 0.2505266203703703
6 0.9602083333333333 0.3456886574074074 0.06796296296296304 0.18807870370370372
6 0.9676793981481481 0.1199537037037037 0.06464120370370381 0.1286111111111111
6 0.8316782407407407 0.08763310185185186 0.20539351851851856 0.08859953703703705
6 0.528443287037037 0.15262152777777777 0.2613078703703703 0.2385300925925926
6 0.2727546296296296 0.0920775462962963 0.27011574074074074 0.16730324074074074
6 0.11068865740740741 0.19986689814814812 0.21606481481481485 0.2381886574074074
6 0.21804398148148146 0.4065798611111111 0.2584143518518518 0.24615740740740738
6 0.3763773148148148 0.34552662037037035 0.20834490740740738 0.24085069444444454
6 0.07336371527777777 0.48201967592592593 0.14672743055555554 0.2421180555555555
6 0.13881944444444444 0.7031944444444445 0.22067129629629628 0.28837384259259247
6 0.39391203703703703 0.7574421296296296 0.2622048611111111 0.24248263888888885
6 0.7165972222222223 0.854826388888889 0.2816203703703703 0.2397337962962965
6 0.8733912037037037 0.8759548611111111 0.21145833333333358 0.24809027777777787
6 0.9431944444444443 0.9086371527777779 0.068472222222222 0.18272569444444428
6 0.609994212962963 0.97 0.2456539351851852 0.060000000000000143
6 0.33111689814814815 0.9349927662037036 0.21834490740740745 0.1300144675925928
6 0.11527777777777777 0.9338252314814814 0.23055555555555554 0.13234953703703703